#timestamp [ns], temperature [degC], w_RS_S_x [rad s^-1], w_RS_S_y [rad s^-1], w_RS_S_z [rad s^-1], a_RS_S_x [m s^-2], a_RS_S_y [m s^-2], a_RS_S_z [m s^-2]
0,22.79,0.0,0.0,0.0,0.04905,0.17658,9.80019
5050505,22.79,0.0,0.0,0.0,0.04905,0.18639,9.79038
10101010,22.79,0.0,0.0,0.0,0.009810000000000001,0.15696000000000002,9.78057
15151515,22.79,0.0,0.0,0.0,0.02943,0.15696000000000002,9.79038
20202020,22.79,0.0,0.0,0.0,0.019620000000000002,0.15696000000000002,9.81
25252525,22.79,0.0,0.0,0.0,0.02943,0.14715,9.82962
30303030,22.79,0.0,0.0,0.0,0.02943,0.14715,9.80019
35353535,22.79,0.0,0.0,0.0,0.019620000000000002,0.14715,9.80019
40404040,22.79,0.0,0.0,0.0,0.039240000000000004,0.16677000000000003,9.80019
45454545,22.79,0.0,0.0,0.0,0.019620000000000002,0.17658,9.79038
50505050,22.79,0.0,0.0,0.0,0.019620000000000002,0.16677000000000003,9.80019
55555555,22.79,0.0,0.0,0.0,0.009810000000000001,0.13734000000000002,9.79038
60606060,22.79,0.0,0.0,0.0,0.02943,0.15696000000000002,9.81
65656565,22.79,0.0,0.0,0.0,0.039240000000000004,0.14715,9.81
70707070,22.79,0.0,0.0,0.0,0.019620000000000002,0.12753,9.81
75757575,22.79,0.0,0.0,0.0,0.02943,0.14715,9.80019
80808080,22.79,0.0,0.0,0.0,0.019620000000000002,0.14715,9.81
85858585,22.79,0.0,0.0,0.0,0.02943,0.17658,9.80019
90909090,22.79,0.0,0.0,0.0,0.039240000000000004,0.1962,9.80019
95959595,22.79,0.0,0.0,0.0,0.05886,0.15696000000000002,9.80019
101010100,22.79,0.0,0.0,0.0,0.009810000000000001,0.15696000000000002,9.79038
106060605,22.79,0.0,0.0,0.0,0.02943,0.15696000000000002,9.79038
111111110,22.79,0.0,0.0,0.0,0.019620000000000002,0.16677000000000003,9.78057
116161615,22.79,0.0,0.0,0.0,0.019620000000000002,0.12753,9.79038
121212120,22.79,0.0,0.0,0.0,0.039240000000000004,0.16677000000000003,9.80019
126262625,22.79,0.0,0.0,0.0,0.019620000000000002,0.15696000000000002,9.80019
131313130,22.79,0.0,0.0,0.0,0.039240000000000004,0.16677000000000003,9.760950000000001
136363635,22.79,0.0,0.0,0.0,0.019620000000000002,0.16677000000000003,9.81
141414140,22.79,0.0,0.0,0.0,0.02943,0.14715,9.80019
146464645,22.79,0.0,0.0,0.0,0.019620000000000002,0.14715,9.80019
151515150,22.79,0.0,0.0,0.0,0.039240000000000004,0.13734000000000002,9.81
156565655,22.79,0.0,0.0,0.0,0.019620000000000002,0.14715,9.80019
161616160,22.79,0.0,0.0,0.0,0.019620000000000002,0.13734000000000002,9.81
166666665,22.79,0.0,0.0,0.0,0.04905,0.15696000000000002,9.80019
171717170,22.79,0.0,0.0,0.0,0.0,0.16677000000000003,9.80019
176767675,22.79,0.0,0.0,0.0,0.0,0.16677000000000003,9.78057
181818180,22.79,0.0,0.0,0.0,0.04905,0.15696000000000002,9.82962
186868685,22.79,0.0,0.0,0.0,0.009810000000000001,0.14715,9.819809999999999
191919190,22.79,0.0,0.0,0.0,0.04905,0.13734000000000002,9.79038
196969695,22.79,0.0,0.0,0.0,0.02943,0.13734000000000002,9.79038
202020200,22.79,0.0,0.0,0.0,0.009810000000000001,0.15696000000000002,9.80019
207070705,22.79,0.0,0.0,0.0,0.02943,0.14715,9.80019
212121210,22.79,0.0,0.0,0.0,0.02943,0.16677000000000003,9.78057
217171715,22.79,0.0,0.0,0.0,0.0,0.15696000000000002,9.79038
222222220,22.79,0.0,0.0,0.0,0.0,0.12753,9.81
227272725,22.79,0.0,0.0,0.0,0.009810000000000001,0.16677000000000003,9.82962
232323230,22.79,0.0,0.0,0.0,0.009810000000000001,0.14715,9.81
237373735,22.79,0.0,0.0,0.0,0.019620000000000002,0.13734000000000002,9.819809999999999
242424240,22.79,0.0,0.0,0.0,0.02943,0.14715,9.79038
247474745,22.79,0.0,0.0,0.0,0.039240000000000004,0.14715,9.81
252525250,22.79,0.0,0.0,0.0,0.009810000000000001,0.16677000000000003,9.81
257575755,22.79,0.0,0.0,0.0,0.02943,0.15696000000000002,9.81
262626260,22.79,0.0,0.0,0.0,0.019620000000000002,0.16677000000000003,9.81
267676765,22.79,0.0,0.0,0.0,0.009810000000000001,0.15696000000000002,9.81
272727270,22.79,0.0,0.0,0.0,0.0,0.16677000000000003,9.81
277777775,22.79,0.0,0.0,0.0,0.019620000000000002,0.14715,9.81
282828280,22.79,0.0,0.0,0.0,0.009810000000000001,0.16677000000000003,9.819809999999999
287878785,22.79,0.0,0.0,0.0,0.039240000000000004,0.14715,9.78057
292929290,22.79,0.0,0.0,0.0,0.019620000000000002,0.15696000000000002,9.80019
297979795,22.79,0.0,0.0,0.0,0.009810000000000001,0.18639,9.81
303030300,22.79,0.0,0.0,0.0,0.019620000000000002,0.16677000000000003,9.79038
308080805,22.79,0.0,0.0,0.0,0.009810000000000001,0.15696000000000002,9.80019
313131310,22.79,0.0,0.0,0.0,0.019620000000000002,0.14715,9.819809999999999
318181815,22.79,0.0,0.0,0.0,0.009810000000000001,0.17658,9.80019
323232320,22.79,0.0,0.0,0.0,0.019620000000000002,0.14715,9.80019
328282825,22.79,0.0,0.0,0.0,0.02943,0.18639,9.81
333333330,22.79,0.0,0.0,0.0,0.019620000000000002,0.15696000000000002,9.80019
338383835,22.79,0.0,0.0,0.0,0.019620000000000002,0.15696000000000002,9.79038
343434340,22.79,0.0,0.0,0.0,0.039240000000000004,0.13734000000000002,9.80019
348484845,22.79,0.0,0.0,0.0,0.039240000000000004,0.15696000000000002,9.81
353535350,22.79,0.0,0.0,0.0,0.009810000000000001,0.14715,9.81
358585855,22.79,0.0,0.0,0.0,0.02943,0.13734000000000002,9.81
363636360,22.79,0.0,0.0,0.0,0.039240000000000004,0.14715,9.819809999999999
368686865,22.79,0.0,0.0,0.0,0.02943,0.14715,9.80019
373737370,22.79,0.0,0.0,0.0,0.039240000000000004,0.17658,9.78057
378787875,22.79,0.0,0.0,0.0,0.05886,0.16677000000000003,9.81
383838380,22.79,0.0,0.0,0.0,0.04905,0.14715,9.80019
388888885,22.79,0.0,0.0,0.0,0.02943,0.12753,9.79038
393939390,22.79,0.0,0.0,0.0,0.019620000000000002,0.15696000000000002,9.82962
398989895,22.79,0.0,0.0,0.0,0.019620000000000002,0.16677000000000003,9.80019
404040400,22.79,0.0,0.0,0.0,0.019620000000000002,0.14715,9.78057
409090905,22.79,0.0,0.0,0.0,0.02943,0.15696000000000002,9.770760000000001
414141410,22.79,0.0,0.0,0.0,0.039240000000000004,0.16677000000000003,9.79038
419191915,22.79,0.0,0.0,0.0,0.019620000000000002,0.18639,9.80019
424242420,22.79,0.0,0.0,0.0,0.02943,0.16677000000000003,9.79038
429292925,22.79,0.0,0.0,0.0,0.039240000000000004,0.13734000000000002,9.81
434343430,22.79,0.0,0.0,0.0,0.039240000000000004,0.13734000000000002,9.819809999999999
439393935,22.79,0.0,0.0,0.0,0.0,0.13734000000000002,9.79038
444444440,22.79,0.0,0.0,0.0,0.0,0.15696000000000002,9.81
449494945,22.79,0.0,0.0,0.0,0.02943,0.15696000000000002,9.80019
454545450,22.79,0.0,0.0,0.0,0.0,0.17658,9.81
459595955,22.79,0.0,0.0,0.0,0.019620000000000002,0.16677000000000003,9.79038
464646460,22.79,0.0,0.0,0.0,0.039240000000000004,0.16677000000000003,9.81
469696965,22.79,0.0,0.0,0.0,0.019620000000000002,0.12753,9.80019
474747470,22.79,0.0,0.0,0.0,0.02943,0.13734000000000002,9.78057
479797975,22.79,0.0,0.0,0.0,0.0,0.0981,9.80019
484848480,22.79,0.0,0.0,0.0,0.019620000000000002,0.15696000000000002,9.79038
489898985,22.79,0.0,0.0,0.0,0.019620000000000002,0.16677000000000003,9.80019
494949490,22.79,0.0,0.0,0.0,0.05886,0.18639,9.81
499999995,22.79,0.0,0.0,0.0,0.039240000000000004,0.15696000000000002,9.82962
505050500,22.79,0.0,0.0,0.0,0.02943,0.14715,9.79038
510101005,22.79,0.0,0.0,0.0,0.009810000000000001,0.13734000000000002,9.79038
515151510,22.79,0.0,0.0,0.0,0.039240000000000004,0.12753,9.80019
520202015,22.79,0.0,0.0,0.0,0.02943,0.16677000000000003,9.81
525252520,22.79,0.0,0.0,0.0,0.02943,0.15696000000000002,9.819809999999999
530303025,22.79,0.0,0.0,0.0,0.02943,0.16677000000000003,9.81
535353530,22.79,0.0,0.0,0.0,0.02943,0.16677000000000003,9.81
540404035,22.79,0.0,0.0,0.0,0.04905,0.16677000000000003,9.79038
545454540,22.79,0.0,0.0,0.0,0.02943,0.15696000000000002,9.79038
550505045,22.79,0.0,0.0,0.0,0.0,0.13734000000000002,9.79038
555555550,22.79,0.0,0.0,0.0,0.0,0.14715,9.80019
560606055,22.79,0.0,0.0,0.0,0.019620000000000002,0.14715,9.79038
565656560,22.79,0.0,0.0,0.0,0.019620000000000002,0.16677000000000003,9.81
570707065,22.79,0.0,0.0,0.0,0.009810000000000001,0.16677000000000003,9.81
575757570,22.79,0.0,0.0,0.0,0.02943,0.15696000000000002,9.80019
580808075,22.79,0.0,0.0,0.0,0.02943,0.15696000000000002,9.78057
585858580,22.79,0.0,0.0,0.0,0.04905,0.16677000000000003,9.79038
590909085,22.79,0.0,0.0,0.0,0.019620000000000002,0.15696000000000002,9.81
595959590,22.79,0.0,0.0,0.0,0.02943,0.14715,9.81
601010095,22.79,0.0,0.0,0.0,0.019620000000000002,0.13734000000000002,9.819809999999999
606060600,22.79,0.0,0.0,0.0,0.02943,0.14715,9.81
611111105,22.79,0.0,0.0,0.0,0.019620000000000002,0.16677000000000003,9.80019
616161610,22.79,0.0,0.0,0.0,0.02943,0.13734000000000002,9.80019
621212115,22.79,0.0,0.0,0.0,0.039240000000000004,0.17658,9.79038
626262620,22.79,0.0,0.0,0.0,0.02943,0.16677000000000003,9.79038
631313125,22.79,0.0,0.0,0.0,0.039240000000000004,0.16677000000000003,9.84924
636363630,22.79,0.0,0.0,0.0,0.02943,0.15696000000000002,9.81
641414135,22.79,0.0,0.0,0.0,0.02943,0.16677000000000003,9.81
646464640,22.79,0.0,0.0,0.0,0.019620000000000002,0.11772,9.81
651515145,22.79,0.0,0.0,0.0,0.019620000000000002,0.13734000000000002,9.80019
656565650,22.79,0.0,0.0,0.0,0.02943,0.18639,9.80019
661616155,22.79,0.0,0.0,0.0,0.019620000000000002,0.16677000000000003,9.770760000000001
666666660,22.79,0.0,0.0,0.0,0.05886,0.15696000000000002,9.80019
671717165,22.79,0.0,0.0,0.0,0.039240000000000004,0.14715,9.80019
676767670,22.79,0.0,0.0,0.0,0.039240000000000004,0.14715,9.80019
681818175,22.79,0.0,0.0,0.0,0.019620000000000002,0.13734000000000002,9.81
686868680,22.79,0.0,0.0,0.0,0.019620000000000002,0.14715,9.819809999999999
691919185,22.79,0.0,0.0,0.0,0.019620000000000002,0.17658,9.81
696969690,22.79,0.0,0.0,0.0,0.009810000000000001,0.20601000000000003,9.81
702020195,22.79,0.0,0.0,0.0,0.02943,0.18639,9.770760000000001
707070700,22.79,0.0,0.0,0.0,0.02943,0.20601000000000003,9.78057
712121205,22.79,0.0,0.0,0.0,0.009810000000000001,0.13734000000000002,9.79038
717171710,22.79,0.0,0.0,0.0,0.009810000000000001,0.12753,9.78057
722222215,22.79,0.0,0.0,0.0,0.019620000000000002,0.12753,9.81
727272720,22.79,0.0,0.0,0.0,0.019620000000000002,0.14715,9.81
732323225,22.79,0.0,0.0,0.0,0.019620000000000002,0.20601000000000003,9.81
737373730,22.79,0.0,0.0,0.0,0.039240000000000004,0.18639,9.81
742424235,22.79,0.0,0.0,0.0,0.039240000000000004,0.16677000000000003,9.760950000000001
747474740,22.79,0.0,0.0,0.0,0.04905,0.15696000000000002,9.78057
752525245,22.79,0.0,0.0,0.0,0.02943,0.17658,9.81
757575750,22.79,0.0,0.0,0.0,0.009810000000000001,0.16677000000000003,9.819809999999999
762626255,22.79,0.0,0.0,0.0,0.009810000000000001,0.12753,9.819809999999999
767676760,22.79,0.0,0.0,0.0,0.019620000000000002,0.12753,9.819809999999999
772727265,22.79,0.0,0.0,0.0,0.02943,0.15696000000000002,9.81
777777770,22.79,0.0,0.0,0.0,0.019620000000000002,0.15696000000000002,9.79038
782828275,22.79,0.0,0.0,0.0,0.019620000000000002,0.18639,9.770760000000001
787878780,22.79,0.0,0.0,0.0,0.039240000000000004,0.17658,9.770760000000001
792929285,22.79,0.0,0.0,0.0,0.02943,0.14715,9.79038
797979790,22.79,0.0,0.0,0.0,0.019620000000000002,0.14715,9.819809999999999
803030295,22.79,0.0,0.0,0.0,0.02943,0.11772,9.80019
808080800,22.79,0.0,0.0,0.0,0.02943,0.12753,9.79038
813131305,22.79,0.0,0.0,0.0,0.0,0.14715,9.81
818181810,22.79,0.0,0.0,0.0,0.019620000000000002,0.16677000000000003,9.770760000000001
823232315,22.79,0.0,0.0,0.0,0.04905,0.15696000000000002,9.78057
828282820,22.79,0.0,0.0,0.0,0.04905,0.1962,9.81
833333325,22.79,0.0,0.0,0.0,0.039240000000000004,0.16677000000000003,9.81
838383830,22.79,0.0,0.0,0.0,0.02943,0.15696000000000002,9.819809999999999
843434335,22.79,0.0,0.0,0.0,0.039240000000000004,0.12753,9.80019
848484840,22.79,0.0,0.0,0.0,0.02943,0.12753,9.80019
853535345,22.79,0.0,0.0,0.0,0.02943,0.12753,9.80019
858585850,22.79,0.0,0.0,0.0,0.02943,0.17658,9.82962
863636355,22.79,0.0,0.0,0.0,0.039240000000000004,0.17658,9.80019
868686860,22.79,0.0,0.0,0.0,0.019620000000000002,0.16677000000000003,9.80019
873737365,22.79,0.0,0.0,0.0,0.04905,0.15696000000000002,9.79038
878787870,22.79,0.0,0.0,0.0,0.019620000000000002,0.14715,9.81
883838375,22.79,0.0,0.0,0.0,0.019620000000000002,0.13734000000000002,9.79038
888888880,22.79,0.0,0.0,0.0,0.009810000000000001,0.12753,9.80019
893939385,22.79,0.0,0.0,0.0,0.02943,0.14715,9.81
898989890,22.79,0.0,0.0,0.0,0.02943,0.15696000000000002,9.80019
904040395,22.79,0.0,0.0,0.0,0.039240000000000004,0.16677000000000003,9.79038
909090900,22.79,0.0,0.0,0.0,0.04905,0.13734000000000002,9.79038
914141405,22.79,0.0,0.0,0.0,0.04905,0.16677000000000003,9.78057
919191910,22.79,0.0,0.0,0.0,0.0,0.13734000000000002,9.80019
924242415,22.79,0.0,0.0,0.0,0.009810000000000001,0.13734000000000002,9.819809999999999
929292920,22.79,0.0,0.0,0.0,0.02943,0.15696000000000002,9.81
934343425,22.79,0.0,0.0,0.0,0.039240000000000004,0.14715,9.80019
939393930,22.79,0.0,0.0,0.0,0.039240000000000004,0.15696000000000002,9.80019
944444435,22.79,0.0,0.0,0.0,0.019620000000000002,0.14715,9.78057
949494940,22.79,0.0,0.0,0.0,0.019620000000000002,0.14715,9.770760000000001
954545445,22.79,0.0,0.0,0.0,0.04905,0.16677000000000003,9.78057
959595950,22.79,0.0,0.0,0.0,0.02943,0.16677000000000003,9.81
964646455,22.79,0.0,0.0,0.0,0.009810000000000001,0.15696000000000002,9.82962
969696960,22.79,0.0,0.0,0.0,0.02943,0.16677000000000003,9.81
974747465,22.79,0.0,0.0,0.0,0.009810000000000001,0.15696000000000002,9.81
979797970,21.4,0.0,0.0,0.0,0.0,0.17658,9.79038
984848475,21.4,0.0,0.0,0.0,0.02943,0.15696000000000002,9.770760000000001
989898980,21.4,0.0,0.0,0.0,0.04905,0.17658,9.79038
994949485,21.4,0.0,0.0,0.0,0.009810000000000001,0.17658,9.79038
999999990,21.4,0.0,0.0,0.0,0.019620000000000002,0.16677000000000003,9.79038
1005050495,21.4,0.0,0.0,0.0,0.02943,0.13734000000000002,9.80019
1010101000,21.4,0.0,0.0,0.0,0.02943,0.12753,9.819809999999999
1015151505,21.4,0.0,0.0,0.0,0.019620000000000002,0.17658,9.81
1020202010,21.4,0.0,0.0,0.0,0.039240000000000004,0.17658,9.79038
1025252515,21.4,0.0,0.0,0.0,0.039240000000000004,0.16677000000000003,9.80019
1030303020,21.4,0.0,0.0,0.0,0.02943,0.16677000000000003,9.78057
1035353525,21.4,0.0,0.0,0.0,0.019620000000000002,0.17658,9.78057
1040404030,21.4,0.0,0.0,0.0,0.019620000000000002,0.16677000000000003,9.79038
1045454535,21.4,0.0,0.0,0.0,0.019620000000000002,0.13734000000000002,9.79038
1050505040,21.4,0.0,0.0,0.0,0.019620000000000002,0.13734000000000002,9.79038
1055555545,21.4,0.0,0.0,0.0,0.009810000000000001,0.14715,9.81
1060606050,21.4,0.0,0.0,0.0,0.05886,0.14715,9.81
1065656555,21.4,0.0,0.0,0.0,0.0,0.16677000000000003,9.81
1070707060,21.4,0.0,0.0,0.0,0.019620000000000002,0.20601000000000003,9.79038
1075757565,21.4,0.0,0.0,0.0,0.039240000000000004,0.16677000000000003,9.79038
1080808070,21.4,0.0,0.0,0.0,0.039240000000000004,0.13734000000000002,9.79038
1085858575,21.4,0.0,0.0,0.0,0.019620000000000002,0.10791,9.79038
1090909080,21.4,0.0,0.0,0.0,0.02943,0.13734000000000002,9.819809999999999
1095959585,21.4,0.0,0.0,0.0,0.0,0.12753,9.819809999999999
1101010090,21.4,0.0,0.0,0.0,0.019620000000000002,0.15696000000000002,9.80019
1106060595,21.4,0.0,0.0,0.0,0.04905,0.16677000000000003,9.79038
1111111100,21.4,0.0,0.0,0.0,0.039240000000000004,0.16677000000000003,9.79038
1116161605,21.4,0.0,0.0,0.0,0.019620000000000002,0.1962,9.79038
1121212110,21.4,0.0,0.0,0.0,0.009810000000000001,0.15696000000000002,9.819809999999999
1126262615,21.4,0.0,0.0,0.0,0.009810000000000001,0.12753,9.80019
1131313120,21.4,0.0,0.0,0.0,0.019620000000000002,0.15696000000000002,9.80019
1136363625,21.4,0.0,0.0,0.0,0.019620000000000002,0.14715,9.80019
1141414130,21.4,0.0,0.0,0.0,0.02943,0.15696000000000002,9.81
1146464635,21.4,0.0,0.0,0.0,0.02943,0.12753,9.78057
1151515140,21.4,0.0,0.0,0.0,0.039240000000000004,0.15696000000000002,9.79038
1156565645,21.4,0.0,0.0,0.0,0.019620000000000002,0.16677000000000003,9.81
1161616150,21.4,0.0,0.0,0.0,0.039240000000000004,0.15696000000000002,9.819809999999999
1166666655,21.4,0.0,0.0,0.0,0.019620000000000002,0.16677000000000003,9.81
1171717160,21.4,0.0,0.0,0.0,0.009810000000000001,0.12753,9.81
1176767665,21.4,0.0,0.0,0.0,0.02943,0.13734000000000002,9.80019
1181818170,21.4,0.0,0.0,0.0,0.019620000000000002,0.13734000000000002,9.79038
1186868675,21.4,0.0,0.0,0.0,0.02943,0.15696000000000002,9.79038
1191919180,21.4,0.0,0.0,0.0,0.019620000000000002,0.17658,9.78057
1196969685,21.4,0.0,0.0,0.0,0.039240000000000004,0.16677000000000003,9.80019
1202020190,21.4,0.0,0.0,0.0,0.02943,0.17658,9.81
1207070695,21.4,0.0,0.0,0.0,0.019620000000000002,0.15696000000000002,9.80019
1212121200,21.4,0.0,0.0,0.0,0.02943,0.15696000000000002,9.81
1217171705,21.4,0.0,0.0,0.0,0.019620000000000002,0.14715,9.80019
1222222210,21.4,0.0,0.0,0.0,0.02943,0.13734000000000002,9.81
1227272715,21.4,0.0,0.0,0.0,0.02943,0.18639,9.819809999999999
1232323220,21.4,0.0,0.0,0.0,0.02943,0.15696000000000002,9.79038
1237373725,21.4,0.0,0.0,0.0,0.019620000000000002,0.16677000000000003,9.79038
1242424230,21.4,0.0,0.0,0.0,0.02943,0.17658,9.79038
1247474735,21.4,0.0,0.0,0.0,0.02943,0.13734000000000002,9.819809999999999
1252525240,21.4,0.0,0.0,0.0,0.0,0.12753,9.80019
1257575745,21.4,0.0,0.0,0.0,0.009810000000000001,0.13734000000000002,9.80019
1262626250,21.4,0.0,0.0,0.0,0.009810000000000001,0.14715,9.81
1267676755,21.4,0.0,0.0,0.0,0.019620000000000002,0.15696000000000002,9.80019
1272727260,21.4,0.0,0.0,0.0,0.039240000000000004,0.16677000000000003,9.79038
1277777765,21.4,0.0,0.0,0.0,0.019620000000000002,0.14715,9.78057
1282828270,21.4,0.0,0.0,0.0,0.02943,0.17658,9.79038
1287878775,21.4,0.0,0.0,0.0,0.039240000000000004,0.14715,9.81
1292929280,21.4,0.0,0.0,0.0,0.019620000000000002,0.13734000000000002,9.83943
1297979785,21.4,0.0,0.0,0.0,0.039240000000000004,0.14715,9.84924
1303030290,21.4,0.0,0.0,0.0,0.009810000000000001,0.15696000000000002,9.80019
1308080795,21.4,0.0,0.0,0.0,0.04905,0.16677000000000003,9.80019
1313131300,21.4,0.0,0.0,0.0,0.009810000000000001,0.15696000000000002,9.78057
1318181805,21.4,0.0,0.0,0.0,0.02943,0.14715,9.81
1323232310,21.4,0.0,0.0,0.0,0.019620000000000002,0.15696000000000002,9.79038
1328282815,21.4,0.0,0.0,0.0,0.009810000000000001,0.15696000000000002,9.81
1333333320,21.4,0.0,0.0,0.0,0.039240000000000004,0.16677000000000003,9.81
1338383825,21.4,0.0,0.0,0.0,0.019620000000000002,0.15696000000000002,9.819809999999999
1343434330,21.4,0.0,0.0,0.0,0.009810000000000001,0.15696000000000002,9.81
1348484835,21.4,0.0,0.0,0.0,0.039240000000000004,0.13734000000000002,9.78057
1353535340,21.4,0.0,0.0,0.0,0.009810000000000001,0.16677000000000003,9.770760000000001
1358585845,21.4,0.0,0.0,0.0,0.019620000000000002,0.16677000000000003,9.770760000000001
1363636350,21.4,0.0,0.0,0.0,0.019620000000000002,0.17658,9.81
1368686855,21.4,0.0,0.0,0.0,0.04905,0.17658,9.81
1373737360,21.4,0.0,0.0,0.0,0.039240000000000004,0.14715,9.81
1378787865,21.4,0.0,0.0,0.0,0.039240000000000004,0.12753,9.80019
1383838370,21.4,0.0,0.0,0.0,0.019620000000000002,0.11772,9.770760000000001
1388888875,21.4,0.0,0.0,0.0,0.009810000000000001,0.14715,9.78057
1393939380,21.4,0.0,0.0,0.0,0.009810000000000001,0.16677000000000003,9.81
1398989885,21.4,0.0,0.0,0.0,0.02943,0.18639,9.82962
1404040390,21.4,0.0,0.0,0.0,0.04905,0.15696000000000002,9.80019
1409090895,21.4,0.0,0.0,0.0,0.02943,0.16677000000000003,9.79038
1414141400,21.4,0.0,0.0,0.0,0.009810000000000001,0.14715,9.80019
1419191905,21.4,0.0,0.0,0.0,0.0,0.11772,9.79038
1424242410,21.4,0.0,0.0,0.0,0.009810000000000001,0.15696000000000002,9.80019
1429292915,21.4,0.0,0.0,0.0,0.019620000000000002,0.17658,9.78057
1434343420,21.4,0.0,0.0,0.0,0.019620000000000002,0.15696000000000002,9.81
1439393925,21.4,0.0,0.0,0.0,0.02943,0.17658,9.79038
1444444430,21.4,0.0,0.0,0.0,0.039240000000000004,0.14715,9.80019
1449494935,21.4,0.0,0.0,0.0,0.05886,0.14715,9.78057
1454545440,21.4,0.0,0.0,0.0,0.04905,0.13734000000000002,9.79038
1459595945,21.4,0.0,0.0,0.0,0.02943,0.13734000000000002,9.80019
1464646450,21.4,0.0,0.0,0.0,0.0,0.13734000000000002,9.81
1469696955,21.4,0.0,0.0,0.0,0.039240000000000004,0.18639,9.84924
1474747460,21.4,0.0,0.0,0.0,0.02943,0.15696000000000002,9.79038
1479797965,21.4,0.0,0.0,0.0,0.04905,0.16677000000000003,9.81
1484848470,21.4,0.0,0.0,0.0,0.039240000000000004,0.15696000000000002,9.78057
1489898975,21.4,0.0,0.0,0.0,0.04905,0.14715,9.819809999999999
1494949480,21.4,0.0,0.0,0.0,0.02943,0.15696000000000002,9.81
1499999985,21.4,0.0,0.0,0.0,0.019620000000000002,0.13734000000000002,9.79038
1505050490,21.4,0.0,0.0,0.0,0.019620000000000002,0.17658,9.81
1510100995,21.4,0.0,0.0,0.0,0.019620000000000002,0.16677000000000003,9.80019
1515151500,21.4,0.0,0.0,0.0,0.02943,0.13734000000000002,9.79038
1520202005,21.4,0.0,0.0,0.0,0.0,0.14715,9.79038
1525252510,21.4,0.0,0.0,0.0,0.02943,0.14715,9.79038
1530303015,21.4,0.0,0.0,0.0,0.04905,0.16677000000000003,9.78057
1535353520,21.4,0.0,0.0,0.0,0.039240000000000004,0.15696000000000002,9.81
1540404025,21.4,0.0,0.0,0.0,0.05886,0.15696000000000002,9.819809999999999
1545454530,21.4,0.0,0.0,0.0,0.009810000000000001,0.13734000000000002,9.81
1550505035,21.4,0.0,0.0,0.0,0.019620000000000002,0.13734000000000002,9.78057
1555555540,21.4,0.0,0.0,0.0,0.009810000000000001,0.16677000000000003,9.81
1560606045,21.4,0.0,0.0,0.0,0.02943,0.17658,9.81
1565656550,21.4,0.0,0.0,0.0,0.019620000000000002,0.16677000000000003,9.819809999999999
1570707055,21.4,0.0,0.0,0.0,0.04905,0.17658,9.82962
1575757560,21.4,0.0,0.0,0.0,0.0,0.16677000000000003,9.81
1580808065,21.4,0.0,0.0,0.0,0.02943,0.14715,9.79038
1585858570,21.4,0.0,0.0,0.0,0.019620000000000002,0.14715,9.80019
1590909075,21.4,0.0,0.0,0.0,0.02943,0.14715,9.82962
1595959580,21.4,0.0,0.0,0.0,0.039240000000000004,0.15696000000000002,9.81
1601010085,21.4,0.0,0.0,0.0,0.02943,0.18639,9.78057
1606060590,21.4,0.0,0.0,0.0,0.02943,0.17658,9.79038
1611111095,21.4,0.0,0.0,0.0,0.02943,0.15696000000000002,9.81
1616161600,21.4,0.0,0.0,0.0,0.009810000000000001,0.14715,9.81
1621212105,21.4,0.0,0.0,0.0,0.019620000000000002,0.14715,9.78057
1626262610,21.4,0.0,0.0,0.0,0.0,0.15696000000000002,9.81
1631313115,21.4,0.0,0.0,0.0,0.0,0.15696000000000002,9.82962
1636363620,21.4,0.0,0.0,0.0,0.02943,0.17658,9.81
1641414125,21.4,0.0,0.0,0.0,0.039240000000000004,0.15696000000000002,9.81
1646464630,21.4,0.0,0.0,0.0,0.039240000000000004,0.17658,9.79038
1651515135,21.4,0.0,0.0,0.0,0.039240000000000004,0.16677000000000003,9.78057
1656565640,21.4,0.0,0.0,0.0,0.0,0.15696000000000002,9.79038
1661616145,21.4,0.0,0.0,0.0,0.02943,0.14715,9.81
1666666650,21.4,0.0,0.0,0.0,0.02943,0.15696000000000002,9.80019
1671717155,21.4,0.0,0.0,0.0,0.019620000000000002,0.16677000000000003,9.819809999999999
1676767660,21.4,0.0,0.0,0.0,0.02943,0.18639,9.78057
1681818165,21.4,0.0,0.0,0.0,0.039240000000000004,0.16677000000000003,9.79038
1686868670,21.4,0.0,0.0,0.0,0.009810000000000001,0.17658,9.78057
1691919175,21.4,0.0,0.0,0.0,0.039240000000000004,0.17658,9.80019
1696969680,21.4,0.0,0.0,0.0,0.039240000000000004,0.14715,9.819809999999999
1702020185,21.4,0.0,0.0,0.0,0.009810000000000001,0.15696000000000002,9.81
1707070690,21.4,0.0,0.0,0.0,0.039240000000000004,0.14715,9.80019
1712121195,21.4,0.0,0.0,0.0,0.02943,0.13734000000000002,9.819809999999999
1717171700,21.4,0.0,0.0,0.0,0.019620000000000002,0.14715,9.770760000000001
1722222205,21.4,0.0,0.0,0.0,0.039240000000000004,0.15696000000000002,9.79038
1727272710,21.4,0.0,0.0,0.0,0.0,0.15696000000000002,9.80019
1732323215,21.4,0.0,0.0,0.0,0.039240000000000004,0.16677000000000003,9.81
1737373720,21.4,0.0,0.0,0.0,0.02943,0.16677000000000003,9.80019
1742424225,21.4,0.0,0.0,0.0,0.009810000000000001,0.14715,9.81
1747474730,21.4,0.0,0.0,0.0,0.02943,0.13734000000000002,9.819809999999999
1752525235,21.4,0.0,0.0,0.0,0.019620000000000002,0.14715,9.81
1757575740,21.4,0.0,0.0,0.0,0.02943,0.14715,9.81
1762626245,21.4,0.0,0.0,0.0,0.0,0.15696000000000002,9.79038
1767676750,21.4,0.0,0.0,0.0,0.019620000000000002,0.15696000000000002,9.819809999999999
1772727255,21.4,0.0,0.0,0.0,0.04905,0.14715,9.79038
1777777760,21.4,0.0,0.0,0.0,0.019620000000000002,0.14715,9.80019
1782828265,21.4,0.0,0.0,0.0,0.02943,0.13734000000000002,9.80019
1787878770,21.4,0.0,0.0,0.0,0.019620000000000002,0.13734000000000002,9.79038
1792929275,21.4,0.0,0.0,0.0,0.0,0.14715,9.80019
1797979780,21.4,0.0,0.0,0.0,0.019620000000000002,0.14715,9.819809999999999
1803030285,21.4,0.0,0.0,0.0,0.019620000000000002,0.17658,9.82962
1808080790,21.4,0.0,0.0,0.0,0.02943,0.17658,9.81
1813131295,21.4,0.0,0.0,0.0,0.04905,0.13734000000000002,9.78057
1818181800,21.4,0.0,0.0,0.0,0.05886,0.14715,9.760950000000001
1823232305,21.4,0.0,0.0,0.0,0.009810000000000001,0.12753,9.79038
1828282810,21.4,0.0,0.0,0.0,0.0,0.15696000000000002,9.81
1833333315,21.4,0.0,0.0,0.0,0.039240000000000004,0.15696000000000002,9.80019
1838383820,21.4,0.0,0.0,0.0,0.019620000000000002,0.14715,9.81
1843434325,21.4,0.0,0.0,0.0,0.02943,0.15696000000000002,9.819809999999999
1848484830,21.4,0.0,0.0,0.0,0.019620000000000002,0.13734000000000002,9.79038
1853535335,21.4,0.0,0.0,0.0,0.04905,0.15696000000000002,9.79038
1858585840,21.4,0.0,0.0,0.0,0.019620000000000002,0.14715,9.81
1863636345,21.4,0.0,0.0,0.0,0.04905,0.17658,9.80019
1868686850,21.4,0.0,0.0,0.0,0.009810000000000001,0.16677000000000003,9.80019
1873737355,21.4,0.0,0.0,0.0,0.05886,0.17658,9.819809999999999
1878787860,21.4,0.0,0.0,0.0,0.019620000000000002,0.14715,9.79038
1883838365,21.4,0.0,0.0,0.0,0.02943,0.16677000000000003,9.79038
1888888870,21.4,0.0,0.0,0.0,0.02943,0.15696000000000002,9.80019
1893939375,21.4,0.0,0.0,0.0,0.02943,0.18639,9.80019
1898989880,21.4,0.0,0.0,0.0,0.019620000000000002,0.16677000000000003,9.81
1904040385,21.4,0.0,0.0,0.0,0.02943,0.18639,9.819809999999999
1909090890,21.4,0.0,0.0,0.0,0.04905,0.17658,9.81
1914141395,21.4,0.0,0.0,0.0,0.0,0.14715,9.819809999999999
1919191900,21.4,0.0,0.0,0.0,0.0,0.16677000000000003,9.80019
1924242405,21.4,0.0,0.0,0.0,0.019620000000000002,0.13734000000000002,9.78057
1929292910,21.4,0.0,0.0,0.0,0.02943,0.15696000000000002,9.78057
1934343415,21.4,0.0,0.0,0.0,0.039240000000000004,0.16677000000000003,9.78057
1939393920,21.4,0.0,0.0,0.0,0.02943,0.16677000000000003,9.81
1944444425,21.4,0.0,0.0,0.0,0.009810000000000001,0.15696000000000002,9.80019
1949494930,21.4,0.0,0.0,0.0,0.019620000000000002,0.15696000000000002,9.81
1954545435,21.4,0.0,0.0,0.0,0.02943,0.15696000000000002,9.80019
1959595940,21.4,0.0,0.0,0.0,0.02943,0.14715,9.78057
1964646445,21.4,0.0,0.0,0.0,0.039240000000000004,0.17658,9.78057
1969696950,21.4,0.0,0.0,0.0,0.02943,0.18639,9.80019
1974747455,21.4,0.0,0.0,0.0,0.02943,0.17658,9.78057
1979797960,21.4,0.0,0.0,0.0,0.04905,0.16677000000000003,9.79038
1984848465,21.4,0.0,0.0,0.0,0.019620000000000002,0.14715,9.78057
1989898970,21.4,0.0,0.0,0.0,0.009810000000000001,0.10791,9.79038
1994949475,21.4,0.0,0.0,0.0,0.019620000000000002,0.13734000000000002,9.81
1999999980,21.4,0.0,0.0,0.0,0.019620000000000002,0.17658,9.81
2005050485,21.4,0.0,0.0,0.0,0.009810000000000001,0.16677000000000003,9.80019
2010100990,21.4,0.0,0.0,0.0,0.039240000000000004,0.17658,9.79038
2015151495,21.4,0.0,0.0,0.0,0.039240000000000004,0.15696000000000002,9.79038
2020202000,21.4,0.0,0.0,0.0,0.009810000000000001,0.15696000000000002,9.80019
2025252505,21.4,0.0,0.0,0.0,0.009810000000000001,0.13734000000000002,9.79038
2030303010,21.4,0.0,0.0,0.0,0.019620000000000002,0.12753,9.80019
2035353515,21.4,0.0,0.0,0.0,0.02943,0.15696000000000002,9.81
2040404020,21.4,0.0,0.0,0.0,0.019620000000000002,0.17658,9.81
2045454525,21.4,0.0,0.0,0.0,0.039240000000000004,0.16677000000000003,9.81
2050505030,21.4,0.0,0.0,0.0,0.04905,0.15696000000000002,9.80019
2055555535,21.4,0.0,0.0,0.0,0.02943,0.16677000000000003,9.79038
2060606040,21.4,0.0,0.0,0.0,0.039240000000000004,0.14715,9.80019
2065656545,21.4,0.0,0.0,0.0,0.019620000000000002,0.16677000000000003,9.770760000000001
2070707050,21.4,0.0,0.0,0.0,0.02943,0.18639,9.80019
2075757555,21.4,0.0,0.0,0.0,0.039240000000000004,0.16677000000000003,9.80019
2080808060,21.4,0.0,0.0,0.0,0.02943,0.16677000000000003,9.80019
2085858565,21.4,0.0,0.0,0.0,0.009810000000000001,0.15696000000000002,9.78057
2090909070,21.4,0.0,0.0,0.0,0.039240000000000004,0.13734000000000002,9.80019
2095959575,21.4,0.0,0.0,0.0,0.019620000000000002,0.15696000000000002,9.770760000000001
2101010080,21.4,0.0,0.0,0.0,0.009810000000000001,0.16677000000000003,9.79038
2106060585,21.4,0.0,0.0,0.0,0.04905,0.15696000000000002,9.78057
2111111090,21.4,0.0,0.0,0.0,0.039240000000000004,0.16677000000000003,9.81
2116161595,21.4,0.0,0.0,0.0,0.019620000000000002,0.14715,9.78057
2121212100,21.4,0.0,0.0,0.0,0.019620000000000002,0.13734000000000002,9.79038
2126262605,21.4,0.0,0.0,0.0,0.0,0.16677000000000003,9.79038
2131313110,21.4,0.0,0.0,0.0,0.02943,0.15696000000000002,9.79038
2136363615,21.4,0.0,0.0,0.0,0.009810000000000001,0.17658,9.81
2141414120,21.4,0.0,0.0,0.0,0.019620000000000002,0.16677000000000003,9.819809999999999
2146464625,21.4,0.0,0.0,0.0,0.019620000000000002,0.16677000000000003,9.81
2151515130,21.4,0.0,0.0,0.0,0.02943,0.14715,9.79038
2156565635,21.4,0.0,0.0,0.0,0.0,0.15696000000000002,9.79038
2161616140,21.4,0.0,0.0,0.0,0.039240000000000004,0.14715,9.78057
2166666645,21.4,0.0,0.0,0.0,0.02943,0.16677000000000003,9.819809999999999
2171717150,21.4,0.0,0.0,0.0,0.02943,0.15696000000000002,9.81
2176767655,21.4,0.0,0.0,0.0,0.05886,0.15696000000000002,9.819809999999999
2181818160,21.4,0.0,0.0,0.0,0.039240000000000004,0.15696000000000002,9.79038
2186868665,21.4,0.0,0.0,0.0,0.039240000000000004,0.16677000000000003,9.79038
2191919170,21.4,0.0,0.0,0.0,0.04905,0.12753,9.79038
2196969675,21.4,0.0,0.0,0.0,0.039240000000000004,0.15696000000000002,9.79038
2202020180,21.4,0.0,0.0,0.0,0.039240000000000004,0.16677000000000003,9.82962
2207070685,21.4,0.0,0.0,0.0,0.0,0.16677000000000003,9.81
2212121190,21.4,0.0,0.0,0.0,0.039240000000000004,0.17658,9.80019
2217171695,21.4,0.0,0.0,0.0,0.02943,0.14715,9.78057
2222222200,21.4,0.0,0.0,0.0,0.019620000000000002,0.16677000000000003,9.79038
2227272705,21.4,0.0,0.0,0.0,0.02943,0.15696000000000002,9.78057
2232323210,21.4,0.0,0.0,0.0,0.009810000000000001,0.18639,9.81
2237373715,21.4,0.0,0.0,0.0,0.019620000000000002,0.15696000000000002,9.79038
2242424220,21.4,0.0,0.0,0.0,0.039240000000000004,0.14715,9.81
2247474725,21.4,0.0,0.0,0.0,0.02943,0.12753,9.81
2252525230,21.4,0.0,0.0,0.0,0.02943,0.18639,9.80019
2257575735,21.4,0.0,0.0,0.0,0.019620000000000002,0.17658,9.78057
2262626240,21.4,0.0,0.0,0.0,0.02943,0.18639,9.80019
2267676745,21.4,0.0,0.0,0.0,0.039240000000000004,0.15696000000000002,9.79038
2272727250,21.4,0.0,0.0,0.0,0.039240000000000004,0.16677000000000003,9.80019
2277777755,21.4,0.0,0.0,0.0,0.039240000000000004,0.17658,9.82962
2282828260,21.4,0.0,0.0,0.0,0.019620000000000002,0.13734000000000002,9.79038
2287878765,21.4,0.0,0.0,0.0,0.039240000000000004,0.12753,9.80019
2292929270,21.4,0.0,0.0,0.0,0.019620000000000002,0.14715,9.79038
2297979775,21.4,0.0,0.0,0.0,0.009810000000000001,0.13734000000000002,9.80019
2303030280,21.4,0.0,0.0,0.0,0.02943,0.15696000000000002,9.81
2308080785,21.4,0.0,0.0,0.0,0.039240000000000004,0.17658,9.80019
2313131290,21.4,0.0,0.0,0.0,0.02943,0.15696000000000002,9.79038
2318181795,21.4,0.0,0.0,0.0,0.009810000000000001,0.13734000000000002,9.79038
2323232300,21.4,0.0,0.0,0.0,0.02943,0.13734000000000002,9.78057
2328282805,21.4,0.0,0.0,0.0,0.019620000000000002,0.14715,9.80019
2333333310,21.4,0.0,0.0,0.0,0.039240000000000004,0.13734000000000002,9.81
2338383815,21.4,0.0,0.0,0.0,0.0,0.15696000000000002,9.819809999999999
2343434320,21.4,0.0,0.0,0.0,0.039240000000000004,0.17658,9.80019
2348484825,21.4,0.0,0.0,0.0,0.019620000000000002,0.14715,9.80019
2353535330,21.4,0.0,0.0,0.0,0.019620000000000002,0.15696000000000002,9.80019
2358585835,21.4,0.0,0.0,0.0,0.039240000000000004,0.14715,9.81
2363636340,21.4,0.0,0.0,0.0,0.039240000000000004,0.12753,9.82962
2368686845,21.4,0.0,0.0,0.0,0.019620000000000002,0.13734000000000002,9.819809999999999
2373737350,21.4,0.0,0.0,0.0,0.02943,0.15696000000000002,9.81
2378787855,21.4,0.0,0.0,0.0,0.02943,0.13734000000000002,9.80019
2383838360,21.4,0.0,0.0,0.0,0.02943,0.16677000000000003,9.81
2388888865,21.4,0.0,0.0,0.0,0.019620000000000002,0.18639,9.80019
2393939370,21.4,0.0,0.0,0.0,0.02943,0.16677000000000003,9.79038
2398989875,21.4,0.0,0.0,0.0,0.009810000000000001,0.14715,9.80019
2404040380,21.4,0.0,0.0,0.0,0.02943,0.15696000000000002,9.81
2409090885,21.4,0.0,0.0,0.0,0.039240000000000004,0.16677000000000003,9.79038
2414141390,21.4,0.0,0.0,0.0,0.019620000000000002,0.15696000000000002,9.79038
2419191895,21.4,0.0,0.0,0.0,0.04905,0.14715,9.78057
2424242400,21.4,0.0,0.0,0.0,0.039240000000000004,0.15696000000000002,9.79038
2429292905,21.4,0.0,0.0,0.0,0.02943,0.15696000000000002,9.79038
2434343410,21.4,0.0,0.0,0.0,0.019620000000000002,0.16677000000000003,9.81
2439393915,21.4,0.0,0.0,0.0,0.009810000000000001,0.15696000000000002,9.82962
2444444420,21.4,0.0,0.0,0.0,0.039240000000000004,0.17658,9.80019
2449494925,21.4,0.0,0.0,0.0,0.009810000000000001,0.13734000000000002,9.80019
2454545430,21.4,0.0,0.0,0.0,0.0,0.12753,9.80019
2459595935,21.4,0.0,0.0,0.0,0.02943,0.15696000000000002,9.81
2464646440,21.4,0.0,0.0,0.0,0.009810000000000001,0.13734000000000002,9.79038
2469696945,21.4,0.0,0.0,0.0,0.039240000000000004,0.14715,9.81
2474747450,21.4,0.0,0.0,0.0,0.019620000000000002,0.1962,9.80019
2479797955,21.4,0.0,0.0,0.0,0.039240000000000004,0.16677000000000003,9.79038
2484848460,21.4,0.0,0.0,0.0,0.009810000000000001,0.16677000000000003,9.81
2489898965,21.4,0.0,0.0,0.0,0.0,0.13734000000000002,9.80019
2494949470,21.4,0.0,0.0,0.0,0.019620000000000002,0.13734000000000002,9.81
2499999975,21.4,0.0,0.0,0.0,0.019620000000000002,0.16677000000000003,9.79038
2505050480,21.4,0.0,0.0,0.0,0.02943,0.16677000000000003,9.770760000000001
2510100985,21.4,0.0,0.0,0.0,0.02943,0.16677000000000003,9.78057
2515151490,21.4,0.0,0.0,0.0,0.02943,0.16677000000000003,9.79038
2520201995,21.4,0.0,0.0,0.0,0.039240000000000004,0.12753,9.819809999999999
2525252500,21.4,0.0,0.0,0.0,0.019620000000000002,0.14715,9.79038
2530303005,21.4,0.0,0.0,0.0,0.009810000000000001,0.12753,9.80019
2535353510,21.4,0.0,0.0,0.0,0.019620000000000002,0.13734000000000002,9.81
2540404015,21.4,0.0,0.0,0.0,0.02943,0.16677000000000003,9.82962
2545454520,21.4,0.0,0.0,0.0,0.039240000000000004,0.16677000000000003,9.770760000000001
2550505025,21.4,0.0,0.0,0.0,0.039240000000000004,0.17658,9.770760000000001
2555555530,21.4,0.0,0.0,0.0,0.04905,0.14715,9.78057
2560606035,21.4,0.0,0.0,0.0,0.04905,0.14715,9.81
2565656540,21.4,0.0,0.0,0.0,0.02943,0.14715,9.82962
2570707045,21.4,0.0,0.0,0.0,0.009810000000000001,0.14715,9.81
2575757550,21.4,0.0,0.0,0.0,0.019620000000000002,0.16677000000000003,9.80019
2580808055,21.4,0.0,0.0,0.0,0.02943,0.16677000000000003,9.81
2585858560,21.4,0.0,0.0,0.0,0.039240000000000004,0.17658,9.78057
2590909065,21.4,0.0,0.0,0.0,0.039240000000000004,0.17658,9.79038
2595959570,21.4,0.0,0.0,0.0,0.019620000000000002,0.17658,9.80019
2601010075,21.4,0.0,0.0,0.0,0.019620000000000002,0.16677000000000003,9.78057
2606060580,21.4,0.0,0.0,0.0,0.039240000000000004,0.18639,9.81
2611111085,21.4,0.0,0.0,0.0,0.019620000000000002,0.17658,9.819809999999999
2616161590,21.4,0.0,0.0,0.0,0.019620000000000002,0.14715,9.79038
2621212095,21.4,0.0,0.0,0.0,0.009810000000000001,0.14715,9.80019
2626262600,21.4,0.0,0.0,0.0,0.039240000000000004,0.15696000000000002,9.79038
2631313105,21.4,0.0,0.0,0.0,0.039240000000000004,0.14715,9.80019
2636363610,21.4,0.0,0.0,0.0,0.009810000000000001,0.1962,9.80019
2641414115,21.4,0.0,0.0,0.0,0.009810000000000001,0.15696000000000002,9.81
2646464620,21.4,0.0,0.0,0.0,0.02943,0.15696000000000002,9.81
2651515125,21.4,0.0,0.0,0.0,0.009810000000000001,0.14715,9.81
2656565630,21.4,0.0,0.0,0.0,0.039240000000000004,0.13734000000000002,9.80019
2661616135,21.4,0.0,0.0,0.0,0.0,0.13734000000000002,9.80019
2666666640,21.4,0.0,0.0,0.0,0.0,0.15696000000000002,9.80019
2671717145,21.4,0.0,0.0,0.0,0.039240000000000004,0.16677000000000003,9.79038
2676767650,21.4,0.0,0.0,0.0,0.02943,0.16677000000000003,9.80019
2681818155,21.4,0.0,0.0,0.0,0.02943,0.14715,9.80019
2686868660,21.4,0.0,0.0,0.0,0.02943,0.16677000000000003,9.80019
2691919165,21.4,0.0,0.0,0.0,0.009810000000000001,0.17658,9.81
2696969670,21.4,0.0,0.0,0.0,0.0,0.13734000000000002,9.82962
2702020175,21.4,0.0,0.0,0.0,0.019620000000000002,0.15696000000000002,9.81
2707070680,21.4,0.0,0.0,0.0,0.02943,0.16677000000000003,9.80019
2712121185,21.4,0.0,0.0,0.0,0.02943,0.15696000000000002,9.80019
2717171690,21.4,0.0,0.0,0.0,0.02943,0.1962,9.78057
2722222195,21.4,0.0,0.0,0.0,0.039240000000000004,0.18639,9.79038
2727272700,21.4,0.0,0.0,0.0,0.02943,0.16677000000000003,9.81
2732323205,21.4,0.0,0.0,0.0,0.019620000000000002,0.14715,9.81
2737373710,21.4,0.0,0.0,0.0,0.019620000000000002,0.15696000000000002,9.81
2742424215,21.4,0.0,0.0,0.0,0.02943,0.16677000000000003,9.81
2747474720,21.4,0.0,0.0,0.0,0.0,0.15696000000000002,9.81
2752525225,21.4,0.0,0.0,0.0,0.009810000000000001,0.16677000000000003,9.760950000000001
2757575730,21.4,0.0,0.0,0.0,0.02943,0.15696000000000002,9.78057
2762626235,21.4,0.0,0.0,0.0,0.04905,0.15696000000000002,9.79038
2767676740,21.4,0.0,0.0,0.0,0.039240000000000004,0.15696000000000002,9.80019
2772727245,21.4,0.0,0.0,0.0,0.019620000000000002,0.14715,9.819809999999999
2777777750,21.4,0.0,0.0,0.0,0.02943,0.13734000000000002,9.81
2782828255,21.4,0.0,0.0,0.0,0.02943,0.15696000000000002,9.81
2787878760,21.4,0.0,0.0,0.0,0.019620000000000002,0.17658,9.79038
2792929265,21.4,0.0,0.0,0.0,0.02943,0.15696000000000002,9.78057
2797979770,21.4,0.0,0.0,0.0,0.04905,0.17658,9.78057
2803030275,21.4,0.0,0.0,0.0,0.02943,0.15696000000000002,9.78057
2808080780,21.4,0.0,0.0,0.0,0.019620000000000002,0.12753,9.81
2813131285,21.4,0.0,0.0,0.0,0.04905,0.14715,9.81
2818181790,21.4,0.0,0.0,0.0,0.019620000000000002,0.14715,9.819809999999999
2823232295,21.4,0.0,0.0,0.0,0.02943,0.13734000000000002,9.80019
2828282800,21.4,0.0,0.0,0.0,0.039240000000000004,0.14715,9.80019
2833333305,21.4,0.0,0.0,0.0,0.009810000000000001,0.15696000000000002,9.80019
2838383810,21.4,0.0,0.0,0.0,0.02943,0.17658,9.79038
2843434315,21.4,0.0,0.0,0.0,0.02943,0.16677000000000003,9.79038
2848484820,21.4,0.0,0.0,0.0,0.039240000000000004,0.17658,9.81
2853535325,21.4,0.0,0.0,0.0,0.04905,0.14715,9.81
2858585830,21.4,0.0,0.0,0.0,0.039240000000000004,0.13734000000000002,9.80019
2863636335,21.4,0.0,0.0,0.0,0.02943,0.13734000000000002,9.80019
2868686840,21.4,0.0,0.0,0.0,0.019620000000000002,0.15696000000000002,9.81
2873737345,21.4,0.0,0.0,0.0,0.009810000000000001,0.15696000000000002,9.80019
2878787850,21.4,0.0,0.0,0.0,0.019620000000000002,0.17658,9.79038
2883838355,21.4,0.0,0.0,0.0,0.02943,0.16677000000000003,9.80019
2888888860,21.4,0.0,0.0,0.0,0.019620000000000002,0.14715,9.819809999999999
2893939365,21.4,0.0,0.0,0.0,0.0,0.13734000000000002,9.78057
2898989870,21.4,0.0,0.0,0.0,0.02943,0.14715,9.81
2904040375,21.4,0.0,0.0,0.0,0.02943,0.16677000000000003,9.80019
2909090880,21.4,0.0,0.0,0.0,0.009810000000000001,0.16677000000000003,9.81
2914141385,21.4,0.0,0.0,0.0,0.04905,0.14715,9.81
2919191890,21.4,0.0,0.0,0.0,0.039240000000000004,0.14715,9.80019
2924242395,21.4,0.0,0.0,0.0,0.05886,0.16677000000000003,9.79038
2929292900,21.4,0.0,0.0,0.0,0.039240000000000004,0.14715,9.79038
2934343405,21.4,0.0,0.0,0.0,0.009810000000000001,0.15696000000000002,9.80019
2939393910,21.4,0.0,0.0,0.0,0.019620000000000002,0.15696000000000002,9.819809999999999
2944444415,21.4,0.0,0.0,0.0,0.02943,0.13734000000000002,9.819809999999999
2949494920,21.4,0.0,0.0,0.0,0.009810000000000001,0.16677000000000003,9.81
2954545425,21.4,0.0,0.0,0.0,0.019620000000000002,0.15696000000000002,9.79038
2959595930,21.4,0.0,0.0,0.0,0.019620000000000002,0.16677000000000003,9.79038
2964646435,21.4,0.0,0.0,0.0,0.009810000000000001,0.14715,9.80019
2969696940,21.4,0.0,0.0,0.0,0.009810000000000001,0.16677000000000003,9.81
2974747445,21.4,0.0,0.0,0.0,0.019620000000000002,0.16677000000000003,9.819809999999999
2979797950,21.4,0.0,0.0,0.0,0.009810000000000001,0.16677000000000003,9.819809999999999
2984848455,21.4,0.0,0.0,0.0,0.009810000000000001,0.17658,9.81
2989898960,21.4,0.0,0.0,0.0,0.02943,0.15696000000000002,9.81
2994949465,21.4,0.0,0.0,0.0,0.02943,0.15696000000000002,9.770760000000001
2999999970,21.4,0.0,0.0,0.0,0.039240000000000004,0.17658,9.80019
3005050475,21.4,0.0,0.0,0.0,0.039240000000000004,0.17658,9.81
3010100980,21.4,0.0,0.0,0.0,0.0,0.15696000000000002,9.81
3015151485,21.4,0.0,0.0,0.0,0.02943,0.13734000000000002,9.819809999999999
3020201990,21.4,0.0,0.0,0.0,0.019620000000000002,0.15696000000000002,9.80019
3025252495,21.4,0.0,0.0,0.0,0.039240000000000004,0.13734000000000002,9.80019
3030303000,21.4,0.0,0.0,0.0,0.019620000000000002,0.12753,9.79038
3035353505,21.4,0.0,0.0,0.0,0.02943,0.17658,9.80019
3040404010,21.4,0.0,0.0,0.0,0.019620000000000002,0.17658,9.81
3045454515,21.4,0.0,0.0,0.0,0.019620000000000002,0.17658,9.79038
3050505020,21.4,0.0,0.0,0.0,0.039240000000000004,0.14715,9.80019
3055555525,21.4,0.0,0.0,0.0,0.02943,0.11772,9.80019
3060606030,21.4,0.0,0.0,0.0,0.0,0.12753,9.79038
3065656535,21.4,0.0,0.0,0.0,0.02943,0.14715,9.819809999999999
3070707040,21.4,0.0,0.0,0.0,0.04905,0.15696000000000002,9.81
3075757545,21.4,0.0,0.0,0.0,0.019620000000000002,0.16677000000000003,9.80019
3080808050,21.4,0.0,0.0,0.0,0.02943,0.1962,9.81
3085858555,21.4,0.0,0.0,0.0,0.039240000000000004,0.16677000000000003,9.78057
3090909060,21.4,0.0,0.0,0.0,0.039240000000000004,0.14715,9.770760000000001
3095959565,21.4,0.0,0.0,0.0,0.02943,0.13734000000000002,9.79038
3101010070,21.4,0.0,0.0,0.0,0.039240000000000004,0.13734000000000002,9.81
3106060575,21.4,0.0,0.0,0.0,0.009810000000000001,0.14715,9.81
3111111080,21.4,0.0,0.0,0.0,0.039240000000000004,0.14715,9.81
3116161585,21.4,0.0,0.0,0.0,0.02943,0.16677000000000003,9.81
3121212090,21.4,0.0,0.0,0.0,0.039240000000000004,0.15696000000000002,9.78057
3126262595,21.4,0.0,0.0,0.0,0.019620000000000002,0.16677000000000003,9.79038
3131313100,21.4,0.0,0.0,0.0,0.02943,0.15696000000000002,9.79038
3136363605,21.4,0.0,0.0,0.0,0.039240000000000004,0.15696000000000002,9.79038
3141414110,21.4,0.0,0.0,0.0,0.0,0.15696000000000002,9.82962
3146464615,21.4,0.0,0.0,0.0,0.0,0.15696000000000002,9.82962
3151515120,21.4,0.0,0.0,0.0,0.0,0.15696000000000002,9.81
3156565625,21.4,0.0,0.0,0.0,0.039240000000000004,0.15696000000000002,9.81
3161616130,21.4,0.0,0.0,0.0,0.019620000000000002,0.16677000000000003,9.79038
3166666635,21.4,0.0,0.0,0.0,0.019620000000000002,0.15696000000000002,9.819809999999999
3171717140,21.4,0.0,0.0,0.0,0.039240000000000004,0.16677000000000003,9.81
3176767645,21.4,0.0,0.0,0.0,0.02943,0.14715,9.819809999999999
3181818150,21.4,0.0,0.0,0.0,0.039240000000000004,0.16677000000000003,9.81
3186868655,21.4,0.0,0.0,0.0,0.039240000000000004,0.13734000000000002,9.819809999999999
3191919160,21.4,0.0,0.0,0.0,0.039240000000000004,0.15696000000000002,9.79038
3196969665,21.4,0.0,0.0,0.0,0.039240000000000004,0.12753,9.80019
3202020170,21.4,0.0,0.0,0.0,0.019620000000000002,0.16677000000000003,9.81
3207070675,21.4,0.0,0.0,0.0,0.009810000000000001,0.16677000000000003,9.78057
3212121180,21.4,0.0,0.0,0.0,0.039240000000000004,0.16677000000000003,9.819809999999999
3217171685,21.4,0.0,0.0,0.0,0.02943,0.13734000000000002,9.82962
3222222190,21.4,0.0,0.0,0.0,0.02943,0.16677000000000003,9.79038
3227272695,21.4,0.0,0.0,0.0,0.019620000000000002,0.13734000000000002,9.81
3232323200,21.4,0.0,0.0,0.0,0.02943,0.12753,9.79038
3237373705,21.4,0.0,0.0,0.0,0.039240000000000004,0.15696000000000002,9.79038
3242424210,21.4,0.0,0.0,0.0,0.039240000000000004,0.16677000000000003,9.80019
3247474715,21.4,0.0,0.0,0.0,0.019620000000000002,0.16677000000000003,9.81
3252525220,21.4,0.0,0.0,0.0,0.019620000000000002,0.17658,9.81
3257575725,21.4,0.0,0.0,0.0,0.019620000000000002,0.14715,9.79038
3262626230,21.4,0.0,0.0,0.0,0.02943,0.13734000000000002,9.81
3267676735,21.4,0.0,0.0,0.0,0.019620000000000002,0.13734000000000002,9.80019
3272727240,21.4,0.0,0.0,0.0,0.009810000000000001,0.16677000000000003,9.81
3277777745,21.4,0.0,0.0,0.0,0.02943,0.18639,9.80019
3282828250,21.4,0.0,0.0,0.0,0.019620000000000002,0.16677000000000003,9.81
3287878755,21.4,0.0,0.0,0.0,0.05886,0.16677000000000003,9.79038
3292929260,21.4,0.0,0.0,0.0,0.04905,0.16677000000000003,9.80019
3297979765,21.4,0.0,0.0,0.0,0.019620000000000002,0.13734000000000002,9.819809999999999
3303030270,21.4,0.0,0.0,0.0,0.02943,0.12753,9.81
3308080775,21.4,0.0,0.0,0.0,0.02943,0.15696000000000002,9.81
3313131280,21.4,0.0,0.0,0.0,0.039240000000000004,0.14715,9.82962
3318181785,21.4,0.0,0.0,0.0,0.039240000000000004,0.14715,9.81
3323232290,21.4,0.0,0.0,0.0,0.04905,0.15696000000000002,9.81
3328282795,21.4,0.0,0.0,0.0,0.02943,0.15696000000000002,9.79038
3333333300,21.4,0.0,0.0,0.0,0.009810000000000001,0.16677000000000003,9.78057
3338383805,21.4,0.0,0.0,0.0,0.02943,0.13734000000000002,9.79038
3343434310,21.4,0.0,0.0,0.0,0.02943,0.14715,9.819809999999999
3348484815,21.4,0.0,0.0,0.0,0.02943,0.14715,9.81
3353535320,21.4,0.0,0.0,0.0,0.019620000000000002,0.16677000000000003,9.81
3358585825,21.4,0.0,0.0,0.0,0.02943,0.14715,9.80019
3363636330,21.4,0.0,0.0,0.0,0.02943,0.15696000000000002,9.80019
3368686835,21.4,0.0,0.0,0.0,0.019620000000000002,0.17658,9.80019
3373737340,21.4,0.0,0.0,0.0,0.019620000000000002,0.17658,9.81
3378787845,21.4,0.0,0.0,0.0,0.039240000000000004,0.15696000000000002,9.80019
3383838350,21.4,0.0,0.0,0.0,0.0,0.15696000000000002,9.81
3388888855,21.4,0.0,0.0,0.0,0.009810000000000001,0.15696000000000002,9.81
3393939360,21.4,0.0,0.0,0.0,0.0,0.11772,9.80019
3398989865,21.4,0.0,0.0,0.0,0.019620000000000002,0.15696000000000002,9.81
3404040370,21.4,0.0,0.0,0.0,0.0,0.16677000000000003,9.79038
3409090875,21.4,0.0,0.0,0.0,0.039240000000000004,0.1962,9.79038
3414141380,21.4,0.0,0.0,0.0,0.07848000000000001,0.18639,9.81
3419191885,21.4,0.0,0.0,0.0,0.039240000000000004,0.17658,9.80019
3424242390,21.4,0.0,0.0,0.0,0.039240000000000004,0.14715,9.81
3429292895,21.4,0.0,0.0,0.0,0.009810000000000001,0.12753,9.81
3434343400,21.4,0.0,0.0,0.0,0.02943,0.12753,9.81
3439393905,21.4,0.0,0.0,0.0,0.019620000000000002,0.11772,9.79038
3444444410,21.4,0.0,0.0,0.0,0.0,0.16677000000000003,9.79038
3449494915,21.4,0.0,0.0,0.0,0.009810000000000001,0.20601000000000003,9.81
3454545420,21.4,0.0,0.0,0.0,0.039240000000000004,0.20601000000000003,9.81
3459595925,21.4,0.0,0.0,0.0,0.05886,0.20601000000000003,9.81
3464646430,21.4,0.0,0.0,0.0,0.039240000000000004,0.11772,9.79038
3469696935,21.4,0.0,0.0,0.0,0.039240000000000004,0.0981,9.770760000000001
3474747440,21.4,0.0,0.0,0.0,0.02943,0.07848000000000001,9.80019
3479797945,21.4,0.0,0.0,0.0,0.019620000000000002,0.10791,9.81
3484848450,21.4,0.006387905062299246,0.005323254218582705,0.0,0.0,0.17658,9.84924
3489898955,21.4,0.007452555906015787,0.003193952531149623,0.0,0.02943,0.18639,9.819809999999999
3494949460,21.4,0.004258603374866164,-0.004258603374866164,0.0,0.009810000000000001,0.1962,9.79038
3499999965,21.4,0.003193952531149623,0.0,0.0,0.02943,0.18639,9.770760000000001
3505050470,21.4,-0.005323254218582705,-0.001064650843716541,0.0,0.04905,0.15696000000000002,9.770760000000001
3510100975,21.4,-0.004258603374866164,-0.001064650843716541,0.0,0.019620000000000002,0.13734000000000002,9.80019
3515151480,21.4,-0.005323254218582705,-0.001064650843716541,0.0,0.009810000000000001,0.12753,9.81
3520201985,21.4,0.0,-0.002129301687433082,0.0,0.039240000000000004,0.12753,9.81
3525252490,21.4,0.001064650843716541,0.0,0.0,0.0,0.13734000000000002,9.81
3530302995,21.4,0.004258603374866164,0.0,0.0,0.02943,0.13734000000000002,9.80019
3535353500,21.4,0.0,0.002129301687433082,0.0,0.02943,0.15696000000000002,9.80019
3540404005,21.4,0.002129301687433082,0.001064650843716541,0.0,0.0,0.16677000000000003,9.770760000000001
3545454510,21.4,0.0,0.0,0.0,0.02943,0.15696000000000002,9.82962
3550505015,21.4,-0.001064650843716541,-0.003193952531149623,0.0,0.0,0.1962,9.81
3555555520,21.4,0.0,-0.006387905062299246,0.0,0.02943,0.16677000000000003,9.819809999999999
3560606025,21.4,0.001064650843716541,-0.002129301687433082,0.0,0.039240000000000004,0.13734000000000002,9.81
3565656530,21.4,-0.001064650843716541,0.002129301687433082,0.0,0.039240000000000004,0.12753,9.79038
3570707035,21.4,-0.005323254218582705,0.005323254218582705,0.0,0.02943,0.10791,9.79038
3575757540,21.4,0.001064650843716541,0.007452555906015787,0.0,0.0,0.15696000000000002,9.81
3580808045,21.4,0.005323254218582705,0.02556907354171693,0.0,-0.02943,0.009810000000000001,9.87867
3585858550,21.4,-0.001064650843716541,0.07349581480148122,0.0,-0.22563,0.07848000000000001,9.81
3590909055,21.4,0.01064650843716541,0.12037535851004891,0.0,-0.5395500000000001,0.10791,9.81
3595959560,21.4,0.021310470166850764,0.1097288500728835,0.0,-0.6768900000000001,0.16677000000000003,9.83943
3601010065,21.4,0.013840460968315033,0.06284930636431581,0.0,-0.72594,0.13734000000000002,9.751140000000001
3606060570,21.4,0.01064650843716541,-0.011711159280881954,0.0,-0.75537,0.27468000000000004,9.79038
3611111075,21.4,0.008517206749732328,-0.08735372906231618,0.0,-0.71613,0.6768900000000001,9.633420000000001
3616161580,21.4,0.01064650843716541,-0.15765559133264778,0.0,-0.26487,0.75537,9.888480000000001
3621212085,21.4,-0.008517206749732328,-0.24394466955124744,0.0,0.40221,0.87309,10.074869999999999
3626262590,21.4,-0.09267698328089889,-0.23116885942664894,0.005323254218582705,1.26549,0.41202000000000005,9.908100000000001
3631313095,21.4,-0.08841837990603273,-0.21411699263466438,-0.004258603374866164,1.3243500000000001,0.0,9.33912
3636363600,21.4,-0.12356931104119852,-0.09161233243718235,0.007452555906015787,1.5696,-0.40221,9.53532
3641414105,21.4,-0.10866419922916695,0.01811651763570114,-0.003193952531149623,1.3734000000000002,-0.51012,9.50589
3646464610,21.4,-0.06710790973918197,0.1416858286768997,-0.004258603374866164,1.15758,-0.5591700000000001,10.045440000000001
3651515115,21.4,-0.02982767691658309,0.2354274628015151,0.002129301687433082,0.5886,-0.43164,10.2024
3656565620,21.4,0.020245819323134222,0.28335420406127937,-0.003193952531149623,0.0,-0.31392000000000003,10.1043
3661616125,21.4,0.06710790973918197,0.26951374309296433,-0.002129301687433082,-0.52974,-0.22563,9.70209
3666666630,21.4,0.08735372906231618,0.19387117331153014,0.0,-0.9123300000000001,-0.07848000000000001,9.770760000000001
3671717135,21.4,0.10759954838545042,0.06604325889546543,-0.002129301687433082,-1.1183400000000001,0.07848000000000001,9.59418
3676767640,21.4,0.10866419922916695,-0.0404741853537485,-0.001064650843716541,-1.13796,0.26487,9.73152
3681818145,21.4,0.12356931104119852,-0.10759954838545042,-0.001064650843716541,-0.94176,0.9711900000000001,9.7119
3686868650,21.4,0.11824605682261582,-0.13955652698946658,0.001064650843716541,-0.47088,1.2851100000000002,9.99639
3691919155,21.4,0.01811651763570114,-0.13208651779093086,0.0,-0.08829,1.24587,10.320120000000001
3696969660,21.4,-0.049008845396000776,-0.10119419003063122,0.0,0.21582,0.20601000000000003,9.23121
3702020165,21.4,-0.07990117315630041,-0.07030186227033158,0.001064650843716541,0.039240000000000004,0.0,9.172350000000002
3707070670,21.4,-0.1171814059788993,-0.022375121010567305,0.001064650843716541,0.20601000000000003,-0.019620000000000002,9.56475
3712121175,21.4,-0.07883652231258387,-0.013840460968315033,0.0,0.21582,-0.21582,10.29069
3717171680,21.4,-0.05113814708343386,-0.015987215948268057,0.002129301687433082,0.0981,-0.12753,10.2024
3722222185,21.4,-0.04366813788489812,0.00958185759344887,-0.002129301687433082,0.20601000000000003,-0.20601000000000003,10.15335
3727272690,21.4,0.006387905062299246,-0.003193952531149623,-0.002129301687433082,0.14715,-0.25506,9.888480000000001
3732323195,21.4,0.0170518667919846,0.01811651763570114,0.0,0.11772,-0.13734000000000002,9.7119
3737373700,21.4,0.03621558197888234,0.022375121010567305,0.0,0.13734000000000002,-0.04905,9.58437
3742424205,21.4,0.05220279792715039,0.022375121010567305,-0.001064650843716541,0.039240000000000004,0.06867000000000001,9.6138
3747474710,21.4,0.05113814708343386,0.015987215948268057,0.001064650843716541,0.039240000000000004,0.14715,9.7119
3752525215,21.4,0.0756251164889143,-0.003193952531149623,-0.004258603374866164,0.04905,0.87309,9.74133
3757575720,21.4,0.05220279792715039,-0.024504422698000388,-0.003193952531149623,0.30411,0.75537,10.26126
3762626225,21.4,0.028763026072866547,-0.031956978604016174,0.001064650843716541,0.26487,0.57879,9.65304
3767676730,21.4,-0.04366813788489812,-0.007452555906015787,-0.004258603374866164,0.30411,0.24525000000000002,9.55494
3772727235,21.4,-0.03834488366631542,-0.006387905062299246,0.0,0.21582,-0.009810000000000001,9.50589
3777777740,21.4,-0.04366813788489812,0.015987215948268057,0.0,0.10791,0.009810000000000001,9.65304
3782828245,21.4,-0.02982767691658309,0.03089232776029963,0.004258603374866164,0.0981,-0.05886,9.99639
3787878750,21.4,-0.022375121010567305,0.04260348704118158,0.0,0.009810000000000001,-0.02943,10.09449
3792929255,21.4,0.001064650843716541,0.04794419455228423,-0.004258603374866164,-0.06867000000000001,-0.009810000000000001,9.85905
3797979760,21.4,0.012775810124598492,0.05539675045830002,0.0,-0.1962,0.0,9.74133
3803030265,21.4,0.023439771854283843,0.05220279792715039,-0.001064650843716541,-0.2943,0.06867000000000001,9.69228
3808080770,21.4,0.03089232776029963,0.03408628029144926,0.001064650843716541,-0.36297,0.0981,9.82962
3813131275,21.4,0.02769837522915001,0.015987215948268057,0.0,-0.44145,0.18639,9.85905
3818181780,21.4,0.02769837522915001,-0.003193952531149623,-0.002129301687433082,-0.42183,0.34335000000000004,9.819809999999999
3823232285,21.4,0.031956978604016174,-0.03728023282259888,0.0,-0.2943,0.44145,9.87867
3828282790,21.4,0.015987215948268057,-0.060720004676882725,0.003193952531149623,-0.10791,0.5395500000000001,9.83943
3833333295,21.4,-0.008517206749732328,-0.07136651311404815,0.0,0.0981,0.41202000000000005,9.66285
3838383800,21.4,-0.02556907354171693,-0.0756251164889143,0.0,0.20601000000000003,0.20601000000000003,9.7119
3843434305,21.4,-0.05539675045830002,-0.05965535383316618,0.0,0.30411,0.02943,9.65304
3848484810,21.4,-0.049008845396000776,-0.04794419455228423,0.0,0.36297,-0.05886,9.770760000000001
3853535315,21.4,-0.0404741853537485,-0.02769837522915001,0.002129301687433082,0.41202000000000005,-0.0981,10.01601
3858585820,21.4,-0.015987215948268057,-0.014905111812031574,0.0,0.40221,-0.0981,9.91791
3863636325,21.4,0.0,0.0,-0.001064650843716541,0.43164,-0.04905,9.86886
3868686830,21.4,0.01811651763570114,0.015987215948268057,0.0,0.41202000000000005,-0.02943,9.770760000000001
3873737335,21.4,0.03408628029144926,0.046879543708567686,-0.004258603374866164,0.32373,0.05886,9.69228
3878787840,21.4,0.03834488366631542,0.07990117315630041,-0.004258603374866164,0.22563,0.18639,9.69228
3883838345,21.4,0.03834488366631542,0.09480628496833199,-0.001064650843716541,0.02943,0.24525000000000002,9.85905
3888888850,21.4,0.02769837522915001,0.10332349171806432,-0.001064650843716541,-0.20601000000000003,0.28449,9.81
3893939355,21.4,0.0170518667919846,0.09906488834319814,-0.001064650843716541,-0.41202000000000005,0.28449,9.81
3898989860,21.4,0.023439771854283843,0.07456046564519776,-0.002129301687433082,-0.60822,0.28449,9.72171
3904040365,21.4,0.013840460968315033,0.02769837522915001,-0.002129301687433082,-0.65727,0.40221,9.7119
3909090870,21.4,0.0,-0.01918116847941768,0.0,-0.57879,0.36297,9.78057
3914141375,21.4,-0.015987215948268057,-0.060720004676882725,-0.001064650843716541,-0.46107000000000004,0.33354000000000006,9.751140000000001
3919191880,21.4,-0.031956978604016174,-0.08203047484373349,0.0,-0.2943,0.25506,9.78057
3924242385,21.4,-0.03515093113516579,-0.09906488834319814,0.002129301687433082,-0.07848000000000001,0.17658,9.86886
3929292890,21.4,-0.03515093113516579,-0.10119419003063122,0.001064650843716541,0.11772,0.05886,9.83943
3934343395,21.4,-0.03834488366631542,-0.09054768159346581,0.0,0.30411,0.02943,9.91791
3939393900,21.4,-0.03089232776029963,-0.0756251164889143,0.001064650843716541,0.49050000000000005,-0.009810000000000001,9.79038
3944444405,21.4,-0.021310470166850764,-0.05007349623971732,0.001064650843716541,0.57879,0.0,9.82962
3949494910,21.4,-0.007452555906015787,-0.014905111812031574,0.0,0.64746,-0.02943,9.74133
3954545415,21.4,0.007452555906015787,0.0170518667919846,0.0,0.59841,0.0,9.7119
3959595920,21.4,0.011711159280881954,0.05220279792715039,-0.002129301687433082,0.48069000000000006,0.0,9.83943
3964646425,21.4,0.02663372438543347,0.0756251164889143,-0.001064650843716541,0.2943,0.039240000000000004,9.86886
3969696930,21.4,0.033021629447732716,0.09693558665576507,-0.003193952531149623,0.08829,0.11772,9.92772
3974747435,21.4,0.03515093113516579,0.10119419003063122,-0.001064650843716541,-0.08829,0.1962,9.888480000000001
3979797940,21.4,0.04366813788489812,0.08415977653116657,0.0,-0.27468000000000004,0.31392000000000003,9.73152
3984848445,21.4,0.03408628029144926,0.05752605214573309,-0.002129301687433082,-0.3924,0.43164,9.68247
3989898950,21.4,0.02556907354171693,0.03408628029144926,0.0,-0.44145,0.46107000000000004,9.67266
3994949455,21.4,0.005323254218582705,0.012775810124598492,0.0,-0.46107000000000004,0.41202000000000005,9.72171
3999999960,21.4,-0.012775810124598492,-0.008517206749732328,0.001064650843716541,-0.45126,0.23544,9.751140000000001
4005050465,21.4,-0.02769837522915001,-0.03089232776029963,0.002129301687433082,-0.45126,0.12753,9.81
4010100970,21.4,-0.03728023282259888,-0.05539675045830002,0.001064650843716541,-0.35316,0.02943,9.81
4015151475,21.4,-0.033021629447732716,-0.07670722062515077,0.002129301687433082,-0.18639,0.02943,9.86886
4020201980,21.4,-0.01918116847941768,-0.09161233243718235,0.0,0.0,0.13734000000000002,9.819809999999999
4025252485,21.4,-0.005323254218582705,-0.09800023749948161,0.0,0.25506,0.30411,9.81
4030302990,21.4,-0.007452555906015787,-0.08628907821859966,0.0,0.52974,0.24525000000000002,9.937529999999999
4035353495,21.4,-0.022375121010567305,-0.05646140130201656,-0.005323254218582705,0.6867000000000001,0.10791,9.7119
4040404000,21.4,-0.031956978604016174,-0.021310470166850764,-0.003193952531149623,0.6670800000000001,-0.04905,9.70209
4045454505,21.4,-0.02556907354171693,0.015987215948268057,0.0,0.56898,-0.07848000000000001,9.74133
4050505010,21.4,-0.003193952531149623,0.039409534510031964,0.004258603374866164,0.47088,-0.07848000000000001,9.81
4055555515,21.4,0.01064650843716541,0.06497860805174888,-0.002129301687433082,0.34335000000000004,-0.009810000000000001,9.95715
4060606020,21.4,0.028763026072866547,0.07670722062515077,-0.002129301687433082,0.17658,0.019620000000000002,9.91791
4065656525,21.4,0.044732788728614664,0.08841837990603273,0.0,0.009810000000000001,0.0981,9.82962
4070707030,21.4,0.04260348704118158,0.09161233243718235,-0.001064650843716541,-0.16677000000000003,0.26487,9.751140000000001
4075757535,21.4,0.044732788728614664,0.08309512568745003,-0.003193952531149623,-0.32373,0.38259000000000004,9.74133
4080808040,21.4,0.023439771854283843,0.06923721142661506,-0.003193952531149623,-0.45126,0.38259000000000004,9.85905
4085858545,21.4,0.011711159280881954,0.03728023282259888,-0.001064650843716541,-0.5395500000000001,0.33354000000000006,9.79038
4090909050,21.4,0.0,0.008517206749732328,0.0,-0.59841,0.33354000000000006,9.74133
4095959555,21.4,-0.011711159280881954,-0.01918116847941768,-0.001064650843716541,-0.5591700000000001,0.28449,9.751140000000001
4101010060,21.4,-0.012775810124598492,-0.05220279792715039,0.001064650843716541,-0.43164,0.25506,9.74133
4106060565,21.4,-0.02663372438543347,-0.0756251164889143,0.0,-0.27468000000000004,0.1962,9.72171
4111111070,21.4,-0.031956978604016174,-0.09480628496833199,0.0,-0.10791,0.17658,9.760950000000001
4116161575,21.4,-0.03621558197888234,-0.10866419922916695,0.002129301687433082,0.0981,0.17658,9.79038
4121212080,21.4,-0.03515093113516579,-0.10119419003063122,-0.002129301687433082,0.37278,0.14715,9.888480000000001
4126262585,21.4,-0.02982767691658309,-0.07883652231258387,0.0,0.59841,0.08829,9.92772
4131313090,21.4,-0.023439771854283843,-0.05220279792715039,0.0,0.70632,-0.039240000000000004,9.83943
4136363595,21.4,-0.01811651763570114,-0.0170518667919846,0.0,0.6867000000000001,-0.10791,9.751140000000001
4141414100,21.4,-0.00958185759344887,0.021310470166850764,-0.002129301687433082,0.5886,-0.10791,9.70209
4146464605,21.4,0.01064650843716541,0.05752605214573309,-0.002129301687433082,0.52974,-0.04905,9.73152
4151515110,21.4,0.01918116847941768,0.09587093581204853,-0.002129301687433082,0.31392000000000003,0.009810000000000001,9.84924
4156565615,21.4,0.0404741853537485,0.11292280260403312,-0.001064650843716541,0.05886,0.04905,9.82962
4161616120,21.4,0.04260348704118158,0.1171814059788993,-0.001064650843716541,-0.18639,0.17658,9.89829
4166666625,21.4,0.049008845396000776,0.10653489754173388,0.0,-0.41202000000000005,0.2943,9.86886
4171717130,21.4,0.046879543708567686,0.0852244273748831,0.0,-0.56898,0.37278,9.82962
4176767635,21.4,0.028763026072866547,0.05326744877086694,-0.002129301687433082,-0.6867000000000001,0.43164,9.760950000000001
4181818140,21.4,0.00958185759344887,0.014905111812031574,0.0,-0.69651,0.44145,9.70209
4186868645,21.4,-0.003193952531149623,-0.024504422698000388,0.0,-0.65727,0.41202000000000005,9.68247
4191919150,21.4,-0.020245819323134222,-0.06710790973918197,0.003193952531149623,-0.51993,0.40221,9.68247
4196969655,21.4,-0.03621558197888234,-0.11611675513518273,0.001064650843716541,-0.23544,0.32373,9.74133
4202020160,21.4,-0.044732788728614664,-0.14275047952061623,0.006387905062299246,0.04905,0.23544,9.819809999999999
4207070665,21.4,-0.060720004676882725,-0.14381513036433274,0.0,0.36297,0.14715,9.89829
4212121170,21.4,-0.06178465552059926,-0.12463396188491506,0.0,0.69651,-0.019620000000000002,9.87867
4217171675,21.4,-0.05646140130201656,-0.09267698328089889,0.001064650843716541,0.8240400000000001,-0.0981,9.84924
4222222180,21.4,-0.04153883619746504,-0.044732788728614664,-0.003193952531149623,0.9221400000000001,-0.1962,9.73152
4227272685,21.4,-0.01811651763570114,0.006387905062299246,-0.002129301687433082,0.89271,-0.20601000000000003,9.70209
4232323190,21.4,0.004258603374866164,0.060720004676882725,0.0,0.7848,-0.16677000000000003,9.78057
4237373695,21.4,0.02769837522915001,0.10866419922916695,-0.003193952531149623,0.57879,-0.06867000000000001,9.888480000000001
4242424200,21.4,0.04794419455228423,0.14594443205176583,-0.003193952531149623,0.23544,-0.009810000000000001,9.89829
4247474705,21.4,0.05646140130201656,0.15978489302008084,-0.002129301687433082,-0.08829,0.11772,9.89829
4252525210,21.4,0.06604325889546543,0.15126768627034853,-0.002129301687433082,-0.40221,0.20601000000000003,9.82962
4257575715,21.4,0.06604325889546543,0.13102186694721432,-0.002129301687433082,-0.6670800000000001,0.35316,9.78057
4262626220,21.4,0.06391395720803235,0.09480628496833199,-0.001064650843716541,-0.87309,0.57879,9.751140000000001
4267676725,21.4,0.039409534510031964,0.04581489286485115,0.0,-0.86328,0.6278400000000001,9.87867
4272727230,21.4,0.015987215948268057,-0.007452555906015787,0.0,-0.8829,0.52974,9.69228
4277777735,21.4,-0.020245819323134222,-0.05965535383316618,0.002129301687433082,-0.7749900000000001,0.48069000000000006,9.59418
4282828240,21.4,-0.044732788728614664,-0.11398745344774965,0.0,-0.5591700000000001,0.3924,9.64323
4287878745,21.4,-0.06284930636431581,-0.15446163880149816,0.001064650843716541,-0.25506,0.25506,9.81
4292929250,21.4,-0.07349581480148122,-0.17151350559348277,0.001064650843716541,0.06867000000000001,0.0981,9.89829
4297979755,21.4,-0.060720004676882725,-0.17364280728091586,0.002129301687433082,0.46107000000000004,0.0981,9.937529999999999
4303030260,21.4,-0.06497860805174888,-0.1416858286768997,0.0,0.8338500000000001,-0.05886,9.99639
4308080765,21.4,-0.049008845396000776,-0.09267698328089889,0.001064650843716541,1.00062,-0.20601000000000003,9.72171
4313131270,21.4,-0.04260348704118158,-0.023439771854283843,0.0,1.00062,-0.22563,9.65304
4318181775,21.4,-0.011711159280881954,0.046879543708567686,-0.004258603374866164,0.9221400000000001,-0.28449,9.69228
4323232280,21.4,0.0170518667919846,0.10545279340549739,-0.001064650843716541,0.69651,-0.17658,9.888480000000001
4328282785,21.4,0.0404741853537485,0.14594443205176583,0.0,0.3924,-0.0981,9.91791
4333333290,21.4,0.06391395720803235,0.16510814723866357,0.0,0.05886,-0.009810000000000001,9.937529999999999
4338383795,21.4,0.07349581480148122,0.16938420390604966,-0.003193952531149623,-0.31392000000000003,0.10791,9.83943
4343434300,21.4,0.07777187146886733,0.15872024217636432,-0.003193952531149623,-0.60822,0.25506,9.80019
4348484805,21.4,0.07456046564519776,0.11931070766633237,-0.002129301687433082,-0.89271,0.41202000000000005,9.72171
4353535310,21.4,0.06284930636431581,0.05752605214573309,-0.001064650843716541,-0.9908100000000001,0.7651800000000001,9.69228
4358585815,21.4,0.02982767691658309,-0.00958185759344887,0.0,-0.89271,0.8142300000000001,9.92772
4363636320,21.4,0.001064650843716541,-0.07670722062515077,0.001064650843716541,-0.71613,0.63765,9.623610000000001
4368686825,21.4,-0.049008845396000776,-0.1278279144160647,0.001064650843716541,-0.50031,0.5591700000000001,9.633420000000001
4373737330,21.4,-0.06604325889546543,-0.17470745812463237,0.003193952531149623,-0.15696000000000002,0.30411,9.7119
4378787835,21.4,-0.09161233243718235,-0.20027653166634932,0.001064650843716541,0.22563,0.18639,9.81
4383838340,21.4,-0.09800023749948161,-0.18961256993666398,0.001064650843716541,0.71613,-0.05886,9.87867
4388888845,21.4,-0.09267698328089889,-0.1374272253020335,0.002129301687433082,0.9711900000000001,-0.1962,9.937529999999999
4393939350,21.4,-0.06923721142661506,-0.07243116395776468,0.0,1.0791000000000002,-0.35316,9.770760000000001
4398989855,21.4,-0.033021629447732716,-0.012775810124598492,0.0,1.06929,-0.35316,9.760950000000001
4404040360,21.4,-0.012775810124598492,0.05220279792715039,-0.002129301687433082,0.9810000000000001,-0.31392000000000003,9.85905
4409090865,21.4,0.02556907354171693,0.11292280260403312,0.0,0.74556,-0.26487,9.888480000000001
4414141370,21.4,0.05113814708343386,0.16938420390604966,-0.001064650843716541,0.3924,-0.13734000000000002,9.92772
4419191875,21.4,0.07456046564519776,0.19921188082263275,-0.001064650843716541,0.0,-0.039240000000000004,9.84924
4424242380,21.4,0.08948303074974927,0.19921188082263275,-0.003193952531149623,-0.41202000000000005,0.11772,9.819809999999999
4429292885,21.4,0.09267698328089889,0.17470745812463237,-0.005323254218582705,-0.7651800000000001,0.27468000000000004,9.760950000000001
4434343390,21.4,0.09161233243718235,0.13102186694721432,-0.004258603374866164,-1.03986,0.45126,9.72171
4439393895,21.4,0.07883652231258387,0.06178465552059926,-0.001064650843716541,-1.16739,0.9221400000000001,9.7119
4444444400,21.4,0.03408628029144926,-0.006387905062299246,0.003193952531149623,-1.0791000000000002,0.85347,10.06506
4449494905,21.4,0.004258603374866164,-0.08841837990603273,0.003193952531149623,-0.94176,0.64746,9.53532
4454545410,21.4,-0.05752605214573309,-0.14381513036433274,0.001064650843716541,-0.6278400000000001,0.5493600000000001,9.54513
4459595915,21.4,-0.07243116395776468,-0.20134118251006583,0.004258603374866164,-0.26487,0.34335000000000004,9.66285
4464646420,21.4,-0.10119419003063122,-0.2130523417909478,0.001064650843716541,0.14715,0.20601000000000003,9.83943
4469696925,21.4,-0.10119419003063122,-0.20453513504121545,-0.001064650843716541,0.6278400000000001,-0.019620000000000002,9.908100000000001
4474747430,21.4,-0.10012953918691468,-0.15872024217636432,0.0,0.9613800000000001,-0.1962,10.006200000000002
4479797935,21.4,-0.07777187146886733,-0.09800023749948161,0.001064650843716541,1.1281500000000002,-0.42183,9.80019
4484848440,21.4,-0.05113814708343386,-0.031956978604016174,-0.002129301687433082,1.1477700000000002,-0.36297,9.72171
4489898945,21.4,-0.023439771854283843,0.04366813788489812,-0.003193952531149623,1.1281500000000002,-0.33354000000000006,9.83943
4494949450,21.4,0.01811651763570114,0.10119419003063122,-0.001064650843716541,0.87309,-0.31392000000000003,9.89829
4499999955,21.4,0.04581489286485115,0.15446163880149816,-0.002129301687433082,0.5591700000000001,-0.14715,9.89829
4505050460,21.4,0.0756251164889143,0.17896606149949854,-0.003193952531149623,0.1962,-0.04905,9.888480000000001
4510100965,21.4,0.09480628496833199,0.18109536318693162,0.001064650843716541,-0.20601000000000003,0.10791,9.81
4515151470,21.4,0.09906488834319814,0.1672549022186166,-0.004258603374866164,-0.52974,0.27468000000000004,9.74133
4520201975,21.4,0.09587093581204853,0.13849187614575004,-0.004258603374866164,-0.8142300000000001,0.51012,9.74133
4525252480,21.4,0.09054768159346581,0.08948303074974927,-0.001064650843716541,-0.94176,0.8829,9.74133
4530302985,21.4,0.039409534510031964,0.03728023282259888,0.001064650843716541,-0.94176,0.86328,10.025820000000001
4535353490,21.4,0.002129301687433082,-0.03408628029144926,-0.002129301687433082,-0.9123300000000001,0.56898,9.59418
4540403995,21.4,-0.044732788728614664,-0.09161233243718235,0.003193952531149623,-0.74556,0.51012,9.55494
4545454500,21.4,-0.07030186227033158,-0.15126768627034853,0.001064650843716541,-0.47088,0.30411,9.633420000000001
4550505005,21.4,-0.07777187146886733,-0.1832246648743647,0.003193952531149623,-0.13734000000000002,0.14715,9.819809999999999
4555555510,21.4,-0.08415977653116657,-0.19280652246781357,0.003193952531149623,0.22563,0.11772,9.84924
4560606015,21.4,-0.07777187146886733,-0.17257815643719931,0.001064650843716541,0.71613,-0.12753,10.05525
4565656520,21.4,-0.06604325889546543,-0.12037535851004891,0.0,0.9711900000000001,-0.23544,9.84924
4570707025,21.4,-0.054332099614583476,-0.05113814708343386,0.0,1.03986,-0.2943,9.69228
4575757530,21.4,-0.0170518667919846,0.015987215948268057,-0.005323254218582705,1.01043,-0.31392000000000003,9.74133
4580808035,21.4,0.007452555906015787,0.08628907821859966,-0.003193952531149623,0.84366,-0.20601000000000003,9.82962
4585858540,21.4,0.03515093113516579,0.1352804703220805,0.0,0.56898,-0.18639,9.908100000000001
4590909045,21.4,0.05752605214573309,0.16831955306233315,-0.003193952531149623,0.20601000000000003,-0.02943,9.87867
4595959550,21.4,0.07136651311404815,0.1800307123432151,-0.003193952531149623,-0.16677000000000003,0.06867000000000001,9.81
4601010055,21.4,0.08309512568745003,0.16510814723866357,-0.001064650843716541,-0.5395500000000001,0.1962,9.80019
4606060560,21.4,0.0852244273748831,0.1288925652597812,-0.003193952531149623,-0.80442,0.33354000000000006,9.751140000000001
4611111065,21.4,0.0756251164889143,0.0756251164889143,-0.001064650843716541,-0.9319500000000001,0.80442,9.760950000000001
4616161570,21.4,0.046879543708567686,0.01811651763570114,0.0,-0.8829,0.75537,9.98658
4621212075,21.4,0.01811651763570114,-0.03728023282259888,0.003193952531149623,-0.8338500000000001,0.65727,9.7119
4626262580,21.4,-0.03834488366631542,-0.08203047484373349,0.001064650843716541,-0.6278400000000001,0.49050000000000005,9.5157
4631313085,21.4,-0.05646140130201656,-0.13634512116579703,0.0,-0.43164,0.35316,9.623610000000001
4636363590,21.4,-0.07777187146886733,-0.1672549022186166,0.002129301687433082,-0.12753,0.22563,9.73152
4641414095,21.4,-0.07990117315630041,-0.1832246648743647,0.002129301687433082,0.28449,0.16677000000000003,9.888480000000001
4646464600,21.4,-0.07456046564519776,-0.17683675981206545,0.003193952531149623,0.73575,-0.02943,10.03563
4651515105,21.4,-0.07243116395776468,-0.13421581947836395,0.001064650843716541,0.9711900000000001,-0.15696000000000002,9.89829
4656565610,21.4,-0.06710790973918197,-0.07456046564519776,-0.001064650843716541,1.10853,-0.30411,9.751140000000001
4661616115,21.4,-0.02982767691658309,-0.014905111812031574,-0.001064650843716541,1.06929,-0.31392000000000003,9.73152
4666666620,21.4,-0.008517206749732328,0.05113814708343386,-0.002129301687433082,1.01043,-0.27468000000000004,9.86886
4671717125,21.4,0.021310470166850764,0.11185815176031658,-0.003193952531149623,0.7749900000000001,-0.20601000000000003,9.888480000000001
4676767630,21.4,0.04794419455228423,0.16404349639494703,-0.001064650843716541,0.46107000000000004,-0.0981,9.86886
4681818135,21.4,0.07243116395776468,0.20027653166634932,-0.002129301687433082,-0.009810000000000001,0.019620000000000002,9.83943
4686868640,21.4,0.08309512568745003,0.20347048419749894,-0.001064650843716541,-0.41202000000000005,0.15696000000000002,9.819809999999999
4691919145,21.4,0.08628907821859966,0.18216001403064813,-0.004258603374866164,-0.7848,0.28449,9.770760000000001
4696969650,21.4,0.08203047484373349,0.14275047952061623,-0.003193952531149623,-1.0791000000000002,0.43164,9.770760000000001
4702020155,21.4,0.06710790973918197,0.07777187146886733,0.0,-1.2360600000000002,0.7848,9.751140000000001
4707070660,21.4,0.04366813788489812,0.0,0.0,-1.22625,0.75537,9.96696
4712121165,21.4,0.004258603374866164,-0.07777187146886733,-0.001064650843716541,-1.03005,0.70632,9.64323
4717171670,21.4,-0.04581489286485115,-0.14700908289548237,0.0,-0.72594,0.5591700000000001,9.52551
4722222175,21.4,-0.06817256058289851,-0.20453513504121545,0.003193952531149623,-0.33354000000000006,0.44145,9.6138
4727272680,21.4,-0.09374163412461543,-0.2279749068954993,0.001064650843716541,0.10791,0.2943,9.74133
4732323185,21.4,-0.09906488834319814,-0.22156954854068012,0.002129301687433082,0.65727,0.06867000000000001,9.87867
4737373690,21.4,-0.11398745344774965,-0.1672549022186166,0.004258603374866164,1.02024,-0.15696000000000002,10.006200000000002
4742424195,21.4,-0.09374163412461543,-0.11292280260403312,0.0,1.16739,-0.44145,9.770760000000001
4747474700,21.4,-0.06710790973918197,-0.046879543708567686,-0.003193952531149623,1.20663,-0.37278,9.74133
4752525205,21.4,-0.02982767691658309,0.03089232776029963,-0.003193952531149623,1.22625,-0.42183,9.87867
4757575710,21.4,0.013840460968315033,0.10332349171806432,-0.002129301687433082,1.01043,-0.35316,9.888480000000001
4762626215,21.4,0.03728023282259888,0.15978489302008084,0.0,0.65727,-0.22563,9.908100000000001
4767676720,21.4,0.06923721142661506,0.18109536318693162,-0.005323254218582705,0.26487,-0.07848000000000001,9.87867
4772727225,21.4,0.09161233243718235,0.19067722078038052,-0.003193952531149623,-0.12753,0.04905,9.81
4777777730,21.4,0.10225884087434776,0.18641861740551433,-0.002129301687433082,-0.48069000000000006,0.20601000000000003,9.78057
4782828235,21.4,0.10545279340549739,0.15446163880149816,-0.006387905062299246,-0.8240400000000001,0.34335000000000004,9.79038
4787878740,21.4,0.09587093581204853,0.10225884087434776,-0.004258603374866164,-1.02024,0.89271,9.79038
4792929245,21.4,0.07136651311404815,0.039409534510031964,0.0,-1.02024,0.8338500000000001,10.01601
4797979750,21.4,0.02663372438543347,-0.0170518667919846,0.001064650843716541,-1.02024,0.6867000000000001,9.69228
4803030255,21.4,-0.044732788728614664,-0.07990117315630041,0.0,-0.80442,0.59841,9.4176
4808080760,21.4,-0.05859070298944965,-0.14913838458291545,0.004258603374866164,-0.5493600000000001,0.37278,9.623610000000001
4813131265,21.4,-0.08203047484373349,-0.18535396656179778,0.003193952531149623,-0.22563,0.21582,9.74133
4818181770,21.4,-0.09480628496833199,-0.19493582415524666,0.001064650843716541,0.17658,0.10791,9.87867
4823232275,21.4,-0.08096582400001695,-0.18748326824923087,0.0,0.56898,-0.06867000000000001,9.97677
4828282780,21.4,-0.08203047484373349,-0.14275047952061623,0.002129301687433082,0.89271,-0.1962,9.97677
4833333285,21.4,-0.06178465552059926,-0.08415977653116657,0.003193952531149623,1.04967,-0.34335000000000004,9.78057
4838383790,21.4,-0.02982767691658309,-0.015987215948268057,-0.001064650843716541,1.04967,-0.31392000000000003,9.7119
4843434295,21.4,-0.007452555906015787,0.05539675045830002,0.0,0.95157,-0.22563,9.78057
4848484800,21.4,0.03515093113516579,0.10438814256178083,-0.001064650843716541,0.7749900000000001,-0.21582,9.80019
4853535305,21.4,0.05113814708343386,0.15659094048893124,-0.001064650843716541,0.41202000000000005,-0.07848000000000001,9.85905
4858585810,21.4,0.06391395720803235,0.17683675981206545,-0.003193952531149623,0.05886,0.009810000000000001,9.87867
4863636315,21.4,0.08309512568745003,0.1672549022186166,0.0,-0.31392000000000003,0.14715,9.84924
4868686820,21.4,0.08309512568745003,0.1416858286768997,-0.001064650843716541,-0.60822,0.30411,9.819809999999999
4873737325,21.4,0.0852244273748831,0.10759954838545042,-0.001064650843716541,-0.8338500000000001,0.6278400000000001,9.79038
4878787830,21.4,0.07777187146886733,0.05220279792715039,0.001064650843716541,-0.86328,0.80442,9.87867
4883838335,21.4,0.02769837522915001,-0.006387905062299246,0.0,-0.80442,0.75537,9.84924
4888888840,21.4,-0.0170518667919846,-0.06391395720803235,0.003193952531149623,-0.64746,0.5591700000000001,9.53532
4893939345,21.4,-0.046879543708567686,-0.11398745344774965,0.002129301687433082,-0.52974,0.40221,9.57456
4898989850,21.4,-0.07349581480148122,-0.15339698795778162,0.004258603374866164,-0.22563,0.30411,9.64323
4904040355,21.4,-0.07883652231258387,-0.18428931571808121,0.003193952531149623,0.11772,0.15696000000000002,9.86886
4909090860,21.4,-0.08415977653116657,-0.17896606149949854,0.0,0.56898,-0.009810000000000001,9.97677
4914141365,21.4,-0.0852244273748831,-0.1331511686346474,0.0,0.8338500000000001,-0.16677000000000003,9.97677
4919191870,21.4,-0.06178465552059926,-0.07883652231258387,0.002129301687433082,0.9613800000000001,-0.31392000000000003,9.78057
4924242375,21.4,-0.033021629447732716,-0.00958185759344887,-0.003193952531149623,0.9711900000000001,-0.27468000000000004,9.751140000000001
4929292880,21.4,-0.00958185759344887,0.06391395720803235,-0.002129301687433082,0.87309,-0.23544,9.80019
4934343385,21.4,0.023439771854283843,0.12356931104119852,0.0,0.63765,-0.21582,9.82962
4939393890,21.4,0.046879543708567686,0.16191419470751395,-0.002129301687433082,0.25506,-0.0981,9.87867
4944444395,21.4,0.06178465552059926,0.17896606149949854,-0.002129301687433082,-0.10791,0.0,9.819809999999999
4949494900,21.4,0.07990117315630041,0.1672549022186166,-0.004258603374866164,-0.44145,0.11772,9.81
4954545405,21.4,0.08309512568745003,0.13634512116579703,-0.001064650843716541,-0.71613,0.28449,9.78057
4959595910,21.4,0.07990117315630041,0.09054768159346581,-0.004258603374866164,-0.90252,0.48069000000000006,9.770760000000001
4964646415,21.4,0.07349581480148122,0.039409534510031964,0.0,-0.9319500000000001,0.8240400000000001,9.74133
4969696920,21.4,0.023439771854283843,-0.007452555906015787,0.0,-0.86328,0.8338500000000001,9.98658
4974747425,21.4,0.005323254218582705,-0.07456046564519776,0.003193952531149623,-0.6867000000000001,0.5493600000000001,9.5157
4979797930,21.4,-0.05113814708343386,-0.11824605682261582,0.005323254218582705,-0.51012,0.5493600000000001,9.54513
4984848435,21.4,-0.06923721142661506,-0.1629788455512305,0.0,-0.1962,0.28449,9.623610000000001
4989898940,21.4,-0.08735372906231618,-0.18428931571808121,0.002129301687433082,0.14715,0.1962,9.82962
4994949445,21.4,-0.08948303074974927,-0.18216001403064813,0.002129301687433082,0.5886,0.02943,9.908100000000001
4999999950,21.4,-0.08948303074974927,-0.15233233711406508,0.0,0.8829,-0.12753,10.01601
5005050455,21.4,-0.07243116395776468,-0.10653489754173388,-0.002129301687433082,1.1183400000000001,-0.2943,9.819809999999999
5010100960,21.4,-0.046879543708567686,-0.04581489286485115,0.0,1.1870100000000001,-0.31392000000000003,9.770760000000001
5015151465,21.4,-0.0170518667919846,0.020245819323134222,-0.003193952531149623,1.13796,-0.32373,9.770760000000001
5020201970,21.4,0.015987215948268057,0.09161233243718235,-0.001064650843716541,0.9613800000000001,-0.25506,9.89829
5025252475,21.4,0.04153883619746504,0.15339698795778162,-0.001064650843716541,0.64746,-0.17658,9.89829
5030302980,21.4,0.06497860805174888,0.19921188082263275,-0.003193952531149623,0.22563,-0.07848000000000001,9.92772
5035353485,21.4,0.07670722062515077,0.2151816434783809,-0.005323254218582705,-0.20601000000000003,0.04905,9.86886
5040403990,21.4,0.08735372906231618,0.21198769094723127,-0.004258603374866164,-0.65727,0.24525000000000002,9.819809999999999
5045454495,21.4,0.09054768159346581,0.18216001403064813,-0.003193952531149623,-1.03986,0.33354000000000006,9.770760000000001
5050505000,21.4,0.08203047484373349,0.12144000935376545,0.0,-1.2753,0.5591700000000001,9.751140000000001
5055555505,21.4,0.06284930636431581,0.04260348704118158,0.002129301687433082,-1.40283,0.8338500000000001,9.79038
5060606010,21.4,0.02663372438543347,-0.04794419455228423,0.0,-1.26549,0.79461,9.85905
5065656515,21.4,-0.013840460968315033,-0.1278279144160647,0.002129301687433082,-0.94176,0.71613,9.5157
5070707020,21.4,-0.05859070298944965,-0.19493582415524666,0.001064650843716541,-0.59841,0.57879,9.60399
5075757525,21.4,-0.07777187146886733,-0.2428800187075309,0.004258603374866164,-0.10791,0.41202000000000005,9.67266
5080808030,21.4,-0.10866419922916695,-0.24926792376983012,0.003193952531149623,0.42183,0.30411,9.81
5085858535,21.4,-0.11611675513518273,-0.2236988502281132,0.0,1.01043,-0.08829,9.91791
5090909040,21.4,-0.11292280260403312,-0.1704488547497662,0.005323254218582705,1.2753,-0.2943,9.82962
5095959545,21.4,-0.09906488834319814,-0.08948303074974927,0.0,1.39302,-0.45126,9.72171
5101010050,21.4,-0.05539675045830002,-0.015987215948268057,-0.003193952531149623,1.3832099999999998,-0.51012,9.73152
5106060555,21.4,-0.022375121010567305,0.06817256058289851,0.0,1.24587,-0.42183,9.91791
5111111060,21.4,0.020245819323134222,0.13849187614575004,-0.002129301687433082,1.02024,-0.3924,9.95715
5116161565,21.4,0.05859070298944965,0.19600047499896323,-0.002129301687433082,0.5493600000000001,-0.20601000000000003,9.97677
5121212070,21.4,0.08415977653116657,0.2279749068954993,-0.005323254218582705,0.13734000000000002,-0.06867000000000001,9.83943
5126262575,21.4,0.10866419922916695,0.22689280275926285,-0.005323254218582705,-0.38259000000000004,0.06867000000000001,9.819809999999999
5131313080,21.4,0.1097288500728835,0.2130523417909478,-0.006387905062299246,-0.79461,0.26487,9.79038
5136363585,21.4,0.1097288500728835,0.17257815643719931,-0.004258603374866164,-1.1183400000000001,0.40221,9.78057
5141414090,21.4,0.10545279340549739,0.10545279340549739,-0.003193952531149623,-1.3243500000000001,0.9221400000000001,9.760950000000001
5146464595,21.4,0.07456046564519776,0.021310470166850764,0.003193952531149623,-1.3734000000000002,0.9613800000000001,9.94734
5151515100,21.4,0.0170518667919846,-0.05752605214573309,0.004258603374866164,-1.2360600000000002,0.84366,9.760950000000001
5156565605,21.4,-0.039409534510031964,-0.1331511686346474,0.0,-0.86328,0.6180300000000001,9.39798
5161616110,21.4,-0.07136651311404815,-0.19600047499896323,0.003193952531149623,-0.57879,0.44145,9.60399
5166666615,21.4,-0.10332349171806432,-0.22903955773921586,0.004258603374866164,-0.10791,0.20601000000000003,9.73152
5171717120,21.4,-0.10866419922916695,-0.23329816111408203,0.001064650843716541,0.38259000000000004,0.08829,9.87867
5176767625,21.4,-0.10866419922916695,-0.20240583335378237,0.001064650843716541,0.8829,-0.14715,10.006200000000002
5181818130,21.4,-0.09161233243718235,-0.1416858286768997,0.002129301687433082,1.1183400000000001,-0.33354000000000006,9.85905
5186868635,21.4,-0.0756251164889143,-0.06284930636431581,-0.001064650843716541,1.22625,-0.37278,9.72171
5191919140,21.4,-0.02769837522915001,-0.001064650843716541,0.0,1.26549,-0.43164,9.74133
5196969645,21.4,0.0,0.06923721142661506,0.0,1.10853,-0.27468000000000004,9.819809999999999
5202020150,21.4,0.03728023282259888,0.13208651779093086,0.0,0.85347,-0.24525000000000002,9.87867
5207070655,21.4,0.07136651311404815,0.18428931571808121,-0.001064650843716541,0.44145,-0.13734000000000002,9.91791
5212121160,21.4,0.08415977653116657,0.20879373841608162,-0.004258603374866164,0.0,0.02943,9.82962
5217171665,21.4,0.09374163412461543,0.20027653166634932,-0.004258603374866164,-0.37278,0.16677000000000003,9.79038
5222222170,21.4,0.09800023749948161,0.17470745812463237,-0.004258603374866164,-0.74556,0.31392000000000003,9.770760000000001
5227272675,21.4,0.09480628496833199,0.11931070766633237,-0.002129301687433082,-1.02024,0.6867000000000001,9.70209
5232323180,21.4,0.08735372906231618,0.03728023282259888,-0.001064650843716541,-1.03005,0.9711900000000001,9.80019
5237373685,21.4,0.01918116847941768,-0.031956978604016174,0.002129301687433082,-0.9123300000000001,0.94176,10.01601
5242424190,21.4,-0.01811651763570114,-0.1097288500728835,0.0,-0.65727,0.60822,9.52551
5247474695,21.4,-0.06604325889546543,-0.15339698795778162,0.002129301687433082,-0.43164,0.44145,9.59418
5252525200,21.4,-0.09800023749948161,-0.17683675981206545,0.0,-0.10791,0.13734000000000002,9.633420000000001
5257575705,21.4,-0.09800023749948161,-0.1832246648743647,0.001064650843716541,0.21582,0.0,9.84924
5262626210,21.4,-0.10119419003063122,-0.15339698795778162,0.0,0.56898,-0.1962,9.98658
5267676715,21.4,-0.0756251164889143,-0.10866419922916695,0.002129301687433082,0.7848,-0.28449,9.98658
5272727220,21.4,-0.05113814708343386,-0.049008845396000776,-0.003193952531149623,0.9123300000000001,-0.30411,9.87867
5277777725,21.4,-0.022375121010567305,0.022375121010567305,-0.001064650843716541,0.87309,-0.2943,9.85905
5282828230,21.4,0.005323254218582705,0.08096582400001695,0.001064650843716541,0.71613,-0.25506,9.81
5287878735,21.4,0.03408628029144926,0.1278279144160647,-0.001064650843716541,0.41202000000000005,-0.16677000000000003,9.819809999999999
5292929240,21.4,0.05646140130201656,0.15765559133264778,-0.001064650843716541,0.08829,-0.04905,9.81
5297979745,21.4,0.07777187146886733,0.16404349639494703,0.0,-0.21582,0.04905,9.79038
5303030250,21.4,0.0852244273748831,0.13955652698946658,0.0,-0.5395500000000001,0.18639,9.760950000000001
5308080755,21.4,0.08948303074974927,0.09800023749948161,0.0,-0.72594,0.34335000000000004,9.68247
5313131260,21.4,0.08096582400001695,0.04366813788489812,-0.003193952531149623,-0.8142300000000001,0.86328,9.69228
5318181765,21.4,0.05113814708343386,-0.013840460968315033,0.0,-0.6768900000000001,0.89271,9.98658
5323232270,21.4,0.013840460968315033,-0.07990117315630041,0.001064650843716541,-0.5493600000000001,0.80442,9.68247
5328282775,21.4,-0.05646140130201656,-0.12144000935376545,0.0,-0.26487,0.56898,9.55494
5333333280,21.4,-0.0756251164889143,-0.15872024217636432,0.002129301687433082,0.009810000000000001,0.2943,9.59418
5338383785,21.4,-0.10012953918691468,-0.17257815643719931,0.0,0.30411,0.17658,9.72171
5343434290,21.4,-0.09587093581204853,-0.15872024217636432,0.0,0.70632,-0.14715,9.908100000000001
5348484795,21.4,-0.09267698328089889,-0.10332349171806432,0.003193952531149623,0.84366,-0.25506,9.91791
5353535300,21.4,-0.07030186227033158,-0.04794419455228423,0.0,0.94176,-0.32373,9.84924
5358585805,21.4,-0.04153883619746504,0.011711159280881954,-0.001064650843716541,0.94176,-0.36297,9.97677
5363636310,21.4,-0.01064650843716541,0.0852244273748831,0.0,0.73575,-0.35316,9.888480000000001
5368686815,21.4,0.021310470166850764,0.14700908289548237,-0.001064650843716541,0.47088,-0.23544,9.937529999999999
5373737320,21.4,0.049008845396000776,0.17683675981206545,0.0,0.07848000000000001,-0.15696000000000002,9.86886
5378787825,21.4,0.06923721142661506,0.1800307123432151,-0.003193952531149623,-0.26487,0.0,9.819809999999999
5383838330,21.4,0.08628907821859966,0.16617279808238014,0.0,-0.60822,0.08829,9.760950000000001
5388888835,21.4,0.09161233243718235,0.1288925652597812,0.0,-0.89271,0.24525000000000002,9.73152
5393939340,21.4,0.08735372906231618,0.07349581480148122,-0.002129301687433082,-1.03986,0.38259000000000004,9.72171
5398989845,21.4,0.08203047484373349,0.008517206749732328,-0.001064650843716541,-1.05948,0.9810000000000001,9.66285
5404040350,21.4,0.05646140130201656,-0.054332099614583476,0.001064650843716541,-0.8142300000000001,0.89271,10.06506
5409090855,21.4,0.0,-0.11611675513518273,-0.003193952531149623,-0.59841,0.71613,9.6138
5414141360,21.4,-0.06710790973918197,-0.15126768627034853,0.003193952531149623,-0.28449,0.57879,9.45684
5419191865,21.4,-0.07883652231258387,-0.18748326824923087,0.003193952531149623,0.07848000000000001,0.26487,9.50589
5424242370,21.4,-0.10545279340549739,-0.18641861740551433,0.0,0.42183,0.22563,9.7119
5429292875,21.4,-0.1097288500728835,-0.17151350559348277,0.0,0.90252,-0.07848000000000001,9.89829
5434343380,21.4,-0.09693558665576507,-0.13102186694721432,0.001064650843716541,1.0987200000000001,-0.26487,9.85905
5439393885,21.4,-0.08309512568745003,-0.06604325889546543,0.002129301687433082,1.16739,-0.36297,9.81
5444444390,21.4,-0.04260348704118158,-0.01064650843716541,-0.003193952531149623,1.1772,-0.43164,9.84924
5449494895,21.4,-0.008517206749732328,0.05965535383316618,0.0,1.04967,-0.32373,9.92772
5454545400,21.4,0.022375121010567305,0.12569861272863161,0.0,0.84366,-0.26487,9.92772
5459595905,21.4,0.05220279792715039,0.18428931571808121,-0.004258603374866164,0.44145,-0.17658,9.91791
5464646410,21.4,0.07670722062515077,0.21198769094723127,-0.001064650843716541,-0.009810000000000001,-0.009810000000000001,9.819809999999999
5469696915,21.4,0.09480628496833199,0.2130523417909478,-0.002129301687433082,-0.41202000000000005,0.08829,9.760950000000001
5474747420,21.4,0.09480628496833199,0.19067722078038052,-0.006387905062299246,-0.8142300000000001,0.26487,9.81
5479797925,21.4,0.09480628496833199,0.14487978120804929,-0.003193952531149623,-1.0987200000000001,0.38259000000000004,9.83943
5484848430,21.4,0.0852244273748831,0.0852244273748831,-0.003193952531149623,-1.29492,0.79461,9.819809999999999
5489898935,21.4,0.06817256058289851,0.01064650843716541,-0.001064650843716541,-1.2851100000000002,0.79461,9.98658
5494949440,21.4,0.013840460968315033,-0.05965535383316618,0.001064650843716541,-1.1477700000000002,0.7651800000000001,9.819809999999999
5499999945,21.4,-0.02769837522915001,-0.13421581947836395,0.002129301687433082,-0.80442,0.52974,9.40779
5505050450,21.4,-0.060720004676882725,-0.18854791909294744,0.002129301687433082,-0.51012,0.52974,9.54513
5510100955,21.4,-0.08203047484373349,-0.21731094516581398,0.003193952531149623,-0.06867000000000001,0.36297,9.633420000000001
5515151460,21.4,-0.09587093581204853,-0.22903955773921586,0.0,0.43164,0.24525000000000002,9.86886
5520201965,21.4,-0.1097288500728835,-0.20666443672864854,0.001064650843716541,0.9613800000000001,-0.05886,9.92772
5525252470,21.4,-0.10438814256178083,-0.150203035426632,0.0,1.19682,-0.27468000000000004,9.819809999999999
5530302975,21.4,-0.08628907821859966,-0.07777187146886733,0.0,1.3047300000000002,-0.41202000000000005,9.751140000000001
5535353480,21.4,-0.04153883619746504,-0.01064650843716541,-0.002129301687433082,1.29492,-0.46107000000000004,9.770760000000001
5540403985,21.4,-0.012775810124598492,0.06284930636431581,0.0,1.20663,-0.33354000000000006,9.888480000000001
5545454490,21.4,0.024504422698000388,0.1288925652597812,-0.002129301687433082,0.9613800000000001,-0.31392000000000003,9.85905
5550504995,21.4,0.06284930636431581,0.17896606149949854,-0.002129301687433082,0.57879,-0.13734000000000002,9.89829
5555555500,21.4,0.08415977653116657,0.19708257913519966,-0.003193952531149623,0.15696000000000002,-0.019620000000000002,9.78057
5560606005,21.4,0.09800023749948161,0.19921188082263275,-0.002129301687433082,-0.26487,0.10791,9.82962
5565656510,21.4,0.10119419003063122,0.18428931571808121,-0.003193952531149623,-0.63765,0.2943,9.85905
5570707015,21.4,0.10012953918691468,0.1555262896452147,-0.003193952531149623,-0.94176,0.46107000000000004,9.89829
5575757520,21.4,0.08948303074974927,0.10332349171806432,-0.002129301687433082,-1.15758,0.89271,9.84924
5580808025,21.4,0.04153883619746504,0.049008845396000776,0.0,-1.19682,0.7848,10.074869999999999
5585858530,21.4,0.011711159280881954,-0.024504422698000388,-0.001064650843716541,-1.15758,0.52974,9.52551
5590909035,21.4,-0.04153883619746504,-0.07883652231258387,0.001064650843716541,-0.9711900000000001,0.5493600000000001,9.42741
5595959540,21.4,-0.05752605214573309,-0.14381513036433274,0.003193952531149623,-0.69651,0.37278,9.60399
5601010045,21.4,-0.07136651311404815,-0.18748326824923087,0.002129301687433082,-0.38259000000000004,0.25506,9.80019
5606060550,21.4,-0.09161233243718235,-0.2130523417909478,0.001064650843716541,0.02943,0.0981,9.91791
5611111055,21.4,-0.08203047484373349,-0.22263419938439669,0.0,0.51012,0.06867000000000001,9.96696
5616161560,21.4,-0.08948303074974927,-0.17896606149949854,-0.001064650843716541,0.9908100000000001,-0.05886,10.045440000000001
5621212065,21.4,-0.06178465552059926,-0.12037535851004891,0.002129301687433082,1.2360600000000002,-0.28449,9.69228
5626262570,21.4,-0.05113814708343386,-0.04153883619746504,0.0,1.26549,-0.33354000000000006,9.57456
5631313075,21.4,-0.022375121010567305,0.020245819323134222,-0.002129301687433082,1.2556800000000001,-0.31392000000000003,9.59418
5636363580,21.4,0.011711159280881954,0.09054768159346581,0.0,1.04967,-0.25506,9.84924
5641414085,21.4,0.04366813788489812,0.14700908289548237,-0.002129301687433082,0.7651800000000001,-0.16677000000000003,9.888480000000001
5646464590,21.4,0.060720004676882725,0.1800307123432151,-0.002129301687433082,0.35316,-0.039240000000000004,9.89829
5651515095,21.4,0.07883652231258387,0.19600047499896323,-0.007452555906015787,-0.039240000000000004,0.0981,9.89829
5656565600,21.4,0.08735372906231618,0.19708257913519966,-0.002129301687433082,-0.46107000000000004,0.22563,9.86886
5661616105,21.4,0.08735372906231618,0.1672549022186166,-0.002129301687433082,-0.8142300000000001,0.33354000000000006,9.78057
5666666610,21.4,0.07670722062515077,0.11398745344774965,-0.003193952531149623,-1.05948,0.6278400000000001,9.73152
5671717115,21.4,0.06391395720803235,0.04153883619746504,-0.001064650843716541,-1.06929,0.79461,9.751140000000001
5676767620,21.4,0.013840460968315033,-0.01811651763570114,0.0,-1.02024,0.80442,9.79038
5681818125,21.4,-0.022375121010567305,-0.09161233243718235,-0.001064650843716541,-0.8142300000000001,0.60822,9.57456
5686868630,21.4,-0.05326744877086694,-0.15233233711406508,0.002129301687433082,-0.60822,0.41202000000000005,9.68247
5691919135,21.4,-0.08841837990603273,-0.18535396656179778,0.0,-0.21582,0.17658,9.760950000000001
5696969640,21.4,-0.09693558665576507,-0.20666443672864854,0.002129301687433082,0.15696000000000002,0.07848000000000001,9.86886
5702020145,21.4,-0.08841837990603273,-0.19493582415524666,0.001064650843716541,0.60822,-0.07848000000000001,9.937529999999999
5707070650,21.4,-0.08096582400001695,-0.1374272253020335,0.003193952531149623,0.9319500000000001,-0.22563,9.97677
5712121155,21.4,-0.05965535383316618,-0.07349581480148122,0.003193952531149623,1.06929,-0.34335000000000004,9.74133
5717171660,21.4,-0.03089232776029963,-0.01064650843716541,-0.003193952531149623,1.05948,-0.31392000000000003,9.7119
5722222165,21.4,-0.007452555906015787,0.060720004676882725,-0.002129301687433082,0.9613800000000001,-0.22563,9.80019
5727272670,21.4,0.028763026072866547,0.12356931104119852,-0.003193952531149623,0.73575,-0.22563,9.84924
5732323175,21.4,0.05113814708343386,0.17683675981206545,-0.002129301687433082,0.34335000000000004,-0.05886,9.937529999999999
5737373680,21.4,0.06497860805174888,0.19921188082263275,-0.005323254218582705,-0.06867000000000001,0.009810000000000001,9.87867
5742424185,21.4,0.08096582400001695,0.1832246648743647,0.0,-0.44145,0.14715,9.819809999999999
5747474690,21.4,0.08415977653116657,0.15126768627034853,-0.002129301687433082,-0.7651800000000001,0.26487,9.72171
5752525195,21.4,0.08628907821859966,0.09693558665576507,-0.001064650843716541,-0.95157,0.42183,9.633420000000001
5757575700,21.4,0.07883652231258387,0.013840460968315033,0.0,-0.9908100000000001,1.03005,9.58437
5762626205,21.4,0.02982767691658309,-0.06391395720803235,0.002129301687433082,-0.74556,0.9613800000000001,10.08468
5767676710,21.4,-0.004258603374866164,-0.13208651779093086,0.0,-0.50031,0.7651800000000001,9.66285
5772727215,21.4,-0.07777187146886733,-0.16510814723866357,0.002129301687433082,-0.15696000000000002,0.50031,9.59418
5777777720,21.4,-0.09906488834319814,-0.19921188082263275,0.002129301687433082,0.23544,0.17658,9.633420000000001
5782828225,21.4,-0.1097288500728835,-0.18641861740551433,0.001064650843716541,0.60822,0.0,9.83943
5787878730,21.4,-0.11931070766633237,-0.12569861272863161,0.0,0.89271,-0.28449,9.94734
5792929235,21.4,-0.08415977653116657,-0.07243116395776468,0.002129301687433082,0.95157,-0.38259000000000004,9.888480000000001
5797979740,21.4,-0.05539675045830002,-0.0,-0.001064650843716541,1.00062,-0.40221,9.94734
5803030245,21.4,-0.024504422698000388,0.07456046564519776,0.001064650843716541,0.8338500000000001,-0.38259000000000004,9.95715
5808080750,21.4,0.006387905062299246,0.14275047952061623,0.0,0.57879,-0.32373,9.937529999999999
5813131255,21.4,0.0404741853537485,0.19493582415524666,-0.002129301687433082,0.16677000000000003,-0.23544,9.908100000000001
5818181760,21.4,0.06923721142661506,0.2162462943220974,-0.003193952531149623,-0.27468000000000004,-0.08829,9.91791
5823232265,21.4,0.08948303074974927,0.19921188082263275,0.0,-0.6670800000000001,0.039240000000000004,9.81
5828282770,21.4,0.09587093581204853,0.15233233711406508,-0.001064650843716541,-0.9908100000000001,0.1962,9.69228
5833333275,21.4,0.09587093581204853,0.08841837990603273,-0.004258603374866164,-1.1477700000000002,0.32373,9.6138
5838383780,21.4,0.09480628496833199,-0.001064650843716541,0.001064650843716541,-1.1772,0.63765,9.6138
5843434285,21.4,0.08735372906231618,-0.09800023749948161,0.0,-0.9319500000000001,1.2556800000000001,9.6138
5848484790,21.4,0.001064650843716541,-0.1629788455512305,0.003193952531149623,-0.47088,1.2360600000000002,10.280880000000002
5853535295,21.4,-0.02982767691658309,-0.22156954854068012,0.003193952531149623,0.0,0.70632,9.56475
5858585800,21.4,-0.11185815176031658,-0.21198769094723127,0.001064650843716541,0.34335000000000004,0.41202000000000005,9.44703
5863636305,21.4,-0.1374272253020335,-0.19174187162409706,0.001064650843716541,0.8142300000000001,0.0,9.43722
5868686810,21.4,-0.14062117783318315,-0.150203035426632,0.004258603374866164,0.9908100000000001,-0.26487,9.82962
5873737315,21.4,-0.12569861272863161,-0.08628907821859966,0.0,1.13796,-0.45126,9.81
5878787820,21.4,-0.08096582400001695,-0.024504422698000388,-0.002129301687433082,1.15758,-0.51993,9.99639
5883838325,21.4,-0.04581489286485115,0.05539675045830002,0.0,1.06929,-0.47088,10.045440000000001
5888888830,21.4,0.0,0.12569861272863161,-0.002129301687433082,0.79461,-0.42183,10.025820000000001
5893939335,21.4,0.033021629447732716,0.1800307123432151,-0.005323254218582705,0.41202000000000005,-0.33354000000000006,9.94734
5898989840,21.4,0.06817256058289851,0.2151816434783809,-0.002129301687433082,-0.05886,-0.16677000000000003,9.86886
5904040345,21.4,0.09054768159346581,0.22263419938439669,-0.004258603374866164,-0.49050000000000005,-0.04905,9.83943
5909090850,21.4,0.10653489754173388,0.19921188082263275,-0.003193952531149623,-0.89271,0.12753,9.751140000000001
5914141355,21.4,0.11079350091660004,0.1416858286768997,-0.001064650843716541,-1.16739,0.30411,9.68247
5919191860,21.4,0.10866419922916695,0.04794419455228423,0.0,-1.26549,0.46107000000000004,9.65304
5924242365,21.4,0.10119419003063122,-0.049008845396000776,0.001064650843716541,-1.22625,1.3047300000000002,9.64323
5929292870,21.4,0.05646140130201656,-0.13634512116579703,0.0,-0.7848,1.15758,10.29069
5934343375,21.4,-0.001064650843716541,-0.19174187162409706,0.0,-0.44145,0.9319500000000001,9.69228
5939393880,21.4,-0.10866419922916695,-0.20666443672864854,0.005323254218582705,0.05886,0.52974,9.496080000000001
5944444385,21.4,-0.10866419922916695,-0.22156954854068012,0.001064650843716541,0.41202000000000005,0.10791,9.45684
5949494890,21.4,-0.13208651779093086,-0.17683675981206545,0.0,0.70632,-0.08829,9.66285
5954545395,21.4,-0.1288925652597812,-0.12144000935376545,0.002129301687433082,1.00062,-0.31392000000000003,9.84924
5959595900,21.4,-0.09800023749948161,-0.05859070298944965,-0.002129301687433082,1.05948,-0.41202000000000005,9.87867
5964646405,21.4,-0.06391395720803235,0.024504422698000388,-0.004258603374866164,1.06929,-0.43164,9.97677
5969696910,21.4,-0.023439771854283843,0.10012953918691468,0.0,0.8338500000000001,-0.44145,9.97677
5974747415,21.4,0.015987215948268057,0.14700908289548237,0.0,0.5395500000000001,-0.35316,9.937529999999999
5979797920,21.4,0.0404741853537485,0.17896606149949854,-0.002129301687433082,0.14715,-0.23544,9.819809999999999
5984848425,21.4,0.07136651311404815,0.18428931571808121,-0.002129301687433082,-0.22563,-0.12753,9.770760000000001
5989898930,21.4,0.09161233243718235,0.15446163880149816,-0.003193952531149623,-0.5493600000000001,0.02943,9.69228
5994949435,21.4,0.1097288500728835,0.09161233243718235,0.0,-0.75537,0.20601000000000003,9.6138
5999999940,21.4,0.11185815176031658,0.023439771854283843,-0.001064650843716541,-0.80442,0.38259000000000004,9.623610000000001
6005050445,21.4,0.10438814256178083,-0.05007349623971732,0.0,-0.69651,1.3243500000000001,9.73152
6010100950,21.4,0.049008845396000776,-0.10332349171806432,0.0,-0.27468000000000004,1.16739,10.44765
6015151455,21.4,0.0,-0.13634512116579703,0.0,-0.04905,0.6180300000000001,9.74133
6020201960,21.4,-0.10332349171806432,-0.12144000935376545,0.003193952531149623,0.1962,0.26487,9.4176
6025252465,21.4,-0.10759954838545042,-0.11931070766633237,0.0,0.33354000000000006,-0.039240000000000004,9.496080000000001
6030302970,21.4,-0.09693558665576507,-0.08735372906231618,0.002129301687433082,0.44145,-0.17658,9.87867
6035353475,21.4,-0.08203047484373349,-0.0404741853537485,0.001064650843716541,0.56898,-0.23544,10.01601
6040403980,21.4,-0.06391395720803235,0.00958185759344887,0.0,0.60822,-0.30411,10.12392
6045454485,21.4,-0.02982767691658309,0.05752605214573309,0.0,0.46107000000000004,-0.33354000000000006,9.92772
6050504990,21.4,-0.011711159280881954,0.10225884087434776,-0.001064650843716541,0.25506,-0.24525000000000002,9.86886
6055555495,21.4,0.021310470166850764,0.1288925652597812,-0.001064650843716541,-0.009810000000000001,-0.20601000000000003,9.78057
6060606000,21.4,0.04581489286485115,0.13634512116579703,-0.003193952531149623,-0.28449,-0.10791,9.79038
6065656505,21.4,0.060720004676882725,0.11398745344774965,0.0,-0.50031,0.0,9.760950000000001
6070707010,21.4,0.07777187146886733,0.07777187146886733,0.0,-0.6768900000000001,0.12753,9.66285
6075757515,21.4,0.08628907821859966,0.024504422698000388,0.001064650843716541,-0.71613,0.26487,9.57456
6080808020,21.4,0.0852244273748831,-0.039409534510031964,0.0,-0.65727,0.72594,9.60399
6085858525,21.4,0.0852244273748831,-0.10759954838545042,0.001064650843716541,-0.34335000000000004,1.1281500000000002,9.7119
6090909030,21.4,0.001064650843716541,-0.1288925652597812,0.001064650843716541,0.06867000000000001,1.08891,10.23183
6095959535,21.4,-0.04366813788489812,-0.14913838458291545,0.0,0.36297,0.48069000000000006,9.52551
6101010040,21.4,-0.09374163412461543,-0.12356931104119852,0.0,0.47088,0.16677000000000003,9.46665
6106060545,21.4,-0.11079350091660004,-0.08948303074974927,0.001064650843716541,0.6670800000000001,-0.14715,9.53532
6111111050,21.4,-0.09906488834319814,-0.06178465552059926,0.003193952531149623,0.69651,-0.21582,9.908100000000001
6116161555,21.4,-0.07777187146886733,-0.024504422698000388,-0.001064650843716541,0.7749900000000001,-0.30411,9.94734
6121212060,21.4,-0.04581489286485115,0.02663372438543347,0.0,0.6768900000000001,-0.28449,10.06506
6126262565,21.4,-0.012775810124598492,0.07349581480148122,0.0,0.56898,-0.31392000000000003,9.96696
6131313070,21.4,0.012775810124598492,0.10438814256178083,-0.003193952531149623,0.34335000000000004,-0.23544,9.94734
6136363575,21.4,0.03515093113516579,0.12250466019748199,-0.002129301687433082,0.05886,-0.14715,9.89829
6141414080,21.4,0.05752605214573309,0.1374272253020335,-0.004258603374866164,-0.21582,-0.07848000000000001,9.888480000000001
6146464585,21.4,0.0756251164889143,0.1331511686346474,-0.002129301687433082,-0.49050000000000005,0.04905,9.86886
6151515090,21.4,0.08203047484373349,0.10653489754173388,0.0,-0.6867000000000001,0.16677000000000003,9.74133
6156565595,21.4,0.08203047484373349,0.06284930636431581,-0.001064650843716541,-0.8240400000000001,0.30411,9.68247
6161616100,21.4,0.07456046564519776,0.012775810124598492,-0.001064650843716541,-0.8338500000000001,0.71613,9.6138
6166666605,21.4,0.07136651311404815,-0.05326744877086694,-0.001064650843716541,-0.6768900000000001,0.9319500000000001,9.78057
6171717110,21.4,0.002129301687433082,-0.09480628496833199,0.001064650843716541,-0.41202000000000005,0.9319500000000001,10.01601
6176767615,21.4,-0.04153883619746504,-0.1374272253020335,0.002129301687433082,-0.08829,0.47088,9.60399
6181818120,21.4,-0.0756251164889143,-0.14913838458291545,0.001064650843716541,0.05886,0.22563,9.55494
6186868625,21.4,-0.09906488834319814,-0.13955652698946658,0.002129301687433082,0.35316,0.0981,9.6138
6191919130,21.4,-0.07990117315630041,-0.12356931104119852,0.0,0.65727,-0.15696000000000002,9.86886
6196969635,21.4,-0.0756251164889143,-0.08096582400001695,0.0,0.7848,-0.21582,9.79038
6202020140,21.4,-0.054332099614583476,-0.02982767691658309,0.001064650843716541,0.86328,-0.25506,9.80019
6207070645,21.4,-0.022375121010567305,0.02663372438543347,0.002129301687433082,0.7749900000000001,-0.25506,9.86886
6212121150,21.4,-0.001064650843716541,0.08096582400001695,0.0,0.63765,-0.24525000000000002,9.85905
6217171655,21.4,0.01918116847941768,0.11611675513518273,-0.002129301687433082,0.34335000000000004,-0.16677000000000003,9.92772
6222222160,21.4,0.039409534510031964,0.13102186694721432,-0.003193952531149623,0.10791,-0.06867000000000001,9.89829
6227272665,21.4,0.05965535383316618,0.13421581947836395,-0.004258603374866164,-0.18639,0.019620000000000002,9.87867
6232323170,21.4,0.07670722062515077,0.12995721610349775,0.0,-0.45126,0.14715,9.80019
6237373675,21.4,0.08309512568745003,0.10012953918691468,-0.001064650843716541,-0.6768900000000001,0.26487,9.770760000000001
6242424180,21.4,0.06923721142661506,0.05113814708343386,-0.001064650843716541,-0.7651800000000001,0.45126,9.69228
6247474685,21.4,0.05965535383316618,0.0,-0.001064650843716541,-0.74556,0.79461,9.70209
6252525190,21.4,0.013840460968315033,-0.044732788728614664,0.002129301687433082,-0.5591700000000001,0.80442,10.045440000000001
6257575695,21.4,-0.007452555906015787,-0.09587093581204853,0.002129301687433082,-0.35316,0.51012,9.74133
6262626200,21.4,-0.06178465552059926,-0.13634512116579703,0.002129301687433082,-0.12753,0.35316,9.70209
6267676705,21.4,-0.0852244273748831,-0.15659094048893124,-0.002129301687433082,0.18639,0.14715,9.68247
6272727210,21.4,-0.07777187146886733,-0.15126768627034853,0.001064650843716541,0.49050000000000005,0.02943,9.82962
6277777715,21.4,-0.08203047484373349,-0.11079350091660004,0.002129301687433082,0.7651800000000001,-0.13734000000000002,9.937529999999999
6282828220,21.4,-0.05859070298944965,-0.06817256058289851,0.002129301687433082,0.85347,-0.27468000000000004,9.78057
6287878725,21.4,-0.04153883619746504,-0.0170518667919846,0.0,0.8829,-0.25506,9.770760000000001
6292929230,21.4,-0.022375121010567305,0.039409534510031964,-0.004258603374866164,0.8142300000000001,-0.22563,9.87867
6297979735,21.4,0.014905111812031574,0.09267698328089889,-0.001064650843716541,0.64746,-0.22563,9.87867
6303030240,21.4,0.03728023282259888,0.13955652698946658,-0.002129301687433082,0.35316,-0.10791,9.937529999999999
6308080745,21.4,0.05539675045830002,0.16191419470751395,0.0,0.019620000000000002,-0.039240000000000004,9.86886
6313131250,21.4,0.07136651311404815,0.16510814723866357,0.0,-0.31392000000000003,0.06867000000000001,9.760950000000001
6318181755,21.4,0.0756251164889143,0.1555262896452147,-0.001064650843716541,-0.60822,0.20601000000000003,9.68247
6323232260,21.4,0.07883652231258387,0.12250466019748199,-0.002129301687433082,-0.85347,0.28449,9.66285
6328282765,21.4,0.06604325889546543,0.06391395720803235,0.0,-1.02024,0.52974,9.633420000000001
6333333270,21.4,0.05326744877086694,-0.008517206749732328,-0.001064650843716541,-0.9613800000000001,0.84366,9.72171
6338383775,21.4,0.007452555906015787,-0.07670722062515077,0.003193952531149623,-0.71613,0.8338500000000001,10.08468
6343434280,21.4,-0.015987215948268057,-0.13421581947836395,0.0,-0.47088,0.5591700000000001,9.64323
6348484785,21.4,-0.06391395720803235,-0.16404349639494703,0.004258603374866164,-0.18639,0.42183,9.64323
6353535290,21.4,-0.08841837990603273,-0.18641861740551433,0.003193952531149623,0.17658,0.14715,9.60399
6358585795,21.4,-0.09480628496833199,-0.18428931571808121,-0.001064650843716541,0.56898,0.05886,9.78057
6363636300,21.4,-0.10225884087434776,-0.13421581947836395,0.005323254218582705,0.8829,-0.13734000000000002,9.91791
6368686805,21.4,-0.07670722062515077,-0.07883652231258387,0.0,0.9908100000000001,-0.34335000000000004,9.80019
6373737310,21.4,-0.05220279792715039,-0.0170518667919846,-0.002129301687433082,0.9908100000000001,-0.33354000000000006,9.83943
6378787815,21.4,-0.03408628029144926,0.04581489286485115,0.0,0.9123300000000001,-0.31392000000000003,10.025820000000001
6383838320,21.4,0.006387905062299246,0.10012953918691468,-0.004258603374866164,0.6768900000000001,-0.33354000000000006,10.006200000000002
6388888825,21.4,0.03408628029144926,0.14700908289548237,-0.003193952531149623,0.38259000000000004,-0.17658,9.94734
6393939330,21.4,0.05859070298944965,0.17470745812463237,-0.002129301687433082,0.02943,-0.04905,9.84924
6398989835,21.4,0.07990117315630041,0.1704488547497662,0.0,-0.33354000000000006,0.039240000000000004,9.74133
6404040340,21.4,0.0852244273748831,0.14913838458291545,-0.001064650843716541,-0.6180300000000001,0.1962,9.70209
6409090845,21.4,0.09161233243718235,0.10545279340549739,-0.004258603374866164,-0.84366,0.32373,9.7119
6414141350,21.4,0.07990117315630041,0.039409534510031964,-0.002129301687433082,-0.9319500000000001,0.6768900000000001,9.7119
6419191855,21.4,0.07243116395776468,-0.03834488366631542,0.001064650843716541,-0.80442,0.87309,9.83943
6424242360,21.4,0.01064650843716541,-0.08841837990603273,0.0,-0.5886,0.9221400000000001,10.01601
6429292865,21.4,-0.02556907354171693,-0.1416858286768997,0.001064650843716541,-0.22563,0.57879,9.60399
6434343370,21.4,-0.07030186227033158,-0.1629788455512305,0.0,-0.019620000000000002,0.3924,9.55494
6439393875,21.4,-0.10012953918691468,-0.16510814723866357,0.0,0.35316,0.12753,9.56475
6444444380,21.4,-0.09587093581204853,-0.1480737337391989,-0.003193952531149623,0.64746,-0.10791,9.760950000000001
6449494885,21.4,-0.10119419003063122,-0.09374163412461543,0.001064650843716541,0.80442,-0.22563,9.84924
6454545390,21.4,-0.07456046564519776,-0.03834488366631542,-0.001064650843716541,0.87309,-0.34335000000000004,9.87867
6459595895,21.4,-0.0404741853537485,0.013840460968315033,-0.002129301687433082,0.8240400000000001,-0.34335000000000004,10.03563
6464646400,21.4,-0.0170518667919846,0.07349581480148122,-0.002129301687433082,0.6867000000000001,-0.28449,9.96696
6469696905,21.4,0.0170518667919846,0.11931070766633237,-0.002129301687433082,0.45126,-0.21582,9.92772
6474747410,21.4,0.04260348704118158,0.150203035426632,-0.003193952531149623,0.13734000000000002,-0.15696000000000002,9.80019
6479797915,21.4,0.06497860805174888,0.15978489302008084,-0.002129301687433082,-0.12753,-0.039240000000000004,9.751140000000001
6484848420,21.4,0.07456046564519776,0.14700908289548237,-0.003193952531149623,-0.45126,0.05886,9.751140000000001
6489898925,21.4,0.08203047484373349,0.12250466019748199,0.0,-0.6867000000000001,0.24525000000000002,9.74133
6494949430,21.4,0.08309512568745003,0.08096582400001695,-0.002129301687433082,-0.90252,0.31392000000000003,9.770760000000001
6499999935,21.4,0.0756251164889143,0.01918116847941768,-0.001064650843716541,-0.9123300000000001,0.85347,9.78057
6505050440,21.4,0.04794419455228423,-0.05326744877086694,0.0,-0.70632,0.8142300000000001,10.045440000000001
6510100945,21.4,0.003193952531149623,-0.10653489754173388,0.0,-0.51993,0.72594,9.7119
6515151450,21.4,-0.05326744877086694,-0.13634512116579703,0.005323254218582705,-0.20601000000000003,0.51012,9.56475
6520201955,21.4,-0.06604325889546543,-0.16404349639494703,0.001064650843716541,0.04905,0.28449,9.52551
6525252460,21.4,-0.09587093581204853,-0.15978489302008084,0.002129301687433082,0.37278,0.17658,9.66285
6530302965,21.4,-0.09374163412461543,-0.13955652698946658,0.0,0.7651800000000001,-0.14715,9.86886
6535353470,21.4,-0.08841837990603273,-0.09906488834319814,0.0,0.87309,-0.25506,9.89829
6540403975,21.4,-0.06817256058289851,-0.0404741853537485,-0.002129301687433082,0.89271,-0.2943,9.86886
6545454480,21.4,-0.03089232776029963,0.012775810124598492,0.0,0.90252,-0.34335000000000004,9.98658
6550504985,21.4,-0.004258603374866164,0.06604325889546543,-0.001064650843716541,0.7749900000000001,-0.27468000000000004,9.87867
6555555490,21.4,0.01811651763570114,0.10653489754173388,-0.003193952531149623,0.51993,-0.1962,9.84924
6560605995,21.4,0.05007349623971732,0.13102186694721432,-0.003193952531149623,0.26487,-0.12753,9.770760000000001
6565656500,21.4,0.06710790973918197,0.14594443205176583,-0.003193952531149623,-0.02943,0.009810000000000001,9.760950000000001
6570707005,21.4,0.08415977653116657,0.1331511686346474,0.0,-0.27468000000000004,0.12753,9.78057
6575757510,21.4,0.0852244273748831,0.11505210429146619,-0.002129301687433082,-0.5493600000000001,0.25506,9.81
6580808015,21.4,0.08203047484373349,0.08948303074974927,-0.004258603374866164,-0.71613,0.51012,9.84924
6585858520,21.4,0.07349581480148122,0.04794419455228423,-0.003193952531149623,-0.7749900000000001,0.6867000000000001,9.84924
6590909025,21.4,0.02556907354171693,0.003193952531149623,-0.002129301687433082,-0.73575,0.72594,9.92772
6595959530,21.4,-0.001064650843716541,-0.05326744877086694,0.0,-0.6278400000000001,0.5493600000000001,9.56475
6601010035,21.4,-0.03408628029144926,-0.09906488834319814,0.001064650843716541,-0.48069000000000006,0.47088,9.56475
6606060540,21.4,-0.05752605214573309,-0.12676326357234816,0.001064650843716541,-0.20601000000000003,0.35316,9.623610000000001
6611111045,21.4,-0.06923721142661506,-0.14700908289548237,0.003193952531149623,0.06867000000000001,0.11772,9.80019
6616161550,21.4,-0.08309512568745003,-0.14594443205176583,-0.001064650843716541,0.35316,0.02943,9.83943
6621212055,21.4,-0.07349581480148122,-0.12676326357234816,0.001064650843716541,0.6180300000000001,-0.15696000000000002,9.96696
6626262560,21.4,-0.05646140130201656,-0.08735372906231618,0.002129301687433082,0.79461,-0.26487,9.83943
6631313065,21.4,-0.03834488366631542,-0.033021629447732716,0.0,0.8829,-0.21582,9.81
6636363570,21.4,-0.00958185759344887,0.007452555906015787,-0.001064650843716541,0.9221400000000001,-0.24525000000000002,9.79038
6641414075,21.4,0.014905111812031574,0.05965535383316618,-0.002129301687433082,0.74556,-0.14715,9.79038
6646464580,21.4,0.03728023282259888,0.11185815176031658,0.0,0.5395500000000001,-0.0981,9.819809999999999
6651515085,21.4,0.05539675045830002,0.14913838458291545,-0.002129301687433082,0.22563,-0.019620000000000002,9.87867
6656565590,21.4,0.05965535383316618,0.16617279808238014,-0.003193952531149623,-0.12753,0.07848000000000001,9.87867
6661616095,21.4,0.06284930636431581,0.16084954386379738,-0.003193952531149623,-0.45126,0.20601000000000003,9.888480000000001
6666666600,21.4,0.05965535383316618,0.13208651779093086,-0.003193952531149623,-0.74556,0.28449,9.819809999999999
6671717105,21.4,0.06178465552059926,0.08203047484373349,-0.001064650843716541,-0.8829,0.41202000000000005,9.770760000000001
6676767610,21.4,0.05113814708343386,0.021310470166850764,-0.001064650843716541,-0.94176,0.69651,9.72171
6681818115,21.4,0.020245819323134222,-0.03728023282259888,0.001064650843716541,-0.7749900000000001,0.69651,9.86886
6686868620,21.4,-0.007452555906015787,-0.09054768159346581,0.0,-0.60822,0.51012,9.623610000000001
6691919125,21.4,-0.05113814708343386,-0.12463396188491506,0.002129301687433082,-0.40221,0.42183,9.6138
6696969630,21.4,-0.06497860805174888,-0.1555262896452147,0.003193952531149623,-0.06867000000000001,0.1962,9.66285
6702020135,21.4,-0.07349581480148122,-0.1704488547497662,0.004258603374866164,0.24525000000000002,0.1962,9.80019
6707070640,21.4,-0.0756251164889143,-0.16191419470751395,0.004258603374866164,0.65727,-0.019620000000000002,9.87867
6712121145,21.4,-0.07349581480148122,-0.1171814059788993,0.0,0.89271,-0.13734000000000002,9.888480000000001
6717171650,21.4,-0.05752605214573309,-0.060720004676882725,0.001064650843716541,1.01043,-0.30411,9.73152
6722222155,21.4,-0.031956978604016174,-0.002129301687433082,-0.001064650843716541,0.95157,-0.26487,9.751140000000001
6727272660,21.4,-0.013840460968315033,0.054332099614583476,0.0,0.84366,-0.22563,9.84924
6732323165,21.4,0.01064650843716541,0.10653489754173388,-0.004258603374866164,0.6670800000000001,-0.20601000000000003,9.888480000000001
6737373670,21.4,0.03728023282259888,0.14594443205176583,0.0,0.33354000000000006,-0.0981,9.94734
6742424175,21.4,0.05965535383316618,0.16191419470751395,-0.003193952531149623,0.0,0.0,9.87867
6747474680,21.4,0.0756251164889143,0.15339698795778162,-0.001064650843716541,-0.34335000000000004,0.12753,9.84924
6752525185,21.4,0.07777187146886733,0.1331511686346474,0.0,-0.60822,0.24525000000000002,9.79038
6757575690,21.4,0.07670722062515077,0.09693558665576507,-0.002129301687433082,-0.8142300000000001,0.36297,9.770760000000001
6762626195,21.4,0.05859070298944965,0.05113814708343386,-0.002129301687433082,-0.90252,0.6768900000000001,9.70209
6767676700,21.4,0.03621558197888234,-0.001064650843716541,0.0,-0.8240400000000001,0.70632,9.908100000000001
6772727205,21.4,0.007452555906015787,-0.06923721142661506,0.001064650843716541,-0.6867000000000001,0.64746,9.70209
6777777710,21.4,-0.039409534510031964,-0.11185815176031658,0.0,-0.46107000000000004,0.51012,9.6138
6782828215,21.4,-0.05113814708343386,-0.15978489302008084,0.001064650843716541,-0.17658,0.35316,9.64323
6787878720,21.4,-0.07883652231258387,-0.17364280728091586,0.001064650843716541,0.17658,0.22563,9.74133
6792929225,21.4,-0.09054768159346581,-0.16831955306233315,-0.001064650843716541,0.57879,0.009810000000000001,9.82962
6797979730,21.4,-0.09374163412461543,-0.1331511686346474,0.0,0.8240400000000001,-0.18639,9.91791
6803030235,21.4,-0.06923721142661506,-0.08096582400001695,0.004258603374866164,0.95157,-0.33354000000000006,9.79038
6808080740,21.4,-0.044732788728614664,-0.024504422698000388,0.0,1.00062,-0.31392000000000003,9.81
6813131245,21.4,-0.01918116847941768,0.03621558197888234,0.0,0.9319500000000001,-0.2943,9.86886
6818181750,21.4,0.013840460968315033,0.08415977653116657,0.0,0.7749900000000001,-0.26487,9.89829
6823232255,21.4,0.03408628029144926,0.13102186694721432,-0.002129301687433082,0.48069000000000006,-0.14715,9.87867
6828282760,21.4,0.05965535383316618,0.15872024217636432,-0.003193952531149623,0.17658,-0.04905,9.83943
6833333265,21.4,0.07670722062515077,0.16938420390604966,-0.001064650843716541,-0.17658,0.06867000000000001,9.82962
6838383770,21.4,0.07883652231258387,0.16404349639494703,-0.003193952531149623,-0.50031,0.1962,9.82962
6843434275,21.4,0.07777187146886733,0.13421581947836395,-0.003193952531149623,-0.7848,0.31392000000000003,9.819809999999999
6848484780,21.4,0.07456046564519776,0.08948303074974927,-0.003193952531149623,-0.9908100000000001,0.51993,9.770760000000001
6853535285,21.4,0.06391395720803235,0.028763026072866547,-0.003193952531149623,-1.02024,0.73575,9.751140000000001
6858585790,21.4,0.011711159280881954,-0.03515093113516579,0.0,-0.87309,0.75537,9.87867
6863636295,21.4,-0.01064650843716541,-0.09906488834319814,0.001064650843716541,-0.6768900000000001,0.5395500000000001,9.53532
6868686800,21.4,-0.05539675045830002,-0.14594443205176583,0.002129301687433082,-0.43164,0.50031,9.60399
6873737305,21.4,-0.07990117315630041,-0.19174187162409706,0.002129301687433082,0.0,0.30411,9.67266
6878787810,21.4,-0.08948303074974927,-0.20027653166634932,0.0,0.3924,0.1962,9.82962
6883838315,21.4,-0.10119419003063122,-0.17257815643719931,0.0,0.87309,-0.08829,9.92772
6888888820,21.4,-0.08948303074974927,-0.12356931104119852,0.001064650843716541,1.05948,-0.31392000000000003,9.80019
6893939325,21.4,-0.07670722062515077,-0.05007349623971732,-0.001064650843716541,1.08891,-0.33354000000000006,9.74133
6898989830,21.4,-0.03834488366631542,0.014905111812031574,-0.002129301687433082,1.10853,-0.38259000000000004,9.84924
6904040335,21.4,-0.008517206749732328,0.08948303074974927,0.0,0.89271,-0.31392000000000003,9.89829
6909090840,21.4,0.020245819323134222,0.14913838458291545,0.0,0.59841,-0.26487,9.937529999999999
6914141345,21.4,0.05859070298944965,0.18641861740551433,0.001064650843716541,0.20601000000000003,-0.15696000000000002,9.92772
6919191850,21.4,0.07030186227033158,0.20134118251006583,-0.003193952531149623,-0.20601000000000003,-0.019620000000000002,9.80019
6924242355,21.4,0.08948303074974927,0.18109536318693162,0.0,-0.59841,0.08829,9.81
6929292860,21.4,0.09267698328089889,0.1352804703220805,0.0,-0.86328,0.24525000000000002,9.80019
6934343365,21.4,0.08628907821859966,0.0756251164889143,-0.001064650843716541,-1.02024,0.35316,9.72171
6939393870,21.4,0.08309512568745003,0.0,0.001064650843716541,-1.03986,0.94176,9.72171
6944444375,21.4,0.06284930636431581,-0.07349581480148122,0.0,-0.7749900000000001,0.87309,10.006200000000002
6949494880,21.4,-0.001064650843716541,-0.11824605682261582,-0.003193952531149623,-0.51993,0.8338500000000001,9.770760000000001
6954545385,21.4,-0.06604325889546543,-0.14275047952061623,0.001064650843716541,-0.17658,0.48069000000000006,9.52551
6959595890,21.4,-0.07990117315630041,-0.15659094048893124,0.0,0.009810000000000001,0.12753,9.50589
6964646395,21.4,-0.1097288500728835,-0.14594443205176583,0.0,0.26487,0.039240000000000004,9.66285
6969696900,21.4,-0.09587093581204853,-0.13421581947836395,0.001064650843716541,0.59841,-0.18639,9.94734
6974747405,21.4,-0.07777187146886733,-0.10438814256178083,0.004258603374866164,0.7651800000000001,-0.23544,10.006200000000002
6979797910,21.4,-0.05220279792715039,-0.06391395720803235,0.001064650843716541,0.87309,-0.30411,9.87867
6984848415,21.4,-0.01918116847941768,-0.015987215948268057,-0.003193952531149623,0.94176,-0.2943,9.908100000000001
6989898920,21.4,0.003193952531149623,0.03621558197888234,0.0,0.86328,-0.25506,9.81
6994949425,21.4,0.02556907354171693,0.09693558665576507,-0.002129301687433082,0.6867000000000001,-0.18639,9.819809999999999
6999999930,21.4,0.049008845396000776,0.14062117783318315,0.0,0.41202000000000005,-0.0981,9.81
7005050435,21.4,0.05859070298944965,0.17151350559348277,-0.004258603374866164,0.02943,0.05886,9.83943
7010100940,21.4,0.07456046564519776,0.16831955306233315,0.0,-0.30411,0.15696000000000002,9.80019
7015151445,21.4,0.08096582400001695,0.14700908289548237,0.0,-0.60822,0.26487,9.770760000000001
7020201950,21.4,0.07349581480148122,0.10438814256178083,0.0,-0.8338500000000001,0.49050000000000005,9.79038
7025252455,21.4,0.06710790973918197,0.046879543708567686,0.0,-0.9123300000000001,0.74556,9.79038
7030302960,21.4,0.023439771854283843,-0.002129301687433082,0.0,-0.8240400000000001,0.69651,9.98658
7035353465,21.4,-0.007452555906015787,-0.06178465552059926,0.0,-0.69651,0.49050000000000005,9.60399
7040403970,21.4,-0.04366813788489812,-0.10653489754173388,0.0,-0.5395500000000001,0.40221,9.60399
7045454475,21.4,-0.060720004676882725,-0.15126768627034853,0.0,-0.23544,0.2943,9.633420000000001
7050504980,21.4,-0.07030186227033158,-0.17683675981206545,0.0,0.08829,0.21582,9.80019
7055555485,21.4,-0.07349581480148122,-0.18109536318693162,0.0,0.5493600000000001,0.11772,9.86886
7060605990,21.4,-0.07670722062515077,-0.14700908289548237,0.0,0.89271,-0.04905,9.937529999999999
7065656495,21.4,-0.06391395720803235,-0.09906488834319814,0.0,1.03986,-0.27468000000000004,9.751140000000001
7070707000,21.4,-0.054332099614583476,-0.028763026072866547,0.0,1.03986,-0.26487,9.760950000000001
7075757505,21.4,-0.02663372438543347,0.03621558197888234,0.0,0.9711900000000001,-0.32373,9.86886
7080808010,21.4,0.001064650843716541,0.10119419003063122,0.0,0.7651800000000001,-0.22563,9.98658
7085858515,21.4,0.028763026072866547,0.15339698795778162,0.0,0.46107000000000004,-0.20601000000000003,9.94734
7090909020,21.4,0.05646140130201656,0.1757721089683489,0.0,0.0981,-0.07848000000000001,9.85905
7095959525,21.4,0.06923721142661506,0.17151350559348277,0.0,-0.25506,0.039240000000000004,9.74133
7101010030,21.4,0.08203047484373349,0.14381513036433274,0.0,-0.5395500000000001,0.16677000000000003,9.72171
7106060535,21.4,0.08203047484373349,0.1097288500728835,0.0,-0.7651800000000001,0.28449,9.7119
7111111040,21.4,0.07456046564519776,0.06604325889546543,0.0,-0.89271,0.60822,9.80019
7116161545,21.4,0.07030186227033158,0.0,0.0,-0.87309,0.74556,9.888480000000001
7121212050,21.4,0.012775810124598492,-0.03621558197888234,0.0,-0.7749900000000001,0.70632,9.95715
7126262555,21.4,-0.01811651763570114,-0.07777187146886733,0.0,-0.5493600000000001,0.43164,9.47646
7131313060,21.4,-0.0404741853537485,-0.11292280260403312,0.005323254218582705,-0.44145,0.3924,9.46665
7136363565,21.4,-0.06817256058289851,-0.1374272253020335,0.004258603374866164,-0.11772,0.23544,9.54513
7141414070,21.4,-0.07243116395776468,-0.16191419470751395,0.001064650843716541,0.20601000000000003,0.17658,9.81
7146464575,21.4,-0.07670722062515077,-0.16510814723866357,0.0,0.5886,0.009810000000000001,9.95715
7151515080,21.4,-0.07456046564519776,-0.13102186694721432,0.0,0.8338500000000001,-0.06867000000000001,10.025820000000001
7156565585,21.4,-0.05752605214573309,-0.09054768159346581,0.001064650843716541,1.02024,-0.25506,9.85905
7161616090,21.4,-0.04366813788489812,-0.031956978604016174,0.0,1.03005,-0.28449,9.80019
7166666595,21.4,-0.01811651763570114,0.033021629447732716,-0.003193952531149623,0.9613800000000001,-0.28449,9.82962
7171717100,21.4,0.006387905062299246,0.09800023749948161,-0.001064650843716541,0.7848,-0.21582,9.84924
7176767605,21.4,0.03621558197888234,0.1555262896452147,0.0,0.49050000000000005,-0.12753,9.85905
7181818110,21.4,0.060720004676882725,0.18428931571808121,0.0,0.08829,-0.04905,9.83943
7186868615,21.4,0.07030186227033158,0.17470745812463237,-0.002129301687433082,-0.27468000000000004,0.05886,9.83943
7191919120,21.4,0.07990117315630041,0.14062117783318315,-0.002129301687433082,-0.6180300000000001,0.1962,9.86886
7196969625,21.4,0.0756251164889143,0.0852244273748831,-0.003193952531149623,-0.79461,0.30411,9.85905
7202020130,21.4,0.07349581480148122,0.0170518667919846,0.0,-0.8142300000000001,0.75537,9.79038
7207070635,21.4,0.05752605214573309,-0.05007349623971732,0.001064650843716541,-0.60822,0.7651800000000001,9.95715
7212121140,21.4,0.012775810124598492,-0.08735372906231618,-0.001064650843716541,-0.48069000000000006,0.74556,9.73152
7217171645,21.4,-0.04260348704118158,-0.09693558665576507,0.001064650843716541,-0.18639,0.45126,9.47646
7222222150,21.4,-0.05646140130201656,-0.10119419003063122,0.002129301687433082,-0.04905,0.16677000000000003,9.48627
7227272655,21.4,-0.07990117315630041,-0.07777187146886733,0.0,0.04905,-0.02943,9.6138
7232323160,21.4,-0.07349581480148122,-0.060720004676882725,0.0,0.18639,-0.0981,9.81
7237373665,21.4,-0.06284930636431581,-0.044732788728614664,0.001064650843716541,0.2943,-0.14715,10.1043
7242424170,21.4,-0.03408628029144926,-0.02556907354171693,-0.001064650843716541,0.34335000000000004,-0.20601000000000003,9.908100000000001
7247474675,21.4,-0.013840460968315033,0.0,0.0,0.33354000000000006,-0.14715,9.87867
7252525180,21.4,0.005323254218582705,0.01811651763570114,-0.002129301687433082,0.34335000000000004,-0.13734000000000002,9.72171
7257575685,21.4,0.028763026072866547,0.03728023282259888,0.0,0.22563,-0.06867000000000001,9.751140000000001
7262626190,21.4,0.03515093113516579,0.05326744877086694,0.0,0.11772,0.009810000000000001,9.70209
7267676695,21.4,0.04581489286485115,0.060720004676882725,0.0,0.0,0.07848000000000001,9.81
7272727200,21.4,0.05326744877086694,0.04153883619746504,0.002129301687433082,-0.07848000000000001,0.25506,9.770760000000001
7277777705,21.4,0.05220279792715039,0.0170518667919846,0.0,-0.12753,0.5493600000000001,9.83943
7282828210,21.4,0.02769837522915001,-0.01064650843716541,0.001064650843716541,-0.019620000000000002,0.65727,10.06506
7287878715,21.4,0.0170518667919846,-0.03408628029144926,0.0,0.04905,0.46107000000000004,9.770760000000001
7292929220,21.4,-0.023439771854283843,-0.031956978604016174,0.0,0.08829,0.2943,9.69228
7297979725,21.4,-0.04153883619746504,-0.02663372438543347,-0.001064650843716541,0.14715,0.02943,9.65304
7303030230,21.4,-0.049008845396000776,-0.008517206749732328,0.0,0.10791,0.009810000000000001,9.770760000000001
7308080735,21.4,-0.03621558197888234,0.012775810124598492,0.002129301687433082,0.07848000000000001,-0.05886,9.97677
7313131240,21.4,-0.022375121010567305,0.02982767691658309,0.001064650843716541,0.0,-0.04905,10.08468
7318181745,21.4,-0.013840460968315033,0.028763026072866547,0.0,-0.039240000000000004,-0.06867000000000001,9.888480000000001
7323232250,21.4,0.006387905062299246,0.014905111812031574,-0.001064650843716541,-0.0981,-0.02943,9.770760000000001
7328282755,21.4,0.0170518667919846,-0.007452555906015787,0.001064650843716541,-0.05886,0.02943,9.68247
7333333260,21.4,0.02982767691658309,-0.021310470166850764,-0.001064650843716541,0.0,0.06867000000000001,9.68247
7338383765,21.4,0.03089232776029963,-0.02663372438543347,-0.001064650843716541,0.06867000000000001,0.26487,9.69228
7343434270,21.4,0.0404741853537485,-0.02982767691658309,0.0,0.17658,0.41202000000000005,9.82962
7348484775,21.4,0.00958185759344887,-0.007452555906015787,0.001064650843716541,0.26487,0.40221,9.99639
7353535280,21.4,0.01064650843716541,0.01064650843716541,0.0,0.20601000000000003,0.18639,9.60399
7358585785,21.4,-0.006387905062299246,0.03834488366631542,-0.002129301687433082,0.039240000000000004,0.14715,9.60399
7363636290,21.4,-0.0170518667919846,0.04794419455228423,0.0,-0.02943,0.0981,9.69228
7368686795,21.4,-0.01064650843716541,0.039409534510031964,0.0,-0.13734000000000002,0.04905,9.82962
7373737300,21.4,-0.006387905062299246,0.0170518667919846,0.0,-0.20601000000000003,0.12753,9.89829
7378787805,21.4,0.0,-0.011711159280881954,-0.002129301687433082,-0.18639,0.11772,9.91791
7383838310,21.4,0.007452555906015787,-0.03834488366631542,-0.001064650843716541,-0.0981,0.21582,9.84924
7388888815,21.4,0.003193952531149623,-0.046879543708567686,0.0,0.009810000000000001,0.23544,9.937529999999999
7393939320,21.4,-0.002129301687433082,-0.04260348704118158,0.0,0.13734000000000002,0.16677000000000003,9.86886
7398989825,21.4,-0.01064650843716541,-0.020245819323134222,-0.003193952531149623,0.18639,0.08829,9.751140000000001
7404040330,21.4,-0.012775810124598492,0.002129301687433082,0.0,0.17658,0.02943,9.7119
7409090835,21.4,-0.007452555906015787,0.020245819323134222,0.0,0.13734000000000002,0.0,9.770760000000001
7414141340,21.4,-0.002129301687433082,0.031956978604016174,-0.002129301687433082,0.039240000000000004,0.06867000000000001,9.83943
7419191845,21.4,0.007452555906015787,0.02769837522915001,0.0,0.0,0.0981,9.86886
7424242350,21.4,0.01811651763570114,0.005323254218582705,-0.001064650843716541,-0.02943,0.1962,9.84924
7429292855,21.4,0.0170518667919846,-0.014905111812031574,0.0,0.0,0.27468000000000004,9.83943
7434343360,21.4,0.01064650843716541,-0.022375121010567305,0.0,0.0981,0.25506,9.81
7439393865,21.4,0.0,-0.012775810124598492,0.0,0.13734000000000002,0.20601000000000003,9.69228
7444444370,21.4,-0.005323254218582705,0.004258603374866164,0.0,0.14715,0.11772,9.64323
7449494875,21.4,-0.00958185759344887,0.023439771854283843,0.0,0.06867000000000001,0.07848000000000001,9.64323
7454545380,21.4,-0.006387905062299246,0.03515093113516579,0.001064650843716541,-0.009810000000000001,0.05886,9.73152
7459595885,21.4,-0.003193952531149623,0.03408628029144926,0.0,-0.11772,0.08829,9.80019
7464646390,21.4,0.002129301687433082,0.022375121010567305,-0.001064650843716541,-0.14715,0.10791,9.83943
7469696895,21.4,0.006387905062299246,0.0,0.0,-0.12753,0.20601000000000003,9.84924
7474747400,21.4,0.007452555906015787,-0.02769837522915001,0.001064650843716541,-0.10791,0.27468000000000004,9.84924
7479797905,21.4,0.0,-0.05007349623971732,0.0,0.04905,0.26487,9.819809999999999
7484848410,21.4,-0.007452555906015787,-0.04581489286485115,0.002129301687433082,0.1962,0.20601000000000003,9.81
7489898915,21.4,-0.013840460968315033,-0.020245819323134222,0.0,0.17658,0.05886,9.770760000000001
7494949420,21.4,-0.020245819323134222,0.002129301687433082,0.0,0.16677000000000003,0.0,9.770760000000001
7499999925,21.4,-0.0170518667919846,0.022375121010567305,0.001064650843716541,0.07848000000000001,0.04905,9.81
7505050430,21.4,-0.002129301687433082,0.03089232776029963,0.0,0.039240000000000004,-0.009810000000000001,9.92772
7510100935,21.4,0.004258603374866164,0.02982767691658309,0.0,-0.02943,0.04905,9.89829
7515151440,21.4,0.01064650843716541,0.006387905062299246,0.0,-0.039240000000000004,0.06867000000000001,9.84924
7520201945,21.4,0.021310470166850764,-0.007452555906015787,-0.002129301687433082,-0.019620000000000002,0.24525000000000002,9.79038
7525252450,21.4,0.020245819323134222,-0.01918116847941768,0.0,0.019620000000000002,0.32373,9.86886
7530302955,21.4,0.015987215948268057,-0.021310470166850764,0.0,0.11772,0.26487,9.82962
7535353460,21.4,-0.003193952531149623,-0.003193952531149623,0.0,0.10791,0.1962,9.67266
7540403965,21.4,-0.006387905062299246,0.007452555906015787,0.0,0.0981,0.11772,9.6138
7545454470,21.4,-0.007452555906015787,0.02556907354171693,0.0,0.04905,0.12753,9.69228
7550504975,21.4,-0.005323254218582705,0.03089232776029963,-0.001064650843716541,-0.02943,0.0981,9.770760000000001
7555555480,21.4,-0.002129301687433082,0.024504422698000388,-0.002129301687433082,-0.07848000000000001,0.07848000000000001,9.82962
7560605985,21.4,0.0,0.00958185759344887,-0.002129301687433082,-0.12753,0.12753,9.83943
7565656490,21.4,0.005323254218582705,-0.00958185759344887,0.0,-0.0981,0.18639,9.819809999999999
7570706995,21.4,0.003193952531149623,-0.028763026072866547,0.0,-0.02943,0.26487,9.80019
7575757500,21.4,0.0,-0.03621558197888234,0.0,0.05886,0.21582,9.819809999999999
7580808005,21.4,-0.005323254218582705,-0.02982767691658309,-0.001064650843716541,0.12753,0.18639,9.80019
7585858510,21.4,-0.013840460968315033,-0.01811651763570114,-0.002129301687433082,0.1962,0.0981,9.770760000000001
7590909015,21.4,-0.0170518667919846,0.003193952531149623,-0.001064650843716541,0.15696000000000002,0.039240000000000004,9.770760000000001
7595959520,21.4,-0.01064650843716541,0.022375121010567305,0.0,0.0981,0.0,9.819809999999999
7601010025,21.4,-0.003193952531149623,0.02982767691658309,0.001064650843716541,0.009810000000000001,0.039240000000000004,9.888480000000001
7606060530,21.4,0.003193952531149623,0.02556907354171693,0.002129301687433082,-0.04905,0.07848000000000001,9.91791
7611111035,21.4,0.008517206749732328,0.008517206749732328,0.0,-0.06867000000000001,0.12753,9.89829
7616161540,21.4,0.022375121010567305,-0.014905111812031574,0.0,-0.019620000000000002,0.26487,9.80019
7621212045,21.4,0.01918116847941768,-0.023439771854283843,0.0,0.06867000000000001,0.35316,9.87867
7626262550,21.4,0.007452555906015787,-0.020245819323134222,0.001064650843716541,0.14715,0.25506,9.770760000000001
7631313055,21.4,-0.004258603374866164,-0.004258603374866164,0.0,0.13734000000000002,0.15696000000000002,9.66285
7636363560,21.4,-0.014905111812031574,0.015987215948268057,0.0,0.07848000000000001,0.06867000000000001,9.6138
7641414065,21.4,-0.011711159280881954,0.028763026072866547,0.0,0.019620000000000002,0.0,9.74133
7646464570,21.4,-0.007452555906015787,0.033021629447732716,0.0,-0.07848000000000001,0.04905,9.770760000000001
7651515075,21.4,0.005323254218582705,0.020245819323134222,0.0,-0.12753,0.0981,9.86886
7656565580,21.4,0.01064650843716541,-0.003193952531149623,0.0,-0.11772,0.20601000000000003,9.82962
7661616085,21.4,0.014905111812031574,-0.022375121010567305,0.0,-0.06867000000000001,0.27468000000000004,9.81
7666666590,21.4,0.008517206749732328,-0.033021629447732716,0.0,0.02943,0.30411,9.78057
7671717095,21.4,-0.003193952531149623,-0.02982767691658309,0.0,0.12753,0.22563,9.751140000000001
7676767600,21.4,-0.0170518667919846,-0.0170518667919846,0.0,0.15696000000000002,0.0981,9.73152
7681818105,21.4,-0.021310470166850764,0.002129301687433082,0.0,0.13734000000000002,0.019620000000000002,9.74133
7686868610,21.4,-0.012775810124598492,0.013840460968315033,0.0,0.039240000000000004,0.0,9.819809999999999
7691919115,21.4,-0.002129301687433082,0.023439771854283843,0.0,0.0,0.019620000000000002,9.87867
7696969620,21.4,0.005323254218582705,0.01918116847941768,0.0,-0.039240000000000004,0.039240000000000004,9.91791
7702020125,21.4,0.013840460968315033,0.005323254218582705,0.0,-0.02943,0.14715,9.87867
7707070630,21.4,0.015987215948268057,-0.005323254218582705,0.0,-0.009810000000000001,0.20601000000000003,9.86886
7712121135,21.4,0.013840460968315033,-0.015987215948268057,0.0,0.009810000000000001,0.26487,9.85905
7717171640,21.4,0.003193952531149623,-0.020245819323134222,0.0,0.08829,0.24525000000000002,9.81
7722222145,21.4,-0.002129301687433082,-0.011711159280881954,0.0,0.12753,0.14715,9.760950000000001
7727272650,21.4,-0.006387905062299246,0.0,0.0,0.11772,0.08829,9.70209
7732323155,21.4,-0.005323254218582705,0.015987215948268057,0.0,0.05886,0.05886,9.72171
7737373660,21.4,-0.003193952531149623,0.024504422698000388,0.0,0.009810000000000001,0.04905,9.760950000000001
7742424165,21.4,0.0,0.024504422698000388,0.0,-0.039240000000000004,0.07848000000000001,9.80019
7747474670,21.4,0.006387905062299246,0.014905111812031574,0.0,-0.08829,0.15696000000000002,9.80019
7752525175,21.4,0.011711159280881954,-0.002129301687433082,0.0,-0.0981,0.23544,9.81
7757575680,21.4,0.006387905062299246,-0.015987215948268057,0.0,-0.009810000000000001,0.25506,9.82962
7762626185,21.4,0.001064650843716541,-0.024504422698000388,0.0,0.04905,0.23544,9.79038
7767676690,21.4,-0.002129301687433082,-0.02556907354171693,0.0,0.07848000000000001,0.1962,9.74133
7772727195,21.4,-0.014905111812031574,-0.01064650843716541,0.0,0.11772,0.11772,9.69228
7777777700,21.4,-0.014905111812031574,0.006387905062299246,0.0,0.08829,0.05886,9.7119
7782828205,21.4,-0.00958185759344887,0.015987215948268057,0.0,0.06867000000000001,0.039240000000000004,9.79038
7787878710,21.4,-0.004258603374866164,0.02556907354171693,0.0,0.0,0.02943,9.888480000000001
7792929215,21.4,0.0,0.01811651763570114,0.0,-0.06867000000000001,0.06867000000000001,9.92772
7797979720,21.4,0.006387905062299246,0.002129301687433082,0.0,-0.05886,0.13734000000000002,9.937529999999999
7803030225,21.4,0.014905111812031574,-0.014905111812031574,0.0,-0.019620000000000002,0.1962,9.87867
7808080730,21.4,0.01064650843716541,-0.023439771854283843,0.0,0.04905,0.23544,9.83943
7813131235,21.4,0.004258603374866164,-0.023439771854283843,0.0,0.12753,0.23544,9.819809999999999
7818181740,21.4,-0.001064650843716541,-0.008517206749732328,0.0,0.15696000000000002,0.14715,9.72171
7823232245,21.4,-0.005323254218582705,0.006387905062299246,0.0,0.14715,0.07848000000000001,9.69228
7828282750,21.4,-0.008517206749732328,0.02663372438543347,0.0,0.07848000000000001,0.039240000000000004,9.770760000000001
7833333255,21.4,-0.004258603374866164,0.02663372438543347,0.0,-0.019620000000000002,0.019620000000000002,9.82962
7838383760,21.4,0.002129301687433082,0.02663372438543347,0.0,-0.0981,0.07848000000000001,9.819809999999999
7843434265,21.4,0.01064650843716541,0.007452555906015787,0.0,-0.10791,0.18639,9.84924
7848484770,21.4,0.013840460968315033,-0.008517206749732328,0.0,-0.05886,0.25506,9.79038
7853535275,21.4,0.011711159280881954,-0.023439771854283843,0.0,0.009810000000000001,0.30411,9.770760000000001
7858585780,21.4,0.0,-0.024504422698000388,0.0,0.07848000000000001,0.27468000000000004,9.751140000000001
7863636285,21.4,-0.005323254218582705,-0.014905111812031574,0.0,0.12753,0.17658,9.69228
7868686790,21.4,-0.015987215948268057,0.003193952531149623,0.0,0.0981,0.06867000000000001,9.70209
7873737295,21.4,-0.01918116847941768,0.015987215948268057,0.0,0.04905,0.039240000000000004,9.760950000000001
7878787800,21.4,-0.012775810124598492,0.0170518667919846,0.0,-0.009810000000000001,0.0,9.888480000000001
7883838305,21.4,0.001064650843716541,0.013840460968315033,0.0,-0.04905,0.04905,9.888480000000001
7888888810,21.4,0.01064650843716541,0.004258603374866164,0.0,-0.04905,0.12753,9.87867
7893939315,21.4,0.013840460968315033,-0.007452555906015787,0.0,-0.019620000000000002,0.20601000000000003,9.87867
7898989820,21.4,0.00958185759344887,-0.021310470166850764,0.0,0.05886,0.27468000000000004,9.82962
7904040325,21.4,0.002129301687433082,-0.020245819323134222,0.0,0.0981,0.21582,9.819809999999999
7909090830,21.4,-0.004258603374866164,-0.01064650843716541,0.0,0.12753,0.15696000000000002,9.79038
7914141335,21.4,-0.00958185759344887,0.002129301687433082,0.0,0.10791,0.11772,9.78057
7919191840,21.4,-0.007452555906015787,0.011711159280881954,0.0,0.06867000000000001,0.039240000000000004,9.79038
7924242345,21.4,-0.002129301687433082,0.01918116847941768,0.0,0.019620000000000002,0.019620000000000002,9.81
7929292850,21.4,0.002129301687433082,0.022375121010567305,0.0,-0.019620000000000002,0.04905,9.80019
7934343355,21.4,0.007452555906015787,0.01811651763570114,0.0,-0.039240000000000004,0.0981,9.819809999999999
7939393860,21.4,0.011711159280881954,0.005323254218582705,0.0,-0.05886,0.1962,9.80019
7944444365,21.4,0.014905111812031574,-0.01064650843716541,0.0,-0.02943,0.24525000000000002,9.79038
7949494870,21.4,0.008517206749732328,-0.015987215948268057,0.0,0.039240000000000004,0.28449,9.81
7954545375,21.4,-0.002129301687433082,-0.01918116847941768,0.0,0.06867000000000001,0.1962,9.73152
7959595880,21.4,-0.007452555906015787,-0.01064650843716541,0.0,0.10791,0.11772,9.73152
7964646385,21.4,-0.013840460968315033,0.002129301687433082,0.0,0.11772,0.04905,9.70209
7969696890,21.4,-0.01064650843716541,0.015987215948268057,0.0,0.039240000000000004,0.02943,9.73152
7974747395,21.4,-0.007452555906015787,0.021310470166850764,0.0,-0.009810000000000001,0.04905,9.83943
7979797900,21.4,0.0,0.014905111812031574,0.0,-0.05886,0.07848000000000001,9.85905
7984848405,21.4,0.006387905062299246,0.002129301687433082,0.0,-0.05886,0.15696000000000002,9.89829
7989898910,21.4,0.00958185759344887,-0.014905111812031574,0.0,-0.019620000000000002,0.23544,9.87867
7994949415,21.4,0.007452555906015787,-0.024504422698000388,0.0,0.05886,0.24525000000000002,9.86886
7999999920,21.4,0.0,-0.021310470166850764,0.0,0.11772,0.1962,9.81
8005050425,21.4,-0.007452555906015787,-0.01064650843716541,0.0,0.17658,0.10791,9.72171
8010100930,21.4,-0.007452555906015787,0.005323254218582705,0.0,0.08829,0.05886,9.74133
8015151435,21.4,-0.007452555906015787,0.01811651763570114,0.0,0.08829,0.02943,9.81
8020201940,21.4,0.0,0.022375121010567305,0.0,0.019620000000000002,0.06867000000000001,9.83943
8025252445,21.4,0.003193952531149623,0.021310470166850764,0.0,-0.039240000000000004,0.0981,9.84924
8030302950,21.4,0.011711159280881954,0.006387905062299246,0.0,-0.05886,0.17658,9.84924
8035353455,21.4,0.014905111812031574,-0.006387905062299246,0.0,-0.02943,0.20601000000000003,9.81
8040403960,21.4,0.00958185759344887,-0.014905111812031574,0.0,0.019620000000000002,0.25506,9.770760000000001
8045454465,21.4,0.003193952531149623,-0.015987215948268057,0.0,0.04905,0.23544,9.78057
8050504970,21.4,-0.004258603374866164,-0.011711159280881954,0.0,0.05886,0.17658,9.72171
8055555475,21.4,-0.011711159280881954,0.0,0.0,0.07848000000000001,0.11772,9.72171
8060605980,21.4,-0.00958185759344887,0.01064650843716541,0.0,0.039240000000000004,0.07848000000000001,9.70209
8065656485,21.4,-0.007452555906015787,0.01918116847941768,0.0,0.0,0.04905,9.80019
8070706990,21.4,-0.002129301687433082,0.01811651763570114,0.0,-0.039240000000000004,0.08829,9.83943
8075757495,21.4,0.002129301687433082,0.005323254218582705,0.0,-0.06867000000000001,0.12753,9.86886
8080808000,21.4,0.008517206749732328,-0.007452555906015787,0.0,-0.06867000000000001,0.1962,9.85905
8085858505,21.4,0.005323254218582705,-0.015987215948268057,0.0,0.009810000000000001,0.22563,9.86886
8090909010,21.4,0.005323254218582705,-0.022375121010567305,0.0,0.08829,0.20601000000000003,9.819809999999999
8095959515,21.4,-0.003193952531149623,-0.0170518667919846,0.0,0.11772,0.14715,9.78057
8101010020,21.4,-0.007452555906015787,-0.004258603374866164,0.0,0.10791,0.05886,9.74133
8106060525,21.4,-0.008517206749732328,0.007452555906015787,0.0,0.0981,0.039240000000000004,9.760950000000001
8111111030,21.4,-0.005323254218582705,0.015987215948268057,0.0,0.06867000000000001,0.019620000000000002,9.81
8116161535,21.4,0.0,0.022375121010567305,0.0,0.019620000000000002,0.04905,9.87867
8121212040,21.4,0.005323254218582705,0.012775810124598492,0.0,-0.02943,0.08829,9.84924
8126262545,21.4,0.011711159280881954,0.002129301687433082,0.0,-0.039240000000000004,0.13734000000000002,9.819809999999999
8131313050,21.4,0.012775810124598492,-0.005323254218582705,0.0,-0.019620000000000002,0.21582,9.79038
8136363555,21.4,0.00958185759344887,-0.014905111812031574,0.0,0.02943,0.25506,9.78057
8141414060,21.4,0.0,-0.013840460968315033,0.0,0.08829,0.22563,9.751140000000001
8146464565,21.4,-0.002129301687433082,-0.006387905062299246,0.0,0.10791,0.17658,9.70209
8151515070,21.4,-0.007452555906015787,0.004258603374866164,0.0,0.08829,0.11772,9.70209
8156565575,21.4,-0.007452555906015787,0.015987215948268057,0.0,0.02943,0.05886,9.751140000000001
8161616080,21.4,-0.00958185759344887,0.020245819323134222,0.0,-0.019620000000000002,0.05886,9.81
8166666585,21.4,-0.003193952531149623,0.0170518667919846,0.0,-0.039240000000000004,0.07848000000000001,9.85905
8171717090,21.4,0.004258603374866164,0.004258603374866164,0.0,-0.07848000000000001,0.14715,9.87867
8176767595,21.4,0.006387905062299246,-0.008517206749732328,0.0,-0.04905,0.1962,9.83943
8181818100,21.4,0.008517206749732328,-0.022375121010567305,0.0,0.009810000000000001,0.24525000000000002,9.819809999999999
8186868605,21.4,0.002129301687433082,-0.023439771854283843,0.0,0.0981,0.21582,9.78057
8191919110,21.4,-0.005323254218582705,-0.01811651763570114,0.0,0.11772,0.10791,9.751140000000001
8196969615,21.4,-0.011711159280881954,-0.003193952531149623,0.0,0.08829,0.05886,9.760950000000001
8202020120,21.4,-0.012775810124598492,0.011711159280881954,0.0,0.08829,-0.009810000000000001,9.79038
8207070625,21.4,-0.007452555906015787,0.020245819323134222,0.0,0.0,0.019620000000000002,9.85905
8212121130,21.4,0.0,0.020245819323134222,0.0,-0.039240000000000004,0.05886,9.888480000000001
8217171635,21.4,0.011711159280881954,0.00958185759344887,0.0,-0.019620000000000002,0.15696000000000002,9.86886
8222222140,21.4,0.01811651763570114,-0.005323254218582705,0.0,0.0,0.22563,9.819809999999999
8227272645,21.4,0.011711159280881954,-0.012775810124598492,0.0,0.0,0.26487,9.83943
8232323150,21.4,0.003193952531149623,-0.01064650843716541,0.0,0.08829,0.24525000000000002,9.770760000000001
8237373655,21.4,-0.004258603374866164,-0.007452555906015787,0.0,0.08829,0.15696000000000002,9.73152
8242424160,21.4,-0.007452555906015787,0.001064650843716541,0.0,0.07848000000000001,0.08829,9.7119
8247474665,21.4,-0.00958185759344887,0.01064650843716541,0.0,0.04905,0.10791,9.7119
8252525170,21.4,-0.002129301687433082,0.015987215948268057,0.0,-0.009810000000000001,0.05886,9.85905
8257575675,21.4,0.004258603374866164,0.014905111812031574,0.0,-0.039240000000000004,0.08829,9.81
8262626180,21.4,0.005323254218582705,0.006387905062299246,0.0,-0.04905,0.18639,9.79038
8267676685,21.4,0.006387905062299246,-0.002129301687433082,0.0,-0.02943,0.18639,9.82962
8272727190,21.4,0.004258603374866164,-0.00958185759344887,0.0,0.0,0.24525000000000002,9.79038
8277777695,21.4,-0.001064650843716541,-0.0170518667919846,0.0,0.05886,0.20601000000000003,9.83943
8282828200,21.4,-0.007452555906015787,-0.015987215948268057,0.0,0.10791,0.16677000000000003,9.760950000000001
8287878705,21.4,-0.008517206749732328,-0.008517206749732328,0.0,0.11772,0.0981,9.78057
8292929210,21.4,-0.007452555906015787,0.0,0.0,0.07848000000000001,0.05886,9.78057
8297979715,21.4,-0.006387905062299246,0.008517206749732328,0.0,0.05886,0.039240000000000004,9.81
8303030220,21.4,0.001064650843716541,0.015987215948268057,0.0,0.02943,0.07848000000000001,9.82962
8308080725,21.4,0.002129301687433082,0.012775810124598492,0.0,-0.019620000000000002,0.10791,9.85905
8313131230,21.4,0.008517206749732328,0.005323254218582705,0.0,-0.02943,0.14715,9.85905
8318181735,21.4,0.006387905062299246,-0.001064650843716541,0.0,0.0,0.1962,9.83943
8323232240,21.4,0.00958185759344887,-0.013840460968315033,0.0,0.019620000000000002,0.1962,9.85905
8328282745,21.4,0.006387905062299246,-0.015987215948268057,0.0,0.11772,0.20601000000000003,9.72171
8333333250,21.4,-0.004258603374866164,-0.00958185759344887,0.0,0.10791,0.13734000000000002,9.760950000000001
8338383755,21.4,-0.008517206749732328,0.004258603374866164,0.0,0.06867000000000001,0.12753,9.70209
8343434260,21.4,-0.004258603374866164,0.014905111812031574,0.0,0.009810000000000001,0.04905,9.751140000000001
8348484765,21.4,-0.001064650843716541,0.020245819323134222,0.0,0.009810000000000001,0.07848000000000001,9.770760000000001
8353535270,21.4,0.002129301687433082,0.014905111812031574,0.0,-0.019620000000000002,0.12753,9.80019
8358585775,21.4,0.004258603374866164,0.006387905062299246,0.0,-0.07848000000000001,0.16677000000000003,9.86886
8363636280,21.4,0.01064650843716541,-0.007452555906015787,0.0,-0.039240000000000004,0.18639,9.82962
8368686785,21.4,0.008517206749732328,-0.0170518667919846,0.0,0.0,0.23544,9.81
8373737290,21.4,-0.002129301687433082,-0.01918116847941768,0.0,0.04905,0.18639,9.81
8378787795,21.4,-0.006387905062299246,-0.014905111812031574,0.0,0.0981,0.16677000000000003,9.72171
8383838300,21.4,-0.00958185759344887,-0.003193952531149623,0.0,0.08829,0.10791,9.74133
8388888805,21.4,-0.008517206749732328,0.008517206749732328,0.0,0.039240000000000004,0.02943,9.81
8393939310,21.4,-0.008517206749732328,0.015987215948268057,0.0,0.04905,0.05886,9.81
8398989815,21.4,-0.001064650843716541,0.011711159280881954,0.0,0.02943,0.04905,9.84924
8404040320,21.4,0.007452555906015787,0.008517206749732328,0.0,-0.02943,0.10791,9.89829
8409090825,21.4,0.01064650843716541,-0.002129301687433082,0.0,-0.019620000000000002,0.17658,9.888480000000001
8414141330,21.4,0.012775810124598492,-0.011711159280881954,0.0,0.02943,0.21582,9.83943
8419191835,21.4,0.007452555906015787,-0.013840460968315033,0.0,0.05886,0.1962,9.84924
8424242340,21.4,-0.002129301687433082,-0.007452555906015787,0.0,0.12753,0.17658,9.73152
8429292845,21.4,-0.007452555906015787,0.001064650843716541,0.0,0.08829,0.11772,9.73152
8434343350,21.4,-0.006387905062299246,0.011711159280881954,0.0,0.05886,0.07848000000000001,9.751140000000001
8439393855,21.4,-0.004258603374866164,0.01811651763570114,0.0,0.02943,0.04905,9.78057
8444444360,21.4,-0.001064650843716541,0.01811651763570114,0.0,0.0,0.0981,9.82962
8449494865,21.4,0.005323254218582705,0.012775810124598492,0.0,-0.05886,0.11772,9.819809999999999
8454545370,21.4,0.01064650843716541,-0.001064650843716541,0.0,-0.05886,0.16677000000000003,9.78057
8459595875,21.4,0.006387905062299246,-0.007452555906015787,0.0,0.0,0.22563,9.81
8464646380,21.4,0.002129301687433082,-0.015987215948268057,0.0,0.05886,0.20601000000000003,9.78057
8469696885,21.4,-0.004258603374866164,-0.012775810124598492,0.0,0.02943,0.17658,9.73152
8474747390,21.4,-0.012775810124598492,-0.007452555906015787,0.0,0.07848000000000001,0.12753,9.751140000000001
8479797895,21.4,-0.00958185759344887,0.002129301687433082,0.0,0.06867000000000001,0.0981,9.79038
8484848400,21.4,-0.008517206749732328,0.007452555906015787,0.0,0.04905,0.04905,9.82962
8489898905,21.4,0.0,0.011711159280881954,0.0,-0.009810000000000001,0.04905,9.81
8494949410,21.4,0.001064650843716541,0.01064650843716541,0.0,0.0,0.08829,9.83943
8499999915,21.4,0.006387905062299246,0.003193952531149623,0.0,-0.009810000000000001,0.14715,9.86886
8505050420,21.4,0.007452555906015787,-0.003193952531149623,0.0,0.009810000000000001,0.20601000000000003,9.84924
8510100925,21.4,0.00958185759344887,-0.011711159280881954,0.0,0.02943,0.23544,9.87867
8515151430,21.4,0.003193952531149623,-0.015987215948268057,0.0,0.07848000000000001,0.22563,9.79038
8520201935,21.4,-0.001064650843716541,-0.00958185759344887,0.0,0.10791,0.12753,9.81
8525252440,21.4,-0.005323254218582705,0.003193952531149623,0.0,0.10791,0.0981,9.74133
8530302945,21.4,-0.001064650843716541,0.011711159280881954,0.0,0.07848000000000001,0.05886,9.760950000000001
8535353450,21.4,-0.001064650843716541,0.021310470166850764,0.0,0.009810000000000001,0.039240000000000004,9.80019
8540403955,21.4,0.002129301687433082,0.0170518667919846,0.0,-0.019620000000000002,0.13734000000000002,9.80019
8545454460,21.4,0.005323254218582705,0.011711159280881954,0.0,-0.04905,0.17658,9.81
8550504965,21.4,0.008517206749732328,-0.001064650843716541,0.0,-0.019620000000000002,0.20601000000000003,9.81
8555555470,21.4,0.01064650843716541,-0.013840460968315033,0.0,0.0,0.23544,9.81
8560605975,21.4,0.005323254218582705,-0.01811651763570114,0.0,0.04905,0.22563,9.760950000000001
8565656480,21.4,-0.003193952531149623,-0.012775810124598492,0.0,0.08829,0.17658,9.770760000000001
8570706985,21.4,-0.01064650843716541,-0.006387905062299246,0.0,0.07848000000000001,0.10791,9.68247
8575757490,21.4,-0.008517206749732328,0.006387905062299246,0.0,0.04905,0.05886,9.760950000000001
8580807995,21.4,-0.00958185759344887,0.014905111812031574,0.0,0.04905,0.04905,9.819809999999999
8585858500,21.4,0.0,0.01064650843716541,0.0,-0.02943,0.08829,9.888480000000001
8590909005,21.4,0.006387905062299246,0.006387905062299246,0.0,-0.019620000000000002,0.14715,9.86886
8595959510,21.4,0.008517206749732328,-0.005323254218582705,0.0,0.0,0.18639,9.85905
8601010015,21.4,0.004258603374866164,-0.012775810124598492,0.0,0.019620000000000002,0.21582,9.83943
8606060520,21.4,0.0,-0.01064650843716541,0.0,0.06867000000000001,0.18639,9.819809999999999
8611111025,21.4,-0.001064650843716541,-0.005323254218582705,0.0,0.10791,0.12753,9.79038
8616161530,21.4,-0.004258603374866164,-0.001064650843716541,0.0,0.0981,0.10791,9.760950000000001
8621212035,21.4,-0.005323254218582705,0.006387905062299246,0.0,0.04905,0.0981,9.80019
8626262540,21.4,-0.001064650843716541,0.012775810124598492,0.0,0.019620000000000002,0.05886,9.81
8631313045,21.4,0.004258603374866164,0.014905111812031574,0.0,0.009810000000000001,0.08829,9.819809999999999
8636363550,21.4,0.006387905062299246,0.00958185759344887,0.0,-0.02943,0.14715,9.81
8641414055,21.4,0.005323254218582705,0.004258603374866164,0.0,-0.05886,0.20601000000000003,9.83943
8646464560,21.4,0.007452555906015787,-0.004258603374866164,0.0,0.02943,0.22563,9.770760000000001
8651515065,21.4,0.0,-0.01064650843716541,0.0,0.019620000000000002,0.22563,9.79038
8656565570,21.4,-0.002129301687433082,-0.008517206749732328,0.0,0.039240000000000004,0.18639,9.770760000000001
8661616075,21.4,-0.002129301687433082,-0.005323254218582705,0.0,0.11772,0.16677000000000003,9.73152
8666666580,21.4,-0.005323254218582705,0.0,0.0,0.07848000000000001,0.07848000000000001,9.73152
8671717085,21.4,-0.004258603374866164,0.004258603374866164,0.0,0.0,0.08829,9.760950000000001
8676767590,21.4,-0.004258603374866164,0.011711159280881954,0.0,0.02943,0.0981,9.80019
8681818095,21.4,0.0,0.011711159280881954,0.0,0.0,0.08829,9.86886
8686868600,21.4,0.003193952531149623,0.004258603374866164,0.0,-0.039240000000000004,0.12753,9.83943
8691919105,21.4,0.006387905062299246,-0.006387905062299246,0.0,0.0,0.1962,9.83943
8696969610,21.4,0.005323254218582705,-0.014905111812031574,0.0,0.019620000000000002,0.20601000000000003,9.83943
8702020115,21.4,0.003193952531149623,-0.011711159280881954,0.0,0.06867000000000001,0.17658,9.81
8707070620,21.4,-0.004258603374866164,-0.007452555906015787,0.0,0.11772,0.15696000000000002,9.751140000000001
8712121125,21.4,-0.004258603374866164,0.0,0.0,0.14715,0.08829,9.770760000000001
8717171630,21.4,-0.005323254218582705,0.00958185759344887,0.0,0.07848000000000001,0.0981,9.79038
8722222135,21.4,-0.001064650843716541,0.012775810124598492,0.0,0.019620000000000002,0.05886,9.819809999999999
8727272640,21.4,0.005323254218582705,0.012775810124598492,0.0,-0.02943,0.0981,9.84924
8732323145,21.4,0.008517206749732328,0.007452555906015787,0.0,-0.04905,0.13734000000000002,9.81
8737373650,21.4,0.011711159280881954,0.002129301687433082,0.0,-0.02943,0.17658,9.819809999999999
8742424155,21.4,0.008517206749732328,-0.008517206749732328,0.0,0.009810000000000001,0.23544,9.81
8747474660,21.4,0.006387905062299246,-0.01064650843716541,0.0,0.04905,0.23544,9.770760000000001
8752525165,21.4,-0.003193952531149623,-0.005323254218582705,0.0,0.0981,0.18639,9.73152
8757575670,21.4,-0.008517206749732328,-0.001064650843716541,0.0,0.06867000000000001,0.12753,9.72171
8762626175,21.4,-0.007452555906015787,0.005323254218582705,0.0,0.02943,0.07848000000000001,9.74133
8767676680,21.4,-0.005323254218582705,0.00958185759344887,0.0,0.0,0.05886,9.81
8772727185,21.4,-0.006387905062299246,0.011711159280881954,0.0,-0.009810000000000001,0.06867000000000001,9.83943
8777777690,21.4,0.004258603374866164,0.004258603374866164,0.0,-0.04905,0.0981,9.82962
8782828195,21.4,0.005323254218582705,-0.004258603374866164,0.0,-0.04905,0.1962,9.83943
8787878700,21.4,0.006387905062299246,-0.00958185759344887,0.0,0.05886,0.21582,9.81
8792929205,21.4,0.001064650843716541,-0.012775810124598492,0.0,0.10791,0.18639,9.84924
8797979710,21.4,-0.004258603374866164,-0.008517206749732328,0.0,0.0981,0.14715,9.81
8803030215,21.4,-0.004258603374866164,-0.004258603374866164,0.0,0.08829,0.0981,9.79038
8808080720,21.4,-0.01064650843716541,0.004258603374866164,0.0,0.08829,0.05886,9.79038
8813131225,21.4,-0.003193952531149623,0.01064650843716541,0.0,0.05886,0.04905,9.819809999999999
8818181730,21.4,0.001064650843716541,0.011711159280881954,0.0,0.02943,0.06867000000000001,9.82962
8823232235,21.4,0.006387905062299246,0.008517206749732328,0.0,-0.009810000000000001,0.11772,9.83943
8828282740,21.4,0.01064650843716541,0.003193952531149623,0.0,0.0,0.1962,9.82962
8833333245,21.4,0.005323254218582705,0.0,0.0,-0.009810000000000001,0.20601000000000003,9.81
8838383750,21.4,0.004258603374866164,-0.003193952531149623,0.0,0.04905,0.20601000000000003,9.78057
8843434255,21.4,-0.002129301687433082,-0.005323254218582705,0.0,0.05886,0.18639,9.80019
8848484760,21.4,0.0,-0.005323254218582705,0.0,0.05886,0.15696000000000002,9.760950000000001
8853535265,21.4,-0.005323254218582705,0.002129301687433082,0.0,0.039240000000000004,0.0981,9.73152
8858585770,21.4,-0.005323254218582705,0.005323254218582705,0.0,0.039240000000000004,0.08829,9.74133
8863636275,21.4,-0.001064650843716541,0.01064650843716541,0.0,0.0,0.12753,9.79038
8868686780,21.4,0.002129301687433082,0.00958185759344887,0.0,-0.009810000000000001,0.11772,9.80019
8873737285,21.4,0.0,0.007452555906015787,0.0,-0.039240000000000004,0.16677000000000003,9.81
8878787790,21.4,0.007452555906015787,-0.005323254218582705,0.0,-0.019620000000000002,0.17658,9.819809999999999
8883838295,21.4,0.001064650843716541,-0.01064650843716541,0.0,0.0,0.1962,9.83943
8888888800,21.4,0.003193952531149623,-0.013840460968315033,0.0,0.039240000000000004,0.18639,9.819809999999999
8893939305,21.4,-0.003193952531149623,-0.01064650843716541,0.0,0.05886,0.14715,9.78057
8898989810,21.4,-0.004258603374866164,-0.004258603374866164,0.0,0.08829,0.0981,9.760950000000001
8904040315,21.4,-0.007452555906015787,0.006387905062299246,0.0,0.04905,0.06867000000000001,9.770760000000001
8909090820,21.4,-0.006387905062299246,0.011711159280881954,0.0,0.02943,0.05886,9.83943
8914141325,21.4,0.0,0.011711159280881954,0.0,0.019620000000000002,0.06867000000000001,9.84924
8919191830,21.4,0.005323254218582705,0.00958185759344887,0.0,-0.009810000000000001,0.11772,9.86886
8924242335,21.4,0.011711159280881954,0.001064650843716541,0.0,0.009810000000000001,0.18639,9.83943
8929292840,21.4,0.006387905062299246,-0.006387905062299246,0.0,0.019620000000000002,0.1962,9.819809999999999
8934343345,21.4,0.003193952531149623,-0.008517206749732328,0.0,0.039240000000000004,0.21582,9.78057
8939393850,21.4,0.0,-0.007452555906015787,0.0,0.06867000000000001,0.20601000000000003,9.73152
8944444355,21.4,-0.004258603374866164,0.002129301687433082,0.0,0.05886,0.13734000000000002,9.73152
8949494860,21.4,-0.004258603374866164,0.005323254218582705,0.0,0.06867000000000001,0.10791,9.74133
8954545365,21.4,-0.004258603374866164,0.013840460968315033,0.0,0.039240000000000004,0.0981,9.81
8959595870,21.4,0.0,0.01064650843716541,0.0,-0.039240000000000004,0.08829,9.819809999999999
8964646375,21.4,0.002129301687433082,0.006387905062299246,0.0,-0.039240000000000004,0.10791,9.81
8969696880,21.4,0.003193952531149623,-0.002129301687433082,0.0,-0.019620000000000002,0.17658,9.81
8974747385,21.4,0.003193952531149623,-0.005323254218582705,0.0,0.0,0.18639,9.80019
8979797890,21.4,0.002129301687433082,-0.01064650843716541,0.0,0.02943,0.1962,9.81
8984848395,21.4,-0.003193952531149623,-0.013840460968315033,0.0,0.07848000000000001,0.17658,9.80019
8989898900,21.4,-0.003193952531149623,-0.007452555906015787,0.0,0.0981,0.12753,9.79038
8994949405,21.4,-0.007452555906015787,-0.001064650843716541,0.0,0.05886,0.07848000000000001,9.81
8999999910,21.4,-0.003193952531149623,0.006387905062299246,0.0,0.04905,0.07848000000000001,9.80019
9005050415,21.4,-0.002129301687433082,0.008517206749732328,0.0,0.0,0.07848000000000001,9.82962
9010100920,21.4,0.001064650843716541,0.01064650843716541,0.0,-0.019620000000000002,0.0981,9.84924
9015151425,21.4,0.003193952531149623,0.004258603374866164,0.0,0.0,0.16677000000000003,9.82962
9020201930,21.4,0.005323254218582705,-0.002129301687433082,0.0,-0.009810000000000001,0.16677000000000003,9.83943
9025252435,21.4,0.006387905062299246,-0.005323254218582705,0.0,0.04905,0.20601000000000003,9.78057
9030302940,21.4,0.003193952531149623,-0.005323254218582705,0.0,0.05886,0.17658,9.80019
9035353445,21.4,-0.005323254218582705,-0.004258603374866164,0.0,0.07848000000000001,0.12753,9.78057
9040403950,21.4,-0.004258603374866164,0.0,0.0,0.05886,0.11772,9.760950000000001
9045454455,21.4,-0.005323254218582705,0.007452555906015787,0.0,0.019620000000000002,0.0981,9.760950000000001
9050504960,21.4,0.0,0.00958185759344887,0.0,0.0,0.11772,9.770760000000001
9055555465,21.4,0.003193952531149623,0.00958185759344887,0.0,-0.009810000000000001,0.13734000000000002,9.80019
9060605970,21.4,0.004258603374866164,0.004258603374866164,0.0,-0.019620000000000002,0.17658,9.82962
9065656475,21.4,0.002129301687433082,0.001064650843716541,0.0,-0.019620000000000002,0.17658,9.78057
9070706980,21.4,0.002129301687433082,-0.006387905062299246,0.0,0.0,0.21582,9.770760000000001
9075757485,21.4,0.0,-0.011711159280881954,0.0,0.02943,0.1962,9.81
9080807990,21.4,-0.003193952531149623,-0.00958185759344887,0.0,0.05886,0.13734000000000002,9.79038
9085858495,21.4,-0.00958185759344887,-0.004258603374866164,0.0,0.05886,0.10791,9.78057
9090909000,21.4,-0.008517206749732328,0.002129301687433082,0.0,0.04905,0.06867000000000001,9.78057
9095959505,21.4,-0.003193952531149623,0.007452555906015787,0.0,0.02943,0.08829,9.819809999999999
9101010010,21.4,-0.002129301687433082,0.008517206749732328,0.0,0.0,0.07848000000000001,9.819809999999999
9106060515,21.4,0.005323254218582705,0.005323254218582705,0.0,0.009810000000000001,0.13734000000000002,9.84924
9111111020,21.4,0.007452555906015787,-0.002129301687433082,0.0,0.009810000000000001,0.16677000000000003,9.85905
9116161525,21.4,0.006387905062299246,-0.006387905062299246,0.0,0.04905,0.1962,9.83943
9121212030,21.4,0.003193952531149623,-0.008517206749732328,0.0,0.06867000000000001,0.17658,9.80019
9126262535,21.4,0.0,-0.006387905062299246,0.0,0.07848000000000001,0.16677000000000003,9.751140000000001
9131313040,21.4,-0.003193952531149623,-0.001064650843716541,0.0,0.06867000000000001,0.13734000000000002,9.760950000000001
9136363545,21.4,-0.004258603374866164,0.004258603374866164,0.0,0.05886,0.10791,9.73152
9141414050,21.4,-0.002129301687433082,0.011711159280881954,0.0,0.02943,0.11772,9.770760000000001
9146464555,21.4,0.003193952531149623,0.01064650843716541,0.0,-0.019620000000000002,0.11772,9.819809999999999
9151515060,21.4,0.0,0.008517206749732328,0.0,0.0,0.15696000000000002,9.80019
9156565565,21.4,0.005323254218582705,0.002129301687433082,0.0,-0.009810000000000001,0.18639,9.79038
9161616070,21.4,0.007452555906015787,-0.003193952531149623,0.0,0.0,0.1962,9.81
9166666575,21.4,0.001064650843716541,-0.006387905062299246,0.0,0.009810000000000001,0.17658,9.79038
9171717080,21.4,-0.002129301687433082,-0.007452555906015787,0.0,0.02943,0.17658,9.760950000000001
9176767585,21.4,-0.005323254218582705,-0.006387905062299246,0.0,0.05886,0.12753,9.751140000000001
9181818090,21.4,-0.006387905062299246,0.0,0.0,0.06867000000000001,0.0981,9.80019
9186868595,21.4,-0.005323254218582705,0.003193952531149623,0.0,0.019620000000000002,0.07848000000000001,9.78057
9191919100,21.4,-0.004258603374866164,0.006387905062299246,0.0,0.009810000000000001,0.08829,9.81
9196969605,21.4,-0.001064650843716541,0.005323254218582705,0.0,0.0,0.0981,9.83943
9202020110,21.4,0.001064650843716541,0.0,0.0,0.0,0.14715,9.84924
9207070615,21.4,0.006387905062299246,-0.002129301687433082,0.0,0.0,0.15696000000000002,9.85905
9212121120,21.4,0.006387905062299246,-0.005323254218582705,0.0,0.039240000000000004,0.16677000000000003,9.83943
9217171625,21.4,0.003193952531149623,-0.00958185759344887,0.0,0.0981,0.17658,9.81
9222222130,21.4,-0.003193952531149623,-0.006387905062299246,0.0,0.11772,0.15696000000000002,9.751140000000001
9227272635,21.4,0.0,0.0,0.0,0.08829,0.13734000000000002,9.770760000000001
9232323140,21.4,-0.002129301687433082,0.006387905062299246,0.0,0.039240000000000004,0.07848000000000001,9.770760000000001
9237373645,21.4,-0.001064650843716541,0.011711159280881954,0.0,0.019620000000000002,0.0981,9.80019
9242424150,21.4,0.0,0.007452555906015787,0.0,-0.009810000000000001,0.11772,9.819809999999999
9247474655,21.4,0.003193952531149623,0.007452555906015787,0.0,-0.019620000000000002,0.13734000000000002,9.819809999999999
9252525160,21.4,0.007452555906015787,0.0,0.0,-0.02943,0.20601000000000003,9.80019
9257575665,21.4,0.002129301687433082,-0.006387905062299246,0.0,0.0,0.20601000000000003,9.81
9262626170,21.4,0.003193952531149623,-0.008517206749732328,0.0,0.039240000000000004,0.20601000000000003,9.760950000000001
9267676675,21.4,-0.003193952531149623,-0.008517206749732328,0.0,0.06867000000000001,0.15696000000000002,9.74133
9272727180,21.4,-0.007452555906015787,-0.002129301687433082,0.0,0.05886,0.12753,9.770760000000001
9277777685,21.4,-0.00958185759344887,0.001064650843716541,0.0,0.06867000000000001,0.07848000000000001,9.770760000000001
9282828190,21.4,-0.00958185759344887,0.006387905062299246,0.0,0.009810000000000001,0.08829,9.81
9287878695,21.4,0.001064650843716541,0.005323254218582705,0.0,-0.009810000000000001,0.06867000000000001,9.83943
9292929200,21.4,0.002129301687433082,0.003193952531149623,0.0,0.0,0.10791,9.83943
9297979705,21.4,0.005323254218582705,-0.005323254218582705,0.0,0.019620000000000002,0.16677000000000003,9.81
9303030210,21.4,0.005323254218582705,-0.007452555906015787,0.0,0.02943,0.20601000000000003,9.83943
9308080715,21.4,0.005323254218582705,-0.007452555906015787,0.0,0.08829,0.18639,9.80019
9313131220,21.4,-0.002129301687433082,-0.007452555906015787,0.0,0.07848000000000001,0.1962,9.79038
9318181725,21.4,-0.005323254218582705,0.0,0.0,0.06867000000000001,0.12753,9.80019
9323232230,21.4,-0.004258603374866164,0.002129301687433082,0.0,0.02943,0.08829,9.80019
9328282735,21.4,-0.001064650843716541,0.008517206749732328,0.0,0.039240000000000004,0.08829,9.80019
9333333240,21.4,0.003193952531149623,0.011711159280881954,0.0,-0.019620000000000002,0.08829,9.80019
9338383745,21.4,0.003193952531149623,0.007452555906015787,0.0,-0.019620000000000002,0.15696000000000002,9.80019
9343434250,21.4,0.008517206749732328,0.003193952531149623,0.0,-0.02943,0.17658,9.80019
9348484755,21.4,0.006387905062299246,-0.001064650843716541,0.0,-0.009810000000000001,0.21582,9.81
9353535260,21.4,0.006387905062299246,-0.005323254218582705,0.0,0.019620000000000002,0.20601000000000003,9.79038
9358585765,21.4,0.0,-0.006387905062299246,0.0,0.08829,0.18639,9.760950000000001
9363636270,21.4,-0.007452555906015787,-0.004258603374866164,0.0,0.05886,0.14715,9.760950000000001
9368686775,21.4,-0.005323254218582705,0.0,0.0,0.02943,0.0981,9.760950000000001
9373737280,21.4,-0.005323254218582705,0.004258603374866164,0.0,0.019620000000000002,0.0981,9.79038
9378787785,21.4,-0.001064650843716541,0.005323254218582705,0.0,0.0,0.0981,9.81
9383838290,21.4,0.002129301687433082,0.004258603374866164,0.0,0.019620000000000002,0.12753,9.83943
9388888795,21.4,0.002129301687433082,0.001064650843716541,0.0,0.019620000000000002,0.14715,9.83943
9393939300,21.4,0.003193952531149623,-0.003193952531149623,0.0,0.019620000000000002,0.15696000000000002,9.80019
9398989805,21.4,0.0,-0.008517206749732328,0.0,0.019620000000000002,0.15696000000000002,9.81
9404040310,21.4,-0.002129301687433082,-0.006387905062299246,0.0,0.05886,0.13734000000000002,9.819809999999999
9409090815,21.4,-0.001064650843716541,-0.005323254218582705,0.0,0.07848000000000001,0.12753,9.80019
9414141320,21.4,-0.002129301687433082,-0.003193952531149623,0.0,0.04905,0.10791,9.81
9419191825,21.4,-0.002129301687433082,0.001064650843716541,0.0,0.04905,0.10791,9.81
9424242330,21.4,0.0,0.007452555906015787,0.0,0.039240000000000004,0.08829,9.80019
9429292835,21.4,0.004258603374866164,0.00958185759344887,0.0,0.009810000000000001,0.11772,9.819809999999999
9434343340,21.4,0.001064650843716541,0.00958185759344887,0.0,0.0,0.17658,9.81
9439393845,21.4,0.003193952531149623,0.001064650843716541,0.0,0.0,0.18639,9.79038
9444444350,21.4,0.004258603374866164,-0.005323254218582705,0.0,0.02943,0.20601000000000003,9.78057
9449494855,21.4,0.001064650843716541,-0.006387905062299246,0.0,0.04905,0.20601000000000003,9.770760000000001
9454545360,21.4,0.001064650843716541,-0.007452555906015787,0.0,0.04905,0.17658,9.751140000000001
9459595865,21.4,-0.001064650843716541,-0.001064650843716541,0.0,0.04905,0.10791,9.73152
9464646370,21.4,-0.004258603374866164,0.006387905062299246,0.0,0.02943,0.12753,9.751140000000001
9469696875,21.4,-0.001064650843716541,0.007452555906015787,0.0,0.009810000000000001,0.10791,9.81
9474747380,21.4,-0.001064650843716541,0.007452555906015787,0.0,0.009810000000000001,0.10791,9.80019
9479797885,21.4,0.0,0.005323254218582705,0.0,0.0,0.13734000000000002,9.82962
9484848390,21.4,0.002129301687433082,-0.001064650843716541,0.0,0.0,0.16677000000000003,9.87867
9489898895,21.4,0.004258603374866164,-0.007452555906015787,0.0,0.0,0.15696000000000002,9.819809999999999
9494949400,21.4,0.004258603374866164,-0.01064650843716541,0.0,0.039240000000000004,0.15696000000000002,9.819809999999999
9499999905,21.4,0.0,-0.006387905062299246,0.0,0.05886,0.15696000000000002,9.78057
9505050410,21.4,-0.002129301687433082,-0.003193952531149623,0.0,0.08829,0.13734000000000002,9.74133
9510100915,21.4,-0.005323254218582705,0.003193952531149623,0.0,0.06867000000000001,0.13734000000000002,9.80019
9515151420,21.4,0.0,0.005323254218582705,0.0,0.05886,0.07848000000000001,9.81
9520201925,21.4,0.001064650843716541,0.007452555906015787,0.0,0.0,0.12753,9.86886
9525252430,21.4,0.003193952531149623,0.006387905062299246,0.0,0.0,0.13734000000000002,9.83943
9530302935,21.4,0.005323254218582705,0.003193952531149623,0.0,0.009810000000000001,0.12753,9.81
9535353440,21.4,0.007452555906015787,0.0,0.0,0.019620000000000002,0.16677000000000003,9.80019
9540403945,21.4,0.005323254218582705,-0.004258603374866164,0.0,0.02943,0.17658,9.78057
9545454450,21.4,0.0,-0.004258603374866164,0.0,0.06867000000000001,0.1962,9.73152
9550504955,21.4,-0.002129301687433082,0.0,0.0,0.039240000000000004,0.16677000000000003,9.78057
9555555460,21.4,-0.004258603374866164,0.0,0.0,0.04905,0.12753,9.770760000000001
9560605965,21.4,0.0,0.005323254218582705,0.0,0.039240000000000004,0.0981,9.751140000000001
9565656470,21.4,-0.004258603374866164,0.006387905062299246,0.0,0.0,0.11772,9.79038
9570706975,21.4,0.0,0.002129301687433082,0.0,0.0,0.0981,9.81
9575757480,21.4,0.002129301687433082,0.0,0.0,0.0,0.10791,9.80019
9580807985,21.4,0.003193952531149623,-0.002129301687433082,0.0,0.0,0.14715,9.79038
9585858490,21.4,0.003193952531149623,-0.007452555906015787,0.0,0.02943,0.17658,9.73152
9590908995,21.4,0.005323254218582705,-0.005323254218582705,0.0,0.06867000000000001,0.20601000000000003,9.69228
9595959500,21.4,0.0,-0.007452555906015787,0.0,0.0981,0.20601000000000003,9.633420000000001
9601010005,21.4,0.001064650843716541,-0.003193952531149623,0.0,0.10791,0.18639,9.59418
9606060510,21.4,-0.004258603374866164,0.008517206749732328,0.0,0.10791,0.20601000000000003,9.57456
9611111015,21.4,-0.007452555906015787,0.0170518667919846,0.0,0.05886,0.13734000000000002,9.55494
9616161520,21.4,-0.007452555906015787,0.01918116847941768,0.0,0.0,0.14715,9.59418
9621212025,21.4,-0.011711159280881954,0.0170518667919846,0.0,-0.039240000000000004,0.15696000000000002,9.633420000000001
9626262530,21.4,-0.007452555906015787,0.00958185759344887,0.0,-0.05886,0.20601000000000003,9.64323
9631313035,21.4,-0.008517206749732328,0.0,0.0,-0.06867000000000001,0.16677000000000003,9.69228
9636363540,21.4,-0.01064650843716541,-0.014905111812031574,0.0,-0.019620000000000002,0.21582,9.7119
9641414045,21.4,-0.011711159280881954,-0.024504422698000388,0.0,0.039240000000000004,0.22563,9.68247
9646464550,21.4,-0.00958185759344887,-0.020245819323134222,0.0,0.05886,0.20601000000000003,9.66285
9651515055,21.4,-0.014905111812031574,-0.015987215948268057,0.0,0.11772,0.18639,9.58437
9656565560,21.4,-0.0170518667919846,-0.007452555906015787,0.0,0.15696000000000002,0.16677000000000003,9.5157
9661616065,21.4,-0.01811651763570114,-0.015987215948268057,0.0,0.15696000000000002,0.22563,9.496080000000001
9666666570,21.4,-0.021310470166850764,-0.02663372438543347,0.0,0.21582,0.41202000000000005,9.44703
9671717075,21.4,-0.01811651763570114,-0.06817256058289851,0.0,0.49050000000000005,0.46107000000000004,9.55494
9676767580,21.4,-0.0404741853537485,-0.060720004676882725,0.0,0.69651,0.41202000000000005,9.52551
9681818085,21.4,-0.05113814708343386,-0.054332099614583476,0.0,0.8240400000000001,0.11772,9.58437
9686868590,21.4,-0.07456046564519776,-0.015987215948268057,0.0,0.75537,-0.07848000000000001,9.66285
9691919095,21.4,-0.0756251164889143,0.022375121010567305,0.0,0.5591700000000001,-0.14715,9.78057
9696969600,21.4,-0.05113814708343386,0.06604325889546543,0.0,0.44145,-0.24525000000000002,10.006200000000002
9702020105,21.4,-0.05007349623971732,0.1171814059788993,0.0,0.18639,-0.14715,10.212209999999999
9707070610,21.4,-0.014905111812031574,0.15126768627034853,0.0,-0.06867000000000001,-0.17658,10.08468
9712121115,21.4,-0.002129301687433082,0.15872024217636432,0.0,-0.44145,-0.0981,9.97677
9717171620,21.4,0.020245819323134222,0.12463396188491506,0.0,-0.73575,-0.04905,9.908100000000001
9722222125,21.4,0.024504422698000388,0.060720004676882725,0.0,-0.85347,0.019620000000000002,9.908100000000001
9727272630,21.4,0.031956978604016174,-0.002129301687433082,0.0,-0.86328,0.13734000000000002,9.92772
9732323135,21.4,0.02769837522915001,-0.05539675045830002,0.0,-0.73575,0.1962,9.82962
9737373640,21.4,0.022375121010567305,-0.11292280260403312,0.0,-0.5591700000000001,0.5886,9.908100000000001
9742424145,21.4,0.022375121010567305,-0.14913838458291545,0.0,-0.12753,0.75537,10.01601
9747474650,21.4,-0.0170518667919846,-0.15446163880149816,0.0,0.30411,0.6867000000000001,9.94734
9752525155,21.4,-0.060720004676882725,-0.15126768627034853,0.0,0.69651,0.43164,9.53532
9757575660,21.4,-0.09054768159346581,-0.1278279144160647,0.0,0.95157,0.12753,9.40779
9762626165,21.4,-0.11398745344774965,-0.07030186227033158,0.0,1.01043,-0.16677000000000003,9.5157
9767676670,21.4,-0.09906488834319814,-0.01811651763570114,0.0,0.9908100000000001,-0.33354000000000006,9.60399
9772727175,21.4,-0.0756251164889143,0.02556907354171693,0.0,0.85347,-0.2943,9.87867
9777777680,21.4,-0.044732788728614664,0.07136651311404815,0.0,0.73575,-0.27468000000000004,9.92772
9782828185,21.4,-0.003193952531149623,0.10759954838545042,0.0,0.52974,-0.24525000000000002,9.79038
9787878690,21.4,0.03089232776029963,0.12995721610349775,0.0,0.1962,-0.12753,9.5157
9792929195,21.4,0.04260348704118158,0.13849187614575004,0.0,-0.039240000000000004,-0.02943,9.4176
9797979700,21.4,0.054332099614583476,0.12676326357234816,0.0,-0.32373,0.12753,9.43722
9803030205,21.4,0.05539675045830002,0.10545279340549739,0.0,-0.5395500000000001,0.24525000000000002,9.55494
9808080710,21.4,0.05220279792715039,0.05326744877086694,0.0,-0.6768900000000001,0.71613,9.633420000000001
9813131215,21.4,0.05326744877086694,-0.002129301687433082,0.0,-0.6278400000000001,0.8338500000000001,9.84924
9818181720,21.4,-0.006387905062299246,-0.031956978604016174,0.0,-0.51012,0.79461,9.97677
9823232225,21.4,-0.05326744877086694,-0.05539675045830002,0.0,-0.34335000000000004,0.35316,9.5157
9828282730,21.4,-0.08096582400001695,-0.06817256058289851,0.0,-0.35316,0.11772,9.40779
9833333235,21.4,-0.11611675513518273,-0.06710790973918197,0.0,-0.21582,0.02943,9.59418
9838383740,21.4,-0.09693558665576507,-0.09161233243718235,0.0,-0.05886,-0.10791,9.888480000000001
9843434245,21.4,-0.10225884087434776,-0.11079350091660004,0.0,0.12753,-0.0981,10.15335
9848484750,21.4,-0.06817256058289851,-0.1352804703220805,0.0,0.41202000000000005,-0.15696000000000002,10.074869999999999
9853535255,21.4,-0.049008845396000776,-0.1278279144160647,0.0,0.69651,-0.009810000000000001,9.98658
9858585760,21.4,-0.049008845396000776,-0.08203047484373349,0.0,1.04967,-0.0981,10.03563
9863636265,21.4,-0.02982767691658309,-0.02769837522915001,0.0,1.06929,-0.23544,9.70209
9868686770,21.4,-0.03515093113516579,0.03834488366631542,0.0,0.9319500000000001,-0.17658,9.59418
9873737275,21.4,-0.020245819323134222,0.07030186227033158,0.0,0.7749900000000001,-0.16677000000000003,9.633420000000001
9878787780,21.4,-0.003193952531149623,0.10545279340549739,0.0,0.5395500000000001,-0.039240000000000004,9.83943
9883838285,21.4,0.020245819323134222,0.13634512116579703,0.0,0.31392000000000003,0.0,9.84924
9888888790,21.4,0.04153883619746504,0.1555262896452147,0.0,-0.07848000000000001,0.08829,9.96696
9893939295,21.4,0.03728023282259888,0.15339698795778162,-0.005323254218582705,-0.36297,0.18639,9.888480000000001
9898989800,21.4,0.021310470166850764,0.12995721610349775,-0.002129301687433082,-0.64746,0.22563,9.85905
9904040305,21.4,0.006387905062299246,0.08948303074974927,-0.001064650843716541,-0.8142300000000001,0.27468000000000004,9.623610000000001
9909090810,21.4,-0.011711159280881954,0.04260348704118158,-0.001064650843716541,-0.90252,0.34335000000000004,9.55494
9914141315,21.4,-0.012775810124598492,-0.0404741853537485,0.001064650843716541,-0.8142300000000001,0.6278400000000001,9.52551
9919191820,21.4,-0.03089232776029963,-0.12037535851004891,0.001064650843716541,-0.51012,0.65727,9.770760000000001
9924242325,21.4,-0.05220279792715039,-0.18216001403064813,0.0,-0.1962,0.57879,9.78057
9929292830,21.4,-0.10866419922916695,-0.19814722997891623,0.001064650843716541,0.31392000000000003,0.24525000000000002,9.73152
9934343335,21.4,-0.12995721610349775,-0.18641861740551433,0.0,0.6768900000000001,-0.039240000000000004,9.623610000000001
9939393840,21.4,-0.14700908289548237,-0.12676326357234816,0.0,0.8829,-0.30411,9.68247
9944444345,21.4,-0.12144000935376545,-0.05007349623971732,0.0,0.9613800000000001,-0.35316,9.64323
9949494850,21.4,-0.09374163412461543,0.02663372438543347,-0.003193952531149623,0.95157,-0.43164,9.86886
9954545355,21.4,-0.05539675045830002,0.09480628496833199,0.0,0.7651800000000001,-0.42183,9.85905
9959595860,21.4,-0.031956978604016174,0.150203035426632,0.0,0.42183,-0.34335000000000004,9.888480000000001
9964646365,21.4,-0.001064650843716541,0.16831955306233315,-0.001064650843716541,0.05886,-0.27468000000000004,9.74133
9969696870,21.4,0.020245819323134222,0.14700908289548237,0.0,-0.24525000000000002,-0.17658,9.69228
9974747375,21.4,0.031956978604016174,0.09906488834319814,-0.001064650843716541,-0.44145,-0.039240000000000004,9.60399
9979797880,21.4,0.04366813788489812,0.02982767691658309,-0.003193952531149623,-0.5591700000000001,0.07848000000000001,9.78057
9984848385,21.4,0.05752605214573309,-0.02556907354171693,-0.001064650843716541,-0.51993,0.26487,9.760950000000001
9989898890,21.4,0.05539675045830002,-0.05646140130201656,-0.002129301687433082,-0.3924,0.9123300000000001,9.751140000000001
9994949395,21.4,0.03515093113516579,-0.07883652231258387,-0.001064650843716541,-0.039240000000000004,0.7651800000000001,10.09449
9999999900,21.4,-0.03089232776029963,-0.06710790973918197,0.001064650843716541,0.08829,0.51993,9.73152
10005050405,21.4,-0.09906488834319814,-0.046879543708567686,0.0,0.16677000000000003,0.11772,9.24102
10010100910,21.4,-0.10012953918691468,-0.03834488366631542,-0.001064650843716541,0.10791,-0.04905,9.4176
10015151415,21.4,-0.11292280260403312,-0.01811651763570114,0.002129301687433082,0.14715,-0.02943,9.81
10020201920,21.4,-0.09480628496833199,-0.022375121010567305,0.001064650843716541,0.22563,-0.15696000000000002,10.2024
10025252425,21.4,-0.06497860805174888,-0.03728023282259888,0.0,0.23544,-0.18639,10.08468
10030302930,21.4,-0.05752605214573309,-0.03515093113516579,0.0,0.32373,-0.17658,9.937529999999999
10035353435,21.4,-0.04794419455228423,-0.014905111812031574,0.0,0.36297,-0.21582,9.770760000000001
10040403940,21.4,-0.03515093113516579,0.01811651763570114,0.0,0.41202000000000005,-0.1962,9.751140000000001
10045454445,21.4,-0.031956978604016174,0.05859070298944965,0.0,0.27468000000000004,-0.14715,9.69228
10050504950,21.4,-0.012775810124598492,0.07777187146886733,0.002129301687433082,0.07848000000000001,-0.0981,9.751140000000001
10055555455,21.4,-0.006387905062299246,0.06497860805174888,-0.002129301687433082,-0.06867000000000001,-0.02943,9.83943
10060605960,21.4,0.008517206749732328,0.03408628029144926,-0.001064650843716541,-0.16677000000000003,0.02943,9.84924
10065656465,21.4,0.014905111812031574,0.007452555906015787,-0.001064650843716541,-0.16677000000000003,0.0981,9.80019
10070706970,21.4,0.00958185759344887,-0.012775810124598492,-0.001064650843716541,-0.14715,0.26487,9.7119
10075757475,21.4,0.0,-0.03515093113516579,0.0,-0.06867000000000001,0.40221,9.751140000000001
10080807980,21.4,-0.03089232776029963,-0.03728023282259888,0.0,0.04905,0.36297,9.91791
10085858485,21.4,-0.04366813788489812,-0.024504422698000388,0.0,0.13734000000000002,0.0981,9.64323
10090908990,21.4,-0.060720004676882725,-0.008517206749732328,0.001064650843716541,0.10791,0.019620000000000002,9.54513
10095959495,21.4,-0.07243116395776468,-0.002129301687433082,0.001064650843716541,0.11772,0.02943,9.64323
10101010000,21.4,-0.06284930636431581,0.001064650843716541,0.002129301687433082,0.0981,-0.019620000000000002,9.86886
10106060505,21.4,-0.05646140130201656,0.004258603374866164,0.002129301687433082,0.019620000000000002,-0.06867000000000001,9.72171
10111111010,21.4,-0.06284930636431581,-0.004258603374866164,0.004258603374866164,0.10791,-0.04905,9.74133
10116161515,21.4,-0.054332099614583476,-0.01918116847941768,0.0,0.12753,-0.08829,9.7119
10121212020,21.4,-0.04581489286485115,0.002129301687433082,-0.003193952531149623,0.11772,-0.05886,9.760950000000001
10126262525,21.4,-0.02982767691658309,0.0170518667919846,-0.002129301687433082,0.15696000000000002,-0.05886,9.760950000000001
10131313030,21.4,-0.028763026072866547,0.01811651763570114,-0.002129301687433082,0.05886,-0.04905,9.78057
10136363535,21.4,-0.02663372438543347,0.01811651763570114,0.0,0.009810000000000001,-0.039240000000000004,9.74133
10141414040,21.4,-0.033021629447732716,0.01918116847941768,0.0,-0.019620000000000002,-0.02943,9.72171
10146464545,21.4,-0.03728023282259888,0.00958185759344887,0.001064650843716541,-0.039240000000000004,0.019620000000000002,9.74133
10151515050,21.4,-0.031956978604016174,-0.013840460968315033,0.001064650843716541,-0.039240000000000004,0.009810000000000001,9.80019
10156565555,21.4,-0.02982767691658309,-0.049008845396000776,0.003193952531149623,0.019620000000000002,0.04905,9.98658
10161616060,21.4,-0.028763026072866547,-0.05859070298944965,0.0,0.17658,0.12753,10.03563
10166666565,21.4,-0.044732788728614664,-0.03408628029144926,-0.002129301687433082,0.27468000000000004,-0.009810000000000001,10.045440000000001
10171717070,21.4,-0.044732788728614664,-0.004258603374866164,-0.001064650843716541,0.24525000000000002,-0.039240000000000004,9.770760000000001
10176767575,21.4,-0.06178465552059926,0.024504422698000388,0.0,0.22563,-0.07848000000000001,9.819809999999999
10181818080,21.4,-0.05113814708343386,0.03408628029144926,0.006387905062299246,0.18639,-0.07848000000000001,9.67266
10186868585,21.4,-0.05859070298944965,0.02982767691658309,0.002129301687433082,0.10791,-0.0981,9.73152
10191919090,21.4,-0.0404741853537485,0.008517206749732328,0.001064650843716541,0.04905,-0.0981,9.770760000000001
10196969595,21.4,-0.03834488366631542,-0.001064650843716541,-0.002129301687433082,0.04905,-0.07848000000000001,9.87867
10202020100,21.4,-0.02663372438543347,0.002129301687433082,-0.001064650843716541,0.08829,-0.06867000000000001,9.888480000000001
10207070605,21.4,-0.024504422698000388,0.014905111812031574,-0.004258603374866164,0.04905,-0.04905,9.87867
10212121110,21.4,-0.03408628029144926,0.01811651763570114,0.0,0.0,-0.05886,9.69228
10217171615,21.4,-0.03621558197888234,0.0170518667919846,0.0,-0.019620000000000002,0.009810000000000001,9.57456
10222222120,21.4,-0.02769837522915001,0.0170518667919846,0.001064650843716541,-0.02943,0.019620000000000002,9.45684
10227272625,21.4,-0.02982767691658309,0.004258603374866164,0.003193952531149623,-0.02943,0.05886,9.52551
10232323130,21.4,-0.022375121010567305,-0.014905111812031574,0.0,-0.02943,0.06867000000000001,9.73152
10237373635,21.4,-0.02556907354171693,-0.028763026072866547,-0.005323254218582705,0.04905,0.1962,9.937529999999999
10242424140,21.4,-0.03621558197888234,-0.02769837522915001,-0.002129301687433082,0.0981,-0.039240000000000004,10.006200000000002
10247474645,21.4,-0.05965535383316618,-0.024504422698000388,0.0,0.08829,0.009810000000000001,9.80019
10252525150,21.4,-0.07456046564519776,-0.011711159280881954,0.001064650843716541,0.15696000000000002,-0.06867000000000001,9.81
10257575655,21.4,-0.05965535383316618,-0.002129301687433082,0.003193952531149623,0.1962,-0.07848000000000001,9.66285
10262626160,21.4,-0.06923721142661506,0.007452555906015787,0.001064650843716541,0.16677000000000003,-0.08829,9.67266
10267676665,21.4,-0.04260348704118158,0.002129301687433082,0.001064650843716541,0.14715,-0.11772,9.81
10272727170,21.4,-0.04153883619746504,0.006387905062299246,-0.001064650843716541,0.08829,-0.11772,9.89829
10277777675,21.4,-0.054332099614583476,0.014905111812031574,-0.002129301687433082,0.039240000000000004,-0.12753,10.05525
10282828180,21.4,-0.05859070298944965,0.011711159280881954,-0.003193952531149623,0.019620000000000002,-0.18639,10.03563
10287878685,21.4,-0.05752605214573309,0.00958185759344887,0.0,0.02943,-0.1962,9.80019
10292929190,21.4,-0.04366813788489812,0.0,0.002129301687433082,0.039240000000000004,-0.15696000000000002,9.760950000000001
10297979695,21.4,-0.02556907354171693,-0.003193952531149623,0.0,0.02943,-0.13734000000000002,9.67266
10303030200,21.4,-0.011711159280881954,0.003193952531149623,0.001064650843716541,0.04905,-0.07848000000000001,9.68247
10308080705,21.4,-0.01918116847941768,0.005323254218582705,-0.002129301687433082,0.019620000000000002,-0.06867000000000001,9.79038
10313131210,21.4,-0.031956978604016174,-0.002129301687433082,-0.001064650843716541,0.009810000000000001,-0.02943,9.79038
10318181715,21.4,-0.04366813788489812,-0.012775810124598492,0.0,0.04905,-0.02943,9.74133
10323232220,21.4,-0.0404741853537485,-0.024504422698000388,0.0,0.08829,0.0,9.751140000000001
10328282725,21.4,-0.02769837522915001,-0.02556907354171693,0.0,0.20601000000000003,0.0,9.770760000000001
10333333230,21.4,-0.022375121010567305,-0.011711159280881954,-0.003193952531149623,0.22563,-0.039240000000000004,9.80019
10338383735,21.4,-0.02556907354171693,0.005323254218582705,0.0,0.20601000000000003,-0.02943,9.81
10343434240,21.4,-0.0404741853537485,0.023439771854283843,0.0,0.16677000000000003,-0.019620000000000002,9.72171
10348484745,21.4,-0.06497860805174888,0.03408628029144926,0.005323254218582705,0.06867000000000001,-0.039240000000000004,9.66285
10353535250,21.4,-0.07883652231258387,0.02556907354171693,0.0,0.0,-0.06867000000000001,9.73152
10358585755,21.4,-0.06817256058289851,0.022375121010567305,0.0,-0.04905,-0.0981,9.86886
10363636260,21.4,-0.04581489286485115,0.01064650843716541,-0.001064650843716541,-0.06867000000000001,-0.14715,9.92772
10368686765,21.4,-0.03834488366631542,-0.007452555906015787,0.0,-0.07848000000000001,-0.14715,9.99639
10373737270,21.4,-0.04260348704118158,-0.0170518667919846,-0.001064650843716541,-0.04905,-0.13734000000000002,9.888480000000001
10378787775,21.4,-0.049008845396000776,-0.00958185759344887,0.0,-0.019620000000000002,-0.15696000000000002,9.74133
10383838280,21.4,-0.06817256058289851,-0.003193952531149623,0.001064650843716541,0.009810000000000001,-0.17658,9.65304
10388888785,21.4,-0.06284930636431581,-0.002129301687433082,0.001064650843716541,0.08829,-0.16677000000000003,9.64323
10393939290,21.4,-0.04153883619746504,-0.004258603374866164,0.001064650843716541,0.05886,-0.16677000000000003,9.66285
10398989795,21.4,-0.024504422698000388,-0.023439771854283843,0.001064650843716541,0.07848000000000001,-0.14715,9.908100000000001
10404040300,21.4,-0.021310470166850764,-0.03621558197888234,-0.001064650843716541,0.14715,-0.10791,9.937529999999999
10409090805,21.4,-0.02769837522915001,-0.02663372438543347,0.0,0.1962,-0.11772,9.85905
10414141310,21.4,-0.039409534510031964,0.001064650843716541,0.002129301687433082,0.24525000000000002,-0.11772,9.770760000000001
10419191815,21.4,-0.044732788728614664,0.02982767691658309,0.002129301687433082,0.21582,-0.08829,9.623610000000001
10424242320,21.4,-0.04581489286485115,0.04153883619746504,0.002129301687433082,0.10791,-0.07848000000000001,9.57456
10429292825,21.4,-0.03621558197888234,0.02982767691658309,0.001064650843716541,0.009810000000000001,-0.08829,9.760950000000001
10434343330,21.4,-0.031956978604016174,0.022375121010567305,0.0,0.0,-0.039240000000000004,9.86886
10439393835,21.4,-0.03621558197888234,0.012775810124598492,0.001064650843716541,-0.05886,-0.0981,9.888480000000001
10444444340,21.4,-0.046879543708567686,0.001064650843716541,0.0,-0.08829,-0.13734000000000002,9.91791
10449494845,21.4,-0.05326744877086694,-0.004258603374866164,0.003193952531149623,-0.06867000000000001,-0.12753,9.82962
10454545350,21.4,-0.06391395720803235,-0.01064650843716541,0.0,-0.02943,-0.13734000000000002,9.760950000000001
10459595855,21.4,-0.05646140130201656,-0.021310470166850764,0.0,0.0,-0.14715,9.74133
10464646360,21.4,-0.044732788728614664,-0.028763026072866547,0.0,0.06867000000000001,-0.17658,9.68247
10469696865,21.4,-0.04581489286485115,-0.02982767691658309,0.0,0.13734000000000002,-0.18639,9.751140000000001
10474747370,21.4,-0.04153883619746504,-0.02769837522915001,0.001064650843716541,0.1962,-0.17658,9.82962
10479797875,21.4,-0.049008845396000776,-0.011711159280881954,0.0,0.20601000000000003,-0.1962,9.85905
10484848380,21.4,-0.05646140130201656,0.00958185759344887,-0.001064650843716541,0.20601000000000003,-0.17658,9.82962
10489898885,21.4,-0.05220279792715039,0.024504422698000388,0.0,0.16677000000000003,-0.24525000000000002,9.83943
10494949390,21.4,-0.044732788728614664,0.031956978604016174,0.001064650843716541,0.10791,-0.15696000000000002,9.73152
10499999895,21.4,-0.03408628029144926,0.03089232776029963,0.001064650843716541,0.04905,-0.16677000000000003,9.633420000000001
10505050400,21.4,-0.02982767691658309,0.022375121010567305,-0.001064650843716541,-0.009810000000000001,-0.11772,9.67266
10510100905,21.4,-0.031956978604016174,0.01811651763570114,-0.003193952531149623,-0.04905,-0.13734000000000002,9.70209
10515151410,21.4,-0.03621558197888234,0.0170518667919846,0.0,-0.05886,-0.12753,9.7119
10520201915,21.4,-0.039409534510031964,0.00958185759344887,0.0,-0.0981,-0.11772,9.79038
10525252420,21.4,-0.046879543708567686,-0.007452555906015787,0.0,-0.11772,-0.13734000000000002,9.86886
10530302925,21.4,-0.05007349623971732,-0.021310470166850764,0.0,-0.10791,-0.13734000000000002,9.85905
10535353430,21.4,-0.046879543708567686,-0.02769837522915001,0.002129301687433082,0.009810000000000001,-0.12753,9.91791
10540403935,21.4,-0.049008845396000776,-0.024504422698000388,0.0,0.039240000000000004,-0.16677000000000003,9.888480000000001
10545454440,21.4,-0.05539675045830002,-0.02982767691658309,-0.003193952531149623,0.11772,-0.15696000000000002,9.81
10550504945,21.4,-0.05539675045830002,-0.02663372438543347,0.001064650843716541,0.18639,-0.20601000000000003,9.81
10555555450,21.4,-0.05752605214573309,-0.0170518667919846,0.001064650843716541,0.20601000000000003,-0.21582,9.85905
10560605955,21.4,-0.06497860805174888,-0.008517206749732328,-0.001064650843716541,0.21582,-0.26487,9.89829
10565656460,21.4,-0.05539675045830002,0.0,0.0,0.21582,-0.26487,9.99639
10570706965,21.4,-0.046879543708567686,0.0170518667919846,0.0,0.18639,-0.26487,9.937529999999999
10575757470,21.4,-0.04581489286485115,0.020245819323134222,0.002129301687433082,0.14715,-0.25506,9.84924
10580807975,21.4,-0.044732788728614664,0.0170518667919846,-0.001064650843716541,0.08829,-0.28449,9.79038
10585858480,21.4,-0.03834488366631542,0.022375121010567305,0.0,0.0981,-0.25506,9.66285
10590908985,21.4,-0.03834488366631542,0.028763026072866547,-0.002129301687433082,0.0,-0.22563,9.70209
10595959490,21.4,-0.02982767691658309,0.03089232776029963,0.001064650843716541,-0.05886,-0.22563,9.79038
10601009995,21.4,-0.031956978604016174,0.02663372438543347,-0.001064650843716541,-0.10791,-0.1962,9.79038
10606060500,21.4,-0.033021629447732716,0.00958185759344887,0.0,-0.14715,-0.1962,9.80019
10611111005,21.4,-0.031956978604016174,0.0,0.0,-0.10791,-0.14715,9.73152
10616161510,21.4,-0.028763026072866547,-0.0,-0.001064650843716541,-0.08829,-0.15696000000000002,9.72171
10621212015,21.4,-0.03089232776029963,-0.007452555906015787,0.0,-0.12753,-0.13734000000000002,9.73152
10626262520,21.4,-0.0404741853537485,-0.0170518667919846,0.002129301687433082,-0.02943,-0.15696000000000002,9.73152
10631313025,21.4,-0.05326744877086694,-0.02769837522915001,-0.001064650843716541,0.0,-0.11772,9.7119
10636363530,21.4,-0.054332099614583476,-0.03834488366631542,-0.002129301687433082,0.07848000000000001,-0.17658,9.72171
10641414035,21.4,-0.05220279792715039,-0.03515093113516579,0.0,0.16677000000000003,-0.18639,9.83943
10646464540,21.4,-0.05326744877086694,-0.0170518667919846,0.0,0.1962,-0.17658,9.937529999999999
10651515045,21.4,-0.05326744877086694,-0.008517206749732328,-0.001064650843716541,0.1962,-0.27468000000000004,10.01601
10656565550,21.4,-0.05646140130201656,-0.004258603374866164,0.0,0.21582,-0.26487,9.87867
10661616055,21.4,-0.060720004676882725,0.004258603374866164,0.001064650843716541,0.1962,-0.28449,9.70209
10666666560,21.4,-0.06178465552059926,0.013840460968315033,-0.001064650843716541,0.18639,-0.30411,9.74133
10671717065,21.4,-0.05326744877086694,0.03089232776029963,-0.002129301687433082,0.15696000000000002,-0.28449,9.751140000000001
10676767570,21.4,-0.04153883619746504,0.033021629447732716,0.002129301687433082,0.05886,-0.30411,9.84924
10681818075,21.4,-0.04153883619746504,0.02663372438543347,0.0,-0.009810000000000001,-0.28449,9.937529999999999
10686868580,21.4,-0.0404741853537485,0.0170518667919846,-0.001064650843716541,-0.02943,-0.27468000000000004,9.87867
10691919085,21.4,-0.04366813788489812,0.0170518667919846,0.0,-0.05886,-0.28449,9.78057
10696969590,21.4,-0.039409534510031964,0.020245819323134222,0.0,-0.0981,-0.26487,9.7119
10702020095,21.4,-0.03834488366631542,0.020245819323134222,0.001064650843716541,-0.15696000000000002,-0.26487,9.760950000000001
10707070600,21.4,-0.02982767691658309,0.001064650843716541,0.0,-0.13734000000000002,-0.24525000000000002,9.66285
10712121105,21.4,-0.03089232776029963,-0.022375121010567305,0.0,-0.11772,-0.20601000000000003,9.72171
10717171610,21.4,-0.03089232776029963,-0.03834488366631542,0.0,-0.04905,-0.20601000000000003,9.770760000000001
10722222115,21.4,-0.033021629447732716,-0.03728023282259888,0.001064650843716541,0.039240000000000004,-0.20601000000000003,9.80019
10727272620,21.4,-0.04366813788489812,-0.02663372438543347,-0.001064650843716541,0.07848000000000001,-0.25506,9.92772
10732323125,21.4,-0.049008845396000776,-0.012775810124598492,-0.002129301687433082,0.12753,-0.24525000000000002,9.94734
10737373630,21.4,-0.046879543708567686,-0.00958185759344887,0.002129301687433082,0.14715,-0.28449,9.89829
10742424135,21.4,-0.049008845396000776,-0.01064650843716541,0.001064650843716541,0.17658,-0.26487,9.770760000000001
10747474640,21.4,-0.04794419455228423,-0.005323254218582705,0.0,0.1962,-0.25506,9.74133
10752525145,21.4,-0.04366813788489812,0.00958185759344887,0.001064650843716541,0.1962,-0.28449,9.74133
10757575650,21.4,-0.04366813788489812,0.013840460968315033,0.002129301687433082,0.12753,-0.28449,9.84924
10762626155,21.4,-0.046879543708567686,0.021310470166850764,-0.001064650843716541,0.06867000000000001,-0.30411,9.908100000000001
10767676660,21.4,-0.05326744877086694,0.01811651763570114,0.001064650843716541,0.009810000000000001,-0.32373,9.86886
10772727165,21.4,-0.05539675045830002,0.015987215948268057,0.0,0.009810000000000001,-0.31392000000000003,9.85905
10777777670,21.4,-0.049008845396000776,0.021310470166850764,0.0,-0.04905,-0.2943,9.760950000000001
10782828175,21.4,-0.04260348704118158,0.014905111812031574,0.002129301687433082,-0.04905,-0.31392000000000003,9.751140000000001
10787878680,21.4,-0.03408628029144926,0.005323254218582705,0.0,-0.07848000000000001,-0.33354000000000006,9.74133
10792929185,21.4,-0.033021629447732716,-0.001064650843716541,-0.001064650843716541,-0.06867000000000001,-0.31392000000000003,9.73152
10797979690,21.4,-0.03728023282259888,-0.00958185759344887,0.0,-0.07848000000000001,-0.30411,9.7119
10803030195,21.4,-0.0404741853537485,-0.005323254218582705,0.001064650843716541,-0.05886,-0.31392000000000003,9.79038
10808080700,21.4,-0.03728023282259888,0.011711159280881954,0.0,-0.02943,-0.28449,9.80019
10813131205,21.4,-0.039409534510031964,0.011711159280881954,0.001064650843716541,-0.0981,-0.30411,9.81
10818181710,21.4,-0.0404741853537485,0.0,0.0,-0.10791,-0.2943,9.819809999999999
10823232215,21.4,-0.03621558197888234,-0.022375121010567305,-0.001064650843716541,-0.05886,-0.26487,9.760950000000001
10828282720,21.4,-0.039409534510031964,-0.03515093113516579,0.001064650843716541,0.0,-0.25506,9.72171
10833333225,21.4,-0.04153883619746504,-0.03728023282259888,0.0,0.0981,-0.2943,9.751140000000001
10838383730,21.4,-0.04581489286485115,-0.02769837522915001,0.0,0.15696000000000002,-0.28449,9.888480000000001
10843434235,21.4,-0.049008845396000776,-0.01811651763570114,0.001064650843716541,0.20601000000000003,-0.31392000000000003,9.95715
10848484740,21.4,-0.05326744877086694,-0.014905111812031574,0.0,0.20601000000000003,-0.32373,9.95715
10853535245,21.4,-0.05220279792715039,0.0,0.0,0.18639,-0.33354000000000006,9.908100000000001
10858585750,21.4,-0.05113814708343386,0.011711159280881954,0.0,0.18639,-0.36297,9.87867
10863636255,21.4,-0.04366813788489812,0.02769837522915001,0.0,0.18639,-0.37278,9.81
10868686760,21.4,-0.0404741853537485,0.04366813788489812,0.0,0.06867000000000001,-0.36297,9.82962
10873737265,21.4,-0.05007349623971732,0.04366813788489812,0.0,-0.02943,-0.40221,9.78057
10878787770,21.4,-0.05007349623971732,0.02982767691658309,0.0,-0.0981,-0.37278,9.83943
10883838275,21.4,-0.039409534510031964,0.013840460968315033,0.0,-0.13734000000000002,-0.35316,9.80019
10888888780,21.4,-0.04260348704118158,0.0,0.0,-0.15696000000000002,-0.37278,9.81
10893939285,21.4,-0.031956978604016174,-0.008517206749732328,0.0,-0.11772,-0.36297,9.888480000000001
10898989790,21.4,-0.02556907354171693,-0.011711159280881954,0.0,-0.08829,-0.32373,9.80019
10904040295,21.4,-0.028763026072866547,-0.012775810124598492,0.0,-0.07848000000000001,-0.32373,9.70209
10909090800,21.4,-0.03834488366631542,-0.014905111812031574,0.0,0.0,-0.32373,9.69228
10914141305,21.4,-0.03515093113516579,-0.023439771854283843,0.0,0.02943,-0.30411,9.66285
10919191810,21.4,-0.033021629447732716,-0.024504422698000388,0.0,0.08829,-0.31392000000000003,9.64323
10924242315,21.4,-0.033021629447732716,-0.00958185759344887,0.0,0.11772,-0.32373,9.81
10929292820,21.4,-0.028763026072866547,0.006387905062299246,0.0,0.08829,-0.31392000000000003,9.86886
10934343325,21.4,-0.03621558197888234,0.006387905062299246,0.0,0.02943,-0.30411,9.908100000000001
10939393830,21.4,-0.04153883619746504,0.007452555906015787,0.0,0.04905,-0.31392000000000003,9.85905
10944444335,21.4,-0.046879543708567686,0.014905111812031574,0.0,0.02943,-0.34335000000000004,9.81
10949494840,21.4,-0.05752605214573309,0.013840460968315033,0.0,0.009810000000000001,-0.36297,9.78057
10954545345,21.4,-0.05539675045830002,0.004258603374866164,0.0,-0.019620000000000002,-0.34335000000000004,9.84924
10959595850,21.4,-0.04581489286485115,0.013840460968315033,0.0,-0.019620000000000002,-0.3924,9.91791
10964646355,21.4,-0.05007349623971732,0.008517206749732328,0.0,-0.06867000000000001,-0.44145,9.97677
10969696860,21.4,-0.05007349623971732,-0.01064650843716541,0.0,-0.07848000000000001,-0.41202000000000005,10.006200000000002
10974747365,21.4,-0.05113814708343386,-0.0170518667919846,0.0,0.0,-0.44145,9.91791
10979797870,21.4,-0.049008845396000776,-0.005323254218582705,0.0,0.0,-0.44145,9.83943
10984848375,21.4,-0.04581489286485115,0.001064650843716541,0.0,-0.009810000000000001,-0.45126,9.85905
10989898880,21.4,-0.03621558197888234,0.005323254218582705,0.0,0.0,-0.45126,9.80019
10994949385,21.4,-0.03089232776029963,-0.001064650843716541,0.0,0.0,-0.47088,9.80019
10999999890,21.4,-0.028763026072866547,-0.011711159280881954,0.0,0.0,-0.44145,9.79038
11005050395,21.4,-0.022375121010567305,-0.014905111812031574,0.0,0.02943,-0.40221,9.81
11010100900,21.4,-0.023439771854283843,-0.015987215948268057,0.0,0.04905,-0.3924,9.83943
11015151405,21.4,-0.0170518667919846,0.0,0.0,0.08829,-0.35316,9.81
11020201910,21.4,-0.014905111812031574,0.022375121010567305,0.0,0.06867000000000001,-0.35316,9.74133
11025252415,21.4,-0.023439771854283843,0.02556907354171693,0.0,0.0,-0.34335000000000004,9.69228
11030302920,21.4,-0.023439771854283843,0.013840460968315033,0.0,-0.02943,-0.30411,9.67266
11035353425,21.4,-0.02556907354171693,0.007452555906015787,0.0,0.0,-0.2943,9.68247
11040403930,21.4,-0.02663372438543347,0.007452555906015787,0.0,-0.009810000000000001,-0.30411,9.633420000000001
11045454435,21.4,-0.033021629447732716,0.00958185759344887,0.0,-0.05886,-0.28449,9.73152
11050504940,21.4,-0.028763026072866547,0.008517206749732328,0.0,-0.08829,-0.2943,9.82962
11055555445,21.4,-0.04581489286485115,0.003193952531149623,0.0,-0.11772,-0.33354000000000006,9.908100000000001
11060605950,21.4,-0.054332099614583476,-0.003193952531149623,0.0,-0.11772,-0.36297,9.84924
11065656455,21.4,-0.05220279792715039,-0.008517206749732328,0.0,-0.07848000000000001,-0.38259000000000004,9.79038
11070706960,21.4,-0.05646140130201656,-0.024504422698000388,0.0,-0.039240000000000004,-0.41202000000000005,9.80019
11075757465,21.4,-0.05326744877086694,-0.024504422698000388,0.0,0.02943,-0.45126,9.87867
11080807970,21.4,-0.05113814708343386,-0.02769837522915001,0.0,0.08829,-0.49050000000000005,9.94734
11085858475,21.4,-0.05539675045830002,-0.015987215948268057,0.0,0.10791,-0.50031,10.025820000000001
11090908980,21.4,-0.049008845396000776,-0.003193952531149623,0.0,0.08829,-0.50031,10.074869999999999
11095959485,21.4,-0.04153883619746504,0.007452555906015787,0.0,0.0981,-0.52974,9.99639
11101009990,21.4,-0.04794419455228423,0.01064650843716541,0.0,0.10791,-0.52974,9.92772
11106060495,21.4,-0.03621558197888234,0.00958185759344887,0.0,0.06867000000000001,-0.5395500000000001,9.81
11111111000,21.4,-0.022375121010567305,0.020245819323134222,0.0,0.039240000000000004,-0.48069000000000006,9.72171
11116161505,21.4,-0.013840460968315033,0.02982767691658309,0.0,0.0,-0.47088,9.79038
11121212010,21.4,-0.007452555906015787,0.03089232776029963,0.0,-0.07848000000000001,-0.47088,9.85905
11126262515,21.4,-0.014905111812031574,0.021310470166850764,-0.005323254218582705,-0.14715,-0.41202000000000005,9.888480000000001
11131313020,21.4,-0.015987215948268057,0.0,0.0,-0.13734000000000002,-0.41202000000000005,9.80019
11136363525,21.4,-0.014905111812031574,-0.002129301687433082,0.0,-0.10791,-0.40221,9.73152
11141414030,21.4,-0.012775810124598492,-0.008517206749732328,0.0,-0.0981,-0.35316,9.65304
11146464535,21.4,-0.015987215948268057,-0.02663372438543347,0.0,-0.039240000000000004,-0.34335000000000004,9.69228
11151515040,21.4,-0.012775810124598492,-0.028763026072866547,-0.001064650843716541,0.0,-0.32373,9.70209
11156565545,21.4,-0.015987215948268057,-0.015987215948268057,-0.001064650843716541,0.04905,-0.33354000000000006,9.70209
11161616050,21.4,-0.024504422698000388,-0.002129301687433082,0.0,0.039240000000000004,-0.33354000000000006,9.70209
11166666555,21.4,-0.03621558197888234,0.00958185759344887,-0.001064650843716541,0.019620000000000002,-0.36297,9.70209
11171717060,21.4,-0.04260348704118158,0.011711159280881954,0.003193952531149623,-0.019620000000000002,-0.36297,9.74133
11176767565,21.4,-0.05220279792715039,0.001064650843716541,0.003193952531149623,-0.02943,-0.38259000000000004,9.81
11181818070,21.4,-0.04794419455228423,-0.005323254218582705,-0.001064650843716541,-0.009810000000000001,-0.41202000000000005,9.79038
11186868575,21.4,-0.04366813788489812,-0.0,-0.002129301687433082,0.009810000000000001,-0.44145,9.81
11191919080,21.4,-0.04366813788489812,0.008517206749732328,0.0,0.009810000000000001,-0.46107000000000004,9.84924
11196969585,21.4,-0.046879543708567686,0.013840460968315033,-0.001064650843716541,-0.009810000000000001,-0.46107000000000004,9.86886
11202020090,21.4,-0.05752605214573309,0.0170518667919846,0.0,-0.04905,-0.51993,9.908100000000001
11207070595,21.4,-0.06178465552059926,0.01811651763570114,-0.001064650843716541,-0.11772,-0.52974,9.89829
11212121100,21.4,-0.05007349623971732,0.024504422698000388,0.002129301687433082,-0.15696000000000002,-0.51012,9.85905
11217171605,21.4,-0.04260348704118158,0.003193952531149623,0.0,-0.15696000000000002,-0.5395500000000001,9.908100000000001
11222222110,21.4,-0.033021629447732716,-0.028763026072866547,0.0,-0.14715,-0.5493600000000001,9.98658
11227272615,21.4,-0.02556907354171693,-0.044732788728614664,-0.003193952531149623,-0.009810000000000001,-0.56898,10.045440000000001
11232323120,21.4,-0.023439771854283843,-0.0404741853537485,-0.002129301687433082,0.06867000000000001,-0.56898,10.025820000000001
11237373625,21.4,-0.02663372438543347,-0.020245819323134222,-0.005323254218582705,0.11772,-0.56898,9.97677
11242424130,21.4,-0.020245819323134222,0.012775810124598492,-0.001064650843716541,0.0981,-0.5493600000000001,9.92772
11247474635,21.4,-0.0170518667919846,0.028763026072866547,-0.001064650843716541,0.04905,-0.5395500000000001,9.83943
11252525140,21.4,-0.01064650843716541,0.02556907354171693,0.002129301687433082,0.0,-0.47088,9.81
11257575645,21.4,-0.006387905062299246,0.008517206749732328,0.0,-0.05886,-0.45126,9.78057
11262626150,21.4,-0.002129301687433082,-0.001064650843716541,0.0,-0.039240000000000004,-0.48069000000000006,9.760950000000001
11267676655,21.4,0.001064650843716541,-0.005323254218582705,-0.001064650843716541,0.0,-0.40221,9.770760000000001
11272727160,21.4,0.002129301687433082,0.0,-0.004258603374866164,0.0,-0.3924,9.760950000000001
11277777665,21.4,0.001064650843716541,0.005323254218582705,0.0,-0.009810000000000001,-0.3924,9.760950000000001
11282828170,21.4,-0.007452555906015787,0.02556907354171693,-0.001064650843716541,-0.04905,-0.35316,9.770760000000001
11287878675,21.4,-0.020245819323134222,0.04794419455228423,-0.001064650843716541,-0.14715,-0.37278,9.69228
11292929180,21.4,-0.031956978604016174,0.054332099614583476,0.003193952531149623,-0.28449,-0.38259000000000004,9.66285
11297979685,21.4,-0.0404741853537485,0.033021629447732716,0.002129301687433082,-0.35316,-0.36297,9.65304
11303030190,21.4,-0.04153883619746504,-0.005323254218582705,0.0,-0.33354000000000006,-0.3924,9.67266
11308080695,21.4,-0.0404741853537485,-0.04581489286485115,-0.001064650843716541,-0.27468000000000004,-0.43164,9.760950000000001
11313131200,21.4,-0.031956978604016174,-0.08096582400001695,-0.002129301687433082,-0.10791,-0.42183,9.82962
11318181705,21.4,-0.02982767691658309,-0.0852244273748831,-0.002129301687433082,0.06867000000000001,-0.49050000000000005,9.908100000000001
11323232210,21.4,-0.0404741853537485,-0.06923721142661506,-0.001064650843716541,0.22563,-0.51012,9.91791
11328282715,21.4,-0.05007349623971732,-0.03089232776029963,-0.001064650843716541,0.32373,-0.5493600000000001,9.86886
11333333220,21.4,-0.04581489286485115,0.013840460968315033,0.0,0.2943,-0.5591700000000001,9.78057
11338383725,21.4,-0.04153883619746504,0.05007349623971732,0.002129301687433082,0.21582,-0.56898,9.760950000000001
11343434230,21.4,-0.03728023282259888,0.07670722062515077,0.0,0.04905,-0.5493600000000001,9.819809999999999
11348484735,21.4,-0.01918116847941768,0.07990117315630041,0.0,-0.17658,-0.5591700000000001,9.937529999999999
11353535240,21.4,-0.020245819323134222,0.05752605214573309,-0.001064650843716541,-0.2943,-0.5493600000000001,10.01601
11358585745,21.4,-0.021310470166850764,0.02556907354171693,0.0,-0.36297,-0.5493600000000001,10.01601
11363636250,21.4,-0.023439771854283843,0.0,0.001064650843716541,-0.36297,-0.52974,9.937529999999999
11368686755,21.4,-0.02982767691658309,-0.02663372438543347,-0.001064650843716541,-0.2943,-0.5493600000000001,9.83943
11373737260,21.4,-0.021310470166850764,-0.05113814708343386,0.0,-0.17658,-0.51993,9.78057
11378787765,21.4,-0.003193952531149623,-0.06710790973918197,0.0,-0.019620000000000002,-0.5395500000000001,9.751140000000001
11383838270,21.4,0.0,-0.07777187146886733,0.0,0.13734000000000002,-0.49050000000000005,9.819809999999999
11388888775,21.4,0.005323254218582705,-0.07349581480148122,0.0,0.25506,-0.50031,9.84924
11393939280,21.4,0.001064650843716541,-0.03408628029144926,-0.001064650843716541,0.34335000000000004,-0.49050000000000005,9.908100000000001
11398989785,21.4,-0.008517206749732328,0.023439771854283843,-0.001064650843716541,0.36297,-0.47088,9.89829
11404040290,21.4,-0.012775810124598492,0.07349581480148122,0.002129301687433082,0.1962,-0.43164,9.91791
11409090795,21.4,-0.01918116847941768,0.10438814256178083,0.0,0.0,-0.42183,9.84924
11414141300,21.4,-0.0170518667919846,0.10119419003063122,0.0,-0.25506,-0.43164,9.73152
11419191805,21.4,-0.013840460968315033,0.08415977653116657,0.0,-0.37278,-0.42183,9.7119
11424242310,21.4,-0.006387905062299246,0.04581489286485115,0.0,-0.45126,-0.3924,9.751140000000001
11429292815,21.4,-0.015987215948268057,0.005323254218582705,-0.002129301687433082,-0.51993,-0.43164,9.819809999999999
11434343320,21.4,-0.022375121010567305,-0.039409534510031964,0.0,-0.48069000000000006,-0.46107000000000004,9.888480000000001
11439393825,21.4,-0.03515093113516579,-0.07670722062515077,0.001064650843716541,-0.34335000000000004,-0.5395500000000001,9.89829
11444444330,21.4,-0.039409534510031964,-0.10332349171806432,0.0,-0.12753,-0.5395500000000001,9.937529999999999
11449494835,21.4,-0.03834488366631542,-0.11931070766633237,-0.001064650843716541,0.12753,-0.5493600000000001,9.888480000000001
11454545340,21.4,-0.02769837522915001,-0.11292280260403312,0.004258603374866164,0.37278,-0.5886,9.81
11459595845,21.4,-0.014905111812031574,-0.07883652231258387,0.0,0.5493600000000001,-0.59841,9.751140000000001
11464646350,21.4,-0.006387905062299246,-0.03089232776029963,-0.003193952531149623,0.6768900000000001,-0.5591700000000001,9.73152
11469696855,21.4,-0.004258603374866164,0.00958185759344887,0.0,0.6180300000000001,-0.5591700000000001,9.760950000000001
11474747360,21.4,-0.01064650843716541,0.05859070298944965,0.0,0.50031,-0.5493600000000001,9.81
11479797865,21.4,-0.01064650843716541,0.10438814256178083,-0.001064650843716541,0.30411,-0.52974,9.888480000000001
11484848370,21.4,-0.007452555906015787,0.1352804703220805,0.0,0.039240000000000004,-0.48069000000000006,9.89829
11489898875,21.4,-0.001064650843716541,0.1374272253020335,0.0,-0.25506,-0.47088,9.87867
11494949380,21.4,0.004258603374866164,0.11079350091660004,0.001064650843716541,-0.5493600000000001,-0.46107000000000004,9.81
11499999885,21.4,-0.006387905062299246,0.0756251164889143,-0.002129301687433082,-0.65727,-0.46107000000000004,9.78057
11505050390,21.4,-0.011711159280881954,0.033021629447732716,0.0,-0.73575,-0.44145,9.770760000000001
11510100895,21.4,-0.015987215948268057,-0.005323254218582705,0.001064650843716541,-0.7651800000000001,-0.46107000000000004,9.74133
11515151400,21.4,-0.023439771854283843,-0.044732788728614664,-0.001064650843716541,-0.63765,-0.45126,9.72171
11520201905,21.4,-0.020245819323134222,-0.0852244273748831,0.002129301687433082,-0.49050000000000005,-0.48069000000000006,9.78057
11525252410,21.4,-0.023439771854283843,-0.11398745344774965,-0.001064650843716541,-0.27468000000000004,-0.52974,9.85905
11530302915,21.4,-0.013840460968315033,-0.13102186694721432,0.0,0.0,-0.5591700000000001,9.908100000000001
11535353420,21.4,-0.015987215948268057,-0.12676326357234816,0.0,0.24525000000000002,-0.57879,9.87867
11540403925,21.4,-0.020245819323134222,-0.10545279340549739,0.0,0.49050000000000005,-0.59841,9.82962
11545454430,21.4,-0.01918116847941768,-0.0756251164889143,-0.001064650843716541,0.63765,-0.59841,9.82962
11550504935,21.4,-0.015987215948268057,-0.03089232776029963,-0.002129301687433082,0.73575,-0.59841,9.91791
11555555440,21.4,-0.007452555906015787,0.024504422698000388,0.0,0.6768900000000001,-0.5886,9.98658
11560605945,21.4,-0.001064650843716541,0.07456046564519776,0.002129301687433082,0.51993,-0.56898,10.045440000000001
11565656450,21.4,0.0,0.11079350091660004,-0.002129301687433082,0.27468000000000004,-0.51993,9.97677
11570706955,21.4,-0.003193952531149623,0.12144000935376545,-0.001064650843716541,0.02943,-0.52974,9.89829
11575757460,21.4,-0.005323254218582705,0.11824605682261582,-0.003193952531149623,-0.21582,-0.51012,9.770760000000001
11580807965,21.4,-0.004258603374866164,0.10012953918691468,-0.002129301687433082,-0.37278,-0.49050000000000005,9.66285
11585858470,21.4,0.0,0.06710790973918197,0.0,-0.56898,-0.50031,9.70209
11590908975,21.4,0.001064650843716541,0.021310470166850764,0.001064650843716541,-0.60822,-0.48069000000000006,9.770760000000001
11595959480,21.4,0.0,-0.022375121010567305,0.0,-0.5886,-0.48069000000000006,9.80019
11601009985,21.4,-0.002129301687433082,-0.06710790973918197,0.0,-0.45126,-0.48069000000000006,9.84924
11606060490,21.4,-0.002129301687433082,-0.09480628496833199,0.0,-0.23544,-0.49050000000000005,9.81
11611110995,21.4,-0.01064650843716541,-0.10332349171806432,0.0,-0.04905,-0.51993,9.74133
11616161500,21.4,-0.007452555906015787,-0.09906488834319814,0.0,0.17658,-0.51012,9.7119
11621212005,21.4,-0.003193952531149623,-0.07990117315630041,0.0,0.37278,-0.52974,9.74133
11626262510,21.4,-0.004258603374866164,-0.05007349623971732,0.0,0.44145,-0.5591700000000001,9.819809999999999
11631313015,21.4,-0.002129301687433082,-0.014905111812031574,0.001064650843716541,0.49050000000000005,-0.51012,9.888480000000001
11636363520,21.4,-0.006387905062299246,0.01811651763570114,-0.001064650843716541,0.50031,-0.51993,9.94734
11641414025,21.4,-0.01064650843716541,0.044732788728614664,-0.001064650843716541,0.37278,-0.51993,9.937529999999999
11646464530,21.4,-0.01064650843716541,0.054332099614583476,0.0,0.27468000000000004,-0.52974,9.96696
11651515035,21.4,-0.008517206749732328,0.05539675045830002,-0.002129301687433082,0.13734000000000002,-0.5395500000000001,9.83943
11656565540,21.4,-0.002129301687433082,0.05113814708343386,-0.001064650843716541,0.04905,-0.52974,9.770760000000001
11661616045,21.4,0.001064650843716541,0.05220279792715039,-0.002129301687433082,-0.039240000000000004,-0.50031,9.80019
11666666550,21.4,0.006387905062299246,0.05220279792715039,-0.003193952531149623,-0.15696000000000002,-0.51993,9.83943
11671717055,21.4,-0.003193952531149623,0.046879543708567686,-0.003193952531149623,-0.24525000000000002,-0.51993,9.84924
11676767560,21.4,-0.001064650843716541,0.03834488366631542,0.001064650843716541,-0.34335000000000004,-0.5395500000000001,9.79038
11681818065,21.4,-0.004258603374866164,0.046879543708567686,0.0,-0.3924,-0.5395500000000001,9.68247
11686868570,21.4,-0.012775810124598492,0.07883652231258387,-0.001064650843716541,-0.52974,-0.50031,9.70209
11691919075,21.4,-0.007452555906015787,0.07456046564519776,0.001064650843716541,-0.75537,-0.47088,9.64323
11696969580,21.4,0.0,0.054332099614583476,0.0,-0.8829,-0.49050000000000005,9.60399
11702020085,21.4,0.002129301687433082,0.04153883619746504,-0.001064650843716541,-0.86328,-0.51012,9.6138
11707070590,21.4,-0.007452555906015787,0.004258603374866164,0.0,-0.85347,-0.51012,9.67266
11712121095,21.4,-0.013840460968315033,-0.054332099614583476,0.0,-0.79461,-0.51012,9.770760000000001
11717171600,21.4,-0.022375121010567305,-0.12463396188491506,0.001064650843716541,-0.63765,-0.52974,9.95715
11722222105,21.4,-0.024504422698000388,-0.1757721089683489,0.0,-0.32373,-0.57879,10.11411
11727272610,21.4,-0.011711159280881954,-0.20134118251006583,0.0,0.14715,-0.6278400000000001,10.09449
11732323115,21.4,-0.004258603374866164,-0.2279749068954993,0.0,0.56898,-0.64746,10.01601
11737373620,21.4,0.0,-0.20240583335378237,0.0,1.06929,-0.6768900000000001,10.006200000000002
11742424125,21.4,0.0,-0.13849187614575004,0.0,1.3635900000000003,-0.64746,10.01601
11747474630,21.4,0.003193952531149623,-0.05752605214573309,0.0,1.5499800000000001,-0.6278400000000001,9.95715
11752525135,21.4,0.007452555906015787,0.033021629447732716,0.0,1.4715,-0.6180300000000001,9.96696
11757575640,21.4,0.01918116847941768,0.1416858286768997,0.0,1.1870100000000001,-0.5591700000000001,9.908100000000001
11762626145,21.4,0.013840460968315033,0.21944024685324706,0.0,0.74556,-0.5591700000000001,9.97677
11767676650,21.4,0.014905111812031574,0.2620611871869486,0.0,0.17658,-0.48069000000000006,10.006200000000002
11772727155,21.4,0.021310470166850764,0.26738444140553125,0.0,-0.31392000000000003,-0.45126,9.84924
11777777660,21.4,0.0170518667919846,0.24713862208239704,0.0,-0.79461,-0.42183,9.73152
11782828165,21.4,0.014905111812031574,0.18748326824923087,0.0,-1.1772,-0.3924,9.58437
11787878670,21.4,0.012775810124598492,0.11931070766633237,0.0,-1.39302,-0.41202000000000005,9.50589
11792929175,21.4,0.007452555906015787,0.03515093113516579,0.0,-1.4715,-0.40221,9.42741
11797979680,21.4,-0.005323254218582705,-0.05326744877086694,0.0,-1.3635900000000003,-0.3924,9.60399
11803030185,21.4,-0.007452555906015787,-0.12676326357234816,0.0,-1.1870100000000001,-0.43164,9.7119
11808080690,21.4,-0.00958185759344887,-0.18641861740551433,0.0,-0.8142300000000001,-0.49050000000000005,9.70209
11813131195,21.4,-0.00958185759344887,-0.23010420858293237,0.0,-0.3924,-0.51012,9.74133
11818181700,21.4,-0.013840460968315033,-0.24075071702009782,0.0,0.11772,-0.5591700000000001,9.819809999999999
11823232205,21.4,-0.01064650843716541,-0.21092304010351473,0.0,0.5886,-0.5886,9.86886
11828282710,21.4,-0.011711159280881954,-0.15446163880149816,0.0,0.89271,-0.60822,9.908100000000001
11833333215,21.4,-0.011711159280881954,-0.09054768159346581,0.0,1.0987200000000001,-0.6278400000000001,10.025820000000001
11838383720,21.4,-0.002129301687433082,-0.031956978604016174,0.0,1.16739,-0.64746,10.01601
11843434225,21.4,-0.001064650843716541,0.03515093113516579,0.0,1.08891,-0.6278400000000001,10.11411
11848484730,21.4,0.007452555906015787,0.09054768159346581,0.0,0.90252,-0.6180300000000001,10.143540000000002
11853535235,21.4,0.00958185759344887,0.12995721610349775,0.0,0.6180300000000001,-0.59841,10.09449
11858585740,21.4,0.011711159280881954,0.15765559133264778,0.0,0.26487,-0.59841,9.99639
11863636245,21.4,0.01918116847941768,0.16617279808238014,0.0,-0.04905,-0.5395500000000001,9.95715
11868686750,21.4,0.020245819323134222,0.15446163880149816,0.0,-0.34335000000000004,-0.51993,9.89829
11873737255,21.4,0.01811651763570114,0.1352804703220805,0.0,-0.63765,-0.51993,9.89829
11878787760,21.4,0.014905111812031574,0.11505210429146619,0.0,-0.86328,-0.52974,9.84924
11883838265,21.4,0.013840460968315033,0.07990117315630041,0.0,-1.01043,-0.52974,9.819809999999999
11888888770,21.4,0.0170518667919846,0.023439771854283843,0.0,-1.06929,-0.50031,9.86886
11893939275,21.4,0.015987215948268057,-0.03728023282259888,0.0,-1.02024,-0.50031,9.7119
11898989780,21.4,0.01811651763570114,-0.09267698328089889,0.0,-0.80442,-0.49050000000000005,9.623610000000001
11904040285,21.4,0.01811651763570114,-0.14700908289548237,0.0,-0.5395500000000001,-0.51012,9.56475
11909090790,21.4,0.023439771854283843,-0.18748326824923087,0.0,-0.14715,-0.51012,9.55494
11914141295,21.4,0.021310470166850764,-0.20240583335378237,0.0,0.26487,-0.51012,9.6138
11919191800,21.4,0.022375121010567305,-0.19921188082263275,0.0,0.6278400000000001,-0.51993,9.72171
11924242305,21.4,0.024504422698000388,-0.16404349639494703,0.0,0.9908100000000001,-0.48069000000000006,9.84924
11929292810,21.4,0.028763026072866547,-0.08948303074974927,0.0,1.20663,-0.47088,9.86886
11934343315,21.4,0.03408628029144926,0.0,0.0,1.22625,-0.49050000000000005,9.81
11939393820,21.4,0.024504422698000388,0.10012953918691468,0.0,1.03986,-0.46107000000000004,9.84924
11944444325,21.4,0.011711159280881954,0.17896606149949854,0.0,0.69651,-0.45126,9.82962
11949494830,21.4,0.008517206749732328,0.22156954854068012,0.0,0.22563,-0.43164,9.82962
11954545335,21.4,0.0,0.23649211364523165,0.0,-0.23544,-0.44145,9.81
11959595840,21.4,-0.001064650843716541,0.19921188082263275,0.0,-0.6768900000000001,-0.41202000000000005,9.79038
11964646345,21.4,-0.008517206749732328,0.12463396188491506,0.0,-0.9319500000000001,-0.46107000000000004,9.83943
11969696850,21.4,-0.005323254218582705,0.033021629447732716,0.0,-1.02024,-0.49050000000000005,9.86886
11974747355,21.4,-0.002129301687433082,-0.039409534510031964,0.0,-0.9711900000000001,-0.50031,9.82962
11979797860,21.4,0.0,-0.10119419003063122,0.0,-0.7651800000000001,-0.5395500000000001,9.770760000000001
11984848365,21.4,-0.001064650843716541,-0.13634512116579703,0.0,-0.46107000000000004,-0.57879,9.760950000000001
11989898870,21.4,-0.005323254218582705,-0.14062117783318315,0.0,-0.14715,-0.6180300000000001,9.78057
11994949375,21.4,-0.001064650843716541,-0.12569861272863161,0.0,0.11772,-0.63765,9.87867
11999999880,21.4,0.004258603374866164,-0.09161233243718235,0.0,0.30411,-0.6278400000000001,9.89829
12005050385,21.4,0.00958185759344887,-0.05752605214573309,0.0,0.43164,-0.63765,9.937529999999999
12010100890,21.4,0.01811651763570114,-0.031956978604016174,0.0,0.47088,-0.6278400000000001,10.074869999999999
12015151395,21.4,0.022375121010567305,-0.015987215948268057,0.0,0.49050000000000005,-0.60822,10.025820000000001
12020201900,21.4,0.033021629447732716,0.0,0.0,0.51993,-0.5886,9.96696
12025252405,21.4,0.039409534510031964,0.014905111812031574,0.0,0.50031,-0.5591700000000001,9.85905
12030302910,21.4,0.046879543708567686,0.044732788728614664,0.0,0.42183,-0.51012,9.78057
12035353415,21.4,0.05113814708343386,0.07349581480148122,0.0,0.27468000000000004,-0.48069000000000006,9.73152
12040403920,21.4,0.049008845396000776,0.09587093581204853,0.0,0.07848000000000001,-0.40221,9.770760000000001
12045454425,21.4,0.04153883619746504,0.10653489754173388,0.0,-0.12753,-0.38259000000000004,9.81
12050504930,21.4,0.03515093113516579,0.09906488834319814,0.0,-0.37278,-0.3924,9.82962
12055555435,21.4,0.023439771854283843,0.06497860805174888,0.0,-0.51012,-0.38259000000000004,9.81
12060605940,21.4,0.0170518667919846,0.024504422698000388,0.0,-0.57879,-0.37278,9.74133
12065656445,21.4,0.012775810124598492,-0.020245819323134222,0.0,-0.5493600000000001,-0.3924,9.73152
12070706950,21.4,0.015987215948268057,-0.060720004676882725,0.0,-0.40221,-0.41202000000000005,9.760950000000001
12075757455,21.4,0.012775810124598492,-0.08309512568745003,0.0,-0.24525000000000002,-0.44145,9.73152
12080807960,21.4,0.012775810124598492,-0.0852244273748831,0.0,-0.06867000000000001,-0.48069000000000006,9.7119
12085858465,21.4,0.01064650843716541,-0.06923721142661506,0.0,0.11772,-0.50031,9.7119
12090908970,21.4,-0.002129301687433082,-0.04366813788489812,0.0,0.20601000000000003,-0.50031,9.74133
12095959475,21.4,0.001064650843716541,-0.028763026072866547,0.0,0.23544,-0.5591700000000001,9.79038
12101009980,21.4,0.001064650843716541,-0.012775810124598492,0.0,0.26487,-0.52974,9.85905
12106060485,21.4,0.01064650843716541,-0.008517206749732328,0.0,0.2943,-0.5591700000000001,9.87867
12111110990,21.4,0.015987215948268057,-0.008517206749732328,0.0,0.32373,-0.5591700000000001,9.888480000000001
12116161495,21.4,0.024504422698000388,0.003193952531149623,0.0,0.27468000000000004,-0.5493600000000001,9.92772
12121212000,21.4,0.028763026072866547,0.03408628029144926,0.0,0.26487,-0.52974,9.937529999999999
12126262505,21.4,0.02769837522915001,0.060720004676882725,0.0,0.14715,-0.49050000000000005,9.96696
12131313010,21.4,0.022375121010567305,0.07883652231258387,0.0,-0.039240000000000004,-0.51012,9.96696
12136363515,21.4,0.021310470166850764,0.08203047484373349,0.0,-0.20601000000000003,-0.50031,9.92772
12141414020,21.4,0.01918116847941768,0.05752605214573309,0.0,-0.33354000000000006,-0.51012,9.82962
12146464525,21.4,0.0170518667919846,0.01811651763570114,0.0,-0.37278,-0.47088,9.84924
12151515030,21.4,0.02769837522915001,-0.012775810124598492,0.0,-0.36297,-0.50031,9.83943
12156565535,21.4,0.03621558197888234,-0.03728023282259888,0.0,-0.2943,-0.51012,9.89829
12161616040,21.4,0.0404741853537485,-0.049008845396000776,0.0,-0.18639,-0.48069000000000006,9.94734
12166666545,21.4,0.039409534510031964,-0.04366813788489812,0.0,-0.08829,-0.50031,9.91791
12171717050,21.4,0.02982767691658309,-0.03728023282259888,0.0,0.009810000000000001,-0.47088,9.84924
12176767555,21.4,0.01918116847941768,-0.03089232776029963,0.0,0.08829,-0.48069000000000006,9.760950000000001
12181818060,21.4,0.024504422698000388,-0.02769837522915001,0.0,0.14715,-0.47088,9.59418
12186868565,21.4,0.028763026072866547,-0.020245819323134222,0.0,0.18639,-0.44145,9.64323
12191919070,21.4,0.03834488366631542,-0.020245819323134222,0.0,0.24525000000000002,-0.41202000000000005,9.78057
12196969575,21.4,0.05220279792715039,-0.011711159280881954,0.0,0.22563,-0.41202000000000005,9.84924
12202020080,21.4,0.049008845396000776,0.004258603374866164,0.0,0.24525000000000002,-0.44145,9.92772
12207070585,21.4,0.03834488366631542,0.03089232776029963,0.0,0.17658,-0.44145,9.84924
12212121090,21.4,0.0170518667919846,0.054332099614583476,0.0,0.08829,-0.3924,9.74133
12217171595,21.4,0.011711159280881954,0.06923721142661506,0.0,-0.04905,-0.3924,9.58437
12222222100,21.4,0.021310470166850764,0.060720004676882725,0.0,-0.15696000000000002,-0.40221,9.53532
12227272605,21.4,0.03515093113516579,0.02769837522915001,0.0,-0.24525000000000002,-0.37278,9.60399
12232323110,21.4,0.03728023282259888,-0.006387905062299246,0.0,-0.27468000000000004,-0.3924,9.819809999999999
12237373615,21.4,0.03089232776029963,-0.020245819323134222,0.0,-0.22563,-0.41202000000000005,10.006200000000002
12242424120,21.4,0.014905111812031574,-0.024504422698000388,0.0,-0.18639,-0.43164,9.95715
12247474625,21.4,0.0,-0.02663372438543347,0.0,-0.15696000000000002,-0.44145,9.908100000000001
12252525130,21.4,0.0,-0.03089232776029963,0.0,-0.04905,-0.46107000000000004,9.770760000000001
12257575635,21.4,0.01064650843716541,-0.03621558197888234,0.0,0.05886,-0.47088,9.73152
12262626140,21.4,0.023439771854283843,-0.03834488366631542,0.0,0.12753,-0.51993,9.80019
12267676645,21.4,0.031956978604016174,-0.031956978604016174,0.0,0.18639,-0.51012,9.91791
12272727150,21.4,0.028763026072866547,-0.01918116847941768,0.0,0.21582,-0.51012,9.96696
12277777655,21.4,0.021310470166850764,-0.00958185759344887,0.0,0.18639,-0.50031,9.97677
12282828160,21.4,0.0170518667919846,0.007452555906015787,0.0,0.22563,-0.51993,9.96696
12287878665,21.4,0.028763026072866547,0.023439771854283843,0.0,0.17658,-0.49050000000000005,9.89829
12292929170,21.4,0.03621558197888234,0.0404741853537485,0.0,0.12753,-0.48069000000000006,9.87867
12297979675,21.4,0.04794419455228423,0.05326744877086694,0.0,0.009810000000000001,-0.44145,9.83943
12303030180,21.4,0.05326744877086694,0.06391395720803235,0.0,-0.11772,-0.44145,9.74133
12308080685,21.4,0.04260348704118158,0.05646140130201656,0.0,-0.24525000000000002,-0.40221,9.78057
12313131190,21.4,0.033021629447732716,0.03089232776029963,0.0,-0.32373,-0.41202000000000005,9.81
12318181695,21.4,0.02556907354171693,-0.002129301687433082,0.0,-0.30411,-0.40221,9.84924
12323232200,21.4,0.02982767691658309,-0.03515093113516579,0.0,-0.25506,-0.3924,9.937529999999999
12328282705,21.4,0.04153883619746504,-0.05113814708343386,0.0,-0.15696000000000002,-0.38259000000000004,9.94734
12333333210,21.4,0.05113814708343386,-0.05220279792715039,0.0,-0.039240000000000004,-0.40221,9.84924
12338383715,21.4,0.04366813788489812,-0.05113814708343386,0.0,0.02943,-0.41202000000000005,9.83943
12343434220,21.4,0.033021629447732716,-0.04366813788489812,0.0,0.17658,-0.43164,9.760950000000001
12348484725,21.4,0.022375121010567305,-0.02663372438543347,0.0,0.25506,-0.42183,9.623610000000001
12353535230,21.4,0.0170518667919846,-0.011711159280881954,0.0,0.28449,-0.40221,9.7119
12358585735,21.4,0.02663372438543347,0.012775810124598492,0.0,0.26487,-0.38259000000000004,9.78057
12363636240,21.4,0.039409534510031964,0.02769837522915001,0.0,0.1962,-0.44145,9.91791
12368686745,21.4,0.04153883619746504,0.024504422698000388,0.0,0.12753,-0.41202000000000005,10.05525
12373737250,21.4,0.039409534510031964,0.02663372438543347,0.0,0.08829,-0.3924,9.91791
12378787755,21.4,0.03621558197888234,0.04260348704118158,0.0,0.039240000000000004,-0.40221,9.7119
12383838260,21.4,0.028763026072866547,0.05326744877086694,0.0,-0.05886,-0.3924,9.56475
12388888765,21.4,0.028763026072866547,0.04581489286485115,0.0,-0.17658,-0.3924,9.56475
12393939270,21.4,0.028763026072866547,0.024504422698000388,0.0,-0.22563,-0.3924,9.66285
12398989775,21.4,0.03515093113516579,-0.001064650843716541,0.0,-0.24525000000000002,-0.37278,9.83943
12404040280,21.4,0.04260348704118158,-0.021310470166850764,0.0,-0.20601000000000003,-0.40221,9.937529999999999
12409090785,21.4,0.04260348704118158,-0.028763026072866547,0.0,-0.12753,-0.41202000000000005,9.95715
12414141290,21.4,0.033021629447732716,-0.03515093113516579,0.0,-0.10791,-0.43164,9.888480000000001
12419191795,21.4,0.023439771854283843,-0.02982767691658309,0.0,0.009810000000000001,-0.41202000000000005,9.79038
12424242300,21.4,0.024504422698000388,-0.021310470166850764,0.0,0.07848000000000001,-0.40221,9.64323
12429292805,21.4,0.02556907354171693,-0.014905111812031574,0.0,0.0981,-0.40221,9.7119
12434343310,21.4,0.03728023282259888,-0.012775810124598492,0.0,0.14715,-0.38259000000000004,9.74133
12439393815,21.4,0.04366813788489812,-0.015987215948268057,0.0,0.14715,-0.3924,9.888480000000001
12444444320,21.4,0.04153883619746504,-0.014905111812031574,0.0,0.17658,-0.40221,10.01601
12449494825,21.4,0.03834488366631542,0.002129301687433082,0.0,0.15696000000000002,-0.3924,9.99639
12454545330,21.4,0.02982767691658309,0.022375121010567305,0.0,0.11772,-0.41202000000000005,9.96696
12459595835,21.4,0.024504422698000388,0.02663372438543347,0.0,0.04905,-0.40221,9.95715
12464646340,21.4,0.03089232776029963,0.02556907354171693,0.0,0.019620000000000002,-0.36297,9.79038
12469696845,21.4,0.03834488366631542,0.022375121010567305,0.0,-0.009810000000000001,-0.40221,9.74133
12474747350,21.4,0.044732788728614664,0.01811651763570114,0.0,-0.02943,-0.37278,9.81
12479797855,21.4,0.044732788728614664,0.01064650843716541,0.0,-0.05886,-0.38259000000000004,9.937529999999999
12484848360,21.4,0.0404741853537485,0.004258603374866164,0.0,-0.11772,-0.3924,9.99639
12489898865,21.4,0.03089232776029963,0.0,0.0,-0.12753,-0.41202000000000005,9.99639
12494949370,21.4,0.03621558197888234,-0.01064650843716541,0.0,-0.06867000000000001,-0.40221,9.82962
12499999875,21.4,0.03728023282259888,-0.022375121010567305,0.0,0.0,-0.37278,9.760950000000001
12505050380,21.4,0.049008845396000776,-0.02663372438543347,0.0,0.039240000000000004,-0.37278,9.72171
12510100885,21.4,0.05965535383316618,-0.0170518667919846,0.0,0.0981,-0.35316,9.66285
12515151390,21.4,0.05326744877086694,-0.00958185759344887,0.0,0.12753,-0.35316,9.73152
12520201895,21.4,0.04581489286485115,-0.003193952531149623,0.0,0.08829,-0.34335000000000004,9.80019
12525252400,21.4,0.0404741853537485,-0.002129301687433082,0.0,0.12753,-0.31392000000000003,9.79038
12530302905,21.4,0.04581489286485115,0.008517206749732328,0.0,0.08829,-0.32373,9.79038
12535353410,21.4,0.04366813788489812,0.028763026072866547,0.0,0.039240000000000004,-0.32373,9.81
12540403915,21.4,0.044732788728614664,0.03089232776029963,0.0,-0.009810000000000001,-0.28449,9.81
12545454420,21.4,0.04794419455228423,0.015987215948268057,0.0,-0.05886,-0.27468000000000004,9.73152
12550504925,21.4,0.044732788728614664,0.007452555906015787,0.0,-0.08829,-0.2943,9.64323
12555555430,21.4,0.04260348704118158,0.002129301687433082,0.0,-0.08829,-0.27468000000000004,9.54513
12560605935,21.4,0.03089232776029963,0.001064650843716541,0.0,-0.06867000000000001,-0.30411,9.7119
12565656440,21.4,0.033021629447732716,-0.00958185759344887,0.0,-0.07848000000000001,-0.30411,9.92772
12570706945,21.4,0.02982767691658309,-0.015987215948268057,0.0,-0.02943,-0.31392000000000003,9.97677
12575757450,21.4,0.02663372438543347,-0.031956978604016174,0.0,0.0,-0.34335000000000004,9.95715
12580807955,21.4,0.02769837522915001,-0.04260348704118158,0.0,0.0981,-0.34335000000000004,9.937529999999999
12585858460,21.4,0.02982767691658309,-0.03089232776029963,0.0,0.16677000000000003,-0.38259000000000004,9.85905
12590908965,21.4,0.033021629447732716,-0.002129301687433082,0.0,0.20601000000000003,-0.38259000000000004,9.85905
12595959470,21.4,0.02556907354171693,0.012775810124598492,0.0,0.1962,-0.40221,9.937529999999999
12601009975,21.4,0.028763026072866547,0.011711159280881954,0.0,0.15696000000000002,-0.41202000000000005,9.92772
12606060480,21.4,0.03089232776029963,0.00958185759344887,0.0,0.08829,-0.40221,9.937529999999999
12611110985,21.4,0.039409534510031964,0.015987215948268057,0.0,0.07848000000000001,-0.38259000000000004,9.98658
12616161490,21.4,0.046879543708567686,0.022375121010567305,0.0,0.04905,-0.38259000000000004,9.96696
12621211995,21.4,0.05326744877086694,0.020245819323134222,0.0,0.019620000000000002,-0.36297,9.97677
12626262500,21.4,0.06497860805174888,0.015987215948268057,0.0,-0.019620000000000002,-0.35316,9.819809999999999
12631313005,21.4,0.05965535383316618,0.011711159280881954,0.0,-0.039240000000000004,-0.32373,9.623610000000001
12636363510,21.4,0.05326744877086694,0.001064650843716541,0.0,-0.04905,-0.31392000000000003,9.633420000000001
12641414015,21.4,0.05539675045830002,-0.002129301687433082,0.0,-0.02943,-0.26487,9.69228
12646464520,21.4,0.060720004676882725,-0.005323254218582705,0.0,-0.019620000000000002,-0.24525000000000002,9.79038
12651515025,21.4,0.06391395720803235,-0.014905111812031574,0.0,-0.019620000000000002,-0.23544,9.81
12656565530,21.4,0.060720004676882725,-0.028763026072866547,0.0,0.009810000000000001,-0.23544,9.80019
12661616035,21.4,0.05965535383316618,-0.03089232776029963,0.0,0.11772,-0.21582,9.68247
12666666540,21.4,0.049008845396000776,-0.005323254218582705,0.0,0.14715,-0.21582,9.64323
12671717045,21.4,0.05220279792715039,0.014905111812031574,0.0,0.12753,-0.18639,9.623610000000001
12676767550,21.4,0.046879543708567686,0.022375121010567305,0.0,0.11772,-0.20601000000000003,9.623610000000001
12681818055,21.4,0.04153883619746504,0.015987215948268057,0.0,0.02943,-0.22563,9.73152
12686868560,21.4,0.028763026072866547,0.014905111812031574,0.0,0.0,-0.20601000000000003,9.83943
12691919065,21.4,0.02556907354171693,0.012775810124598492,0.0,-0.02943,-0.27468000000000004,9.91791
12696969570,21.4,0.02769837522915001,0.007452555906015787,0.0,-0.07848000000000001,-0.28449,10.03563
12702020075,21.4,0.01918116847941768,0.005323254218582705,0.0,-0.05886,-0.30411,10.074869999999999
12707070580,21.4,0.023439771854283843,-0.013840460968315033,0.0,-0.04905,-0.33354000000000006,9.92772
12712121085,21.4,0.022375121010567305,-0.022375121010567305,0.0,0.0,-0.36297,9.82962
12717171590,21.4,0.020245819323134222,-0.03089232776029963,0.0,0.07848000000000001,-0.35316,9.760950000000001
12722222095,21.4,0.03621558197888234,-0.01811651763570114,0.0,0.16677000000000003,-0.3924,9.81
12727272600,21.4,0.046879543708567686,-0.011711159280881954,0.0,0.13734000000000002,-0.38259000000000004,9.96696
12732323105,21.4,0.044732788728614664,-0.01064650843716541,0.0,0.13734000000000002,-0.38259000000000004,10.03563
12737373610,21.4,0.049008845396000776,-0.008517206749732328,0.0,0.18639,-0.38259000000000004,9.99639
12742424115,21.4,0.05113814708343386,0.001064650843716541,0.0,0.15696000000000002,-0.32373,9.908100000000001
12747474620,21.4,0.06284930636431581,0.022375121010567305,0.0,0.11772,-0.30411,9.73152
12752525125,21.4,0.07030186227033158,0.03834488366631542,0.0,0.10791,-0.28449,9.623610000000001
12757575630,21.4,0.08203047484373349,0.03834488366631542,0.0,0.0,-0.21582,9.69228
12762626135,21.4,0.07883652231258387,0.02769837522915001,0.0,-0.04905,-0.1962,9.7119
12767676640,21.4,0.06817256058289851,0.023439771854283843,0.0,-0.08829,-0.17658,9.7119
12772727145,21.4,0.06391395720803235,0.00958185759344887,0.0,-0.13734000000000002,-0.13734000000000002,9.79038
12777777650,21.4,0.05646140130201656,0.001064650843716541,0.0,-0.15696000000000002,-0.13734000000000002,9.760950000000001
12782828155,21.4,0.054332099614583476,-0.008517206749732328,0.0,-0.14715,-0.0981,9.79038
12787878660,21.4,0.05646140130201656,-0.02982767691658309,0.0,-0.07848000000000001,-0.11772,9.81
12792929165,21.4,0.046879543708567686,-0.049008845396000776,0.0,0.02943,-0.16677000000000003,9.78057
12797979670,21.4,0.03834488366631542,-0.04260348704118158,0.0,0.10791,-0.16677000000000003,9.67266
12803030175,21.4,0.033021629447732716,-0.023439771854283843,0.0,0.18639,-0.17658,9.73152
12808080680,21.4,0.02982767691658309,-0.004258603374866164,0.0,0.17658,-0.22563,9.78057
12813131185,21.4,0.01918116847941768,0.001064650843716541,0.0,0.18639,-0.24525000000000002,9.888480000000001
12818181690,21.4,0.024504422698000388,0.004258603374866164,0.0,0.17658,-0.28449,10.006200000000002
12823232195,21.4,0.031956978604016174,0.008517206749732328,0.0,0.12753,-0.2943,9.96696
12828282700,21.4,0.03515093113516579,0.012775810124598492,0.0,0.0981,-0.30411,9.78057
12833333205,21.4,0.04153883619746504,0.013840460968315033,0.0,0.0981,-0.31392000000000003,9.770760000000001
12838383710,21.4,0.04153883619746504,0.0170518667919846,0.0,0.06867000000000001,-0.27468000000000004,9.751140000000001
12843434215,21.4,0.04366813788489812,0.013840460968315033,0.0,0.05886,-0.28449,9.770760000000001
12848484720,21.4,0.05113814708343386,0.0170518667919846,0.0,-0.019620000000000002,-0.26487,9.819809999999999
12853535225,21.4,0.05326744877086694,0.007452555906015787,0.0,-0.039240000000000004,-0.24525000000000002,9.84924
12858585730,21.4,0.06284930636431581,0.0,0.0,-0.05886,-0.22563,9.819809999999999
12863636235,21.4,0.06923721142661506,0.0,0.0,-0.04905,-0.1962,9.86886
12868686740,21.4,0.06710790973918197,-0.005323254218582705,0.0,-0.02943,-0.18639,9.86886
12873737245,21.4,0.06178465552059926,-0.006387905062299246,0.0,0.0,-0.15696000000000002,9.80019
12878787750,21.4,0.05539675045830002,0.0,0.0,-0.009810000000000001,-0.16677000000000003,9.80019
12883838255,21.4,0.05007349623971732,-0.004258603374866164,0.0,0.009810000000000001,-0.12753,9.78057
12888888760,21.4,0.05007349623971732,-0.015987215948268057,0.0,0.05886,-0.15696000000000002,9.81
12893939265,21.4,0.05113814708343386,-0.021310470166850764,0.0,0.08829,-0.16677000000000003,9.94734
12898989770,21.4,0.05326744877086694,-0.020245819323134222,0.0,0.0981,-0.17658,9.937529999999999
12904040275,21.4,0.05007349623971732,-0.022375121010567305,0.0,0.17658,-0.17658,9.888480000000001
12909090780,21.4,0.04366813788489812,-0.012775810124598492,0.0,0.1962,-0.18639,9.819809999999999
12914141285,21.4,0.0404741853537485,-0.003193952531149623,0.0,0.20601000000000003,-0.18639,9.79038
12919191790,21.4,0.0404741853537485,0.002129301687433082,0.0,0.20601000000000003,-0.1962,9.65304
12924242295,21.4,0.04581489286485115,0.01811651763570114,0.0,0.20601000000000003,-0.18639,9.770760000000001
12929292800,21.4,0.04794419455228423,0.02663372438543347,0.0,0.12753,-0.20601000000000003,9.82962
12934343305,21.4,0.05113814708343386,0.031956978604016174,0.0,0.04905,-0.20601000000000003,9.81
12939393810,21.4,0.05220279792715039,0.02982767691658309,0.0,0.0,-0.17658,9.80019
12944444315,21.4,0.05113814708343386,0.020245819323134222,0.0,-0.04905,-0.16677000000000003,9.74133
12949494820,21.4,0.05113814708343386,0.011711159280881954,0.0,-0.05886,-0.17658,9.70209
12954545325,21.4,0.05646140130201656,0.011711159280881954,0.0,-0.08829,-0.15696000000000002,9.770760000000001
12959595830,21.4,0.05646140130201656,0.004258603374866164,0.0,-0.0981,-0.13734000000000002,9.770760000000001
12964646335,21.4,0.05539675045830002,-0.008517206749732328,0.0,-0.07848000000000001,-0.14715,9.78057
12969696840,21.4,0.05220279792715039,-0.02556907354171693,0.0,-0.04905,-0.15696000000000002,9.82962
12974747345,21.4,0.05007349623971732,-0.0404741853537485,0.0,0.02943,-0.14715,9.82962
12979797850,21.4,0.049008845396000776,-0.03834488366631542,0.0,0.10791,-0.17658,9.89829
12984848355,21.4,0.04794419455228423,-0.020245819323134222,0.0,0.16677000000000003,-0.14715,9.99639
12989898860,21.4,0.05007349623971732,-0.014905111812031574,0.0,0.20601000000000003,-0.15696000000000002,9.86886
12994949365,21.4,0.05113814708343386,-0.008517206749732328,0.0,0.20601000000000003,-0.14715,9.81
12999999870,21.4,0.044732788728614664,-0.008517206749732328,0.0,0.24525000000000002,-0.16677000000000003,9.78057
13005050375,21.4,0.05007349623971732,-0.003193952531149623,0.0,0.27468000000000004,-0.15696000000000002,9.760950000000001
13010100880,21.4,0.05220279792715039,0.014905111812031574,0.0,0.25506,-0.13734000000000002,9.78057
13015151385,21.4,0.054332099614583476,0.03621558197888234,0.0,0.14715,-0.13734000000000002,9.87867
13020201890,21.4,0.05539675045830002,0.044732788728614664,0.0,0.07848000000000001,-0.13734000000000002,9.80019
13025252395,21.4,0.05752605214573309,0.03834488366631542,0.0,-0.039240000000000004,-0.11772,9.81
13030302900,21.4,0.054332099614583476,0.021310470166850764,0.0,-0.04905,-0.13734000000000002,9.78057
13035353405,21.4,0.054332099614583476,0.01064650843716541,0.0,-0.07848000000000001,-0.0981,9.751140000000001
13040403910,21.4,0.054332099614583476,0.006387905062299246,0.0,-0.07848000000000001,-0.10791,9.73152
13045454415,21.4,0.05965535383316618,-0.003193952531149623,0.0,-0.08829,-0.08829,9.751140000000001
13050504920,21.4,0.05752605214573309,-0.007452555906015787,0.0,-0.06867000000000001,-0.11772,9.79038
13055555425,21.4,0.05113814708343386,-0.03089232776029963,0.0,-0.039240000000000004,-0.07848000000000001,9.937529999999999
13060605930,21.4,0.049008845396000776,-0.04153883619746504,0.0,0.04905,-0.10791,9.92772
13065656435,21.4,0.04260348704118158,-0.03515093113516579,0.0,0.15696000000000002,-0.13734000000000002,9.85905
13070706940,21.4,0.046879543708567686,-0.028763026072866547,0.0,0.22563,-0.0981,9.84924
13075757445,21.4,0.054332099614583476,-0.014905111812031574,0.0,0.24525000000000002,-0.10791,9.760950000000001
13080807950,21.4,0.054332099614583476,-0.005323254218582705,0.0,0.2943,-0.10791,9.770760000000001
13085858455,21.4,0.05113814708343386,0.006387905062299246,0.0,0.23544,-0.11772,9.89829
13090908960,21.4,0.05007349623971732,0.02769837522915001,0.0,0.22563,-0.10791,9.888480000000001
13095959465,21.4,0.04366813788489812,0.039409534510031964,0.0,0.16677000000000003,-0.0981,9.819809999999999
13101009970,21.4,0.05220279792715039,0.03515093113516579,0.0,0.05886,-0.11772,9.78057
13106060475,21.4,0.05646140130201656,0.02769837522915001,0.0,0.009810000000000001,-0.08829,9.7119
13111110980,21.4,0.06604325889546543,0.011711159280881954,0.0,-0.05886,-0.06867000000000001,9.74133
13116161485,21.4,0.06923721142661506,0.007452555906015787,0.0,-0.039240000000000004,-0.05886,9.82962
13121211990,21.4,0.06710790973918197,0.01064650843716541,0.0,-0.06867000000000001,-0.039240000000000004,9.84924
13126262495,21.4,0.05752605214573309,0.0,0.0,-0.06867000000000001,-0.02943,9.79038
13131313000,21.4,0.049008845396000776,-0.01918116847941768,0.0,-0.05886,-0.05886,9.79038
13136363505,21.4,0.04581489286485115,-0.03408628029144926,0.0,0.019620000000000002,-0.04905,9.78057
13141414010,21.4,0.05007349623971732,-0.046879543708567686,0.0,0.11772,-0.05886,9.770760000000001
13146464515,21.4,0.05859070298944965,-0.04153883619746504,0.0,0.23544,-0.04905,9.92772
13151515020,21.4,0.060720004676882725,-0.02769837522915001,0.0,0.26487,-0.05886,9.908100000000001
13156565525,21.4,0.05752605214573309,-0.01064650843716541,0.0,0.25506,-0.05886,9.83943
13161616030,21.4,0.04366813788489812,0.002129301687433082,0.0,0.28449,-0.06867000000000001,9.819809999999999
13166666535,21.4,0.04153883619746504,0.01811651763570114,0.0,0.27468000000000004,-0.04905,9.7119
13171717040,21.4,0.04153883619746504,0.028763026072866547,0.0,0.21582,-0.04905,9.70209
13176767545,21.4,0.05220279792715039,0.028763026072866547,0.0,0.13734000000000002,-0.07848000000000001,9.82962
13181818050,21.4,0.06604325889546543,0.020245819323134222,0.0,0.08829,-0.04905,9.770760000000001
13186868555,21.4,0.06284930636431581,0.024504422698000388,0.0,0.04905,-0.06867000000000001,9.819809999999999
13191919060,21.4,0.06284930636431581,0.02982767691658309,0.0,-0.009810000000000001,-0.039240000000000004,9.86886
13196969565,21.4,0.05007349623971732,0.039409534510031964,0.0,-0.0981,-0.009810000000000001,9.79038
13202020070,21.4,0.044732788728614664,0.03408628029144926,0.0,-0.16677000000000003,-0.019620000000000002,9.74133
13207070575,21.4,0.04794419455228423,0.006387905062299246,0.0,-0.21582,0.0,9.70209
13212121080,21.4,0.05859070298944965,-0.03089232776029963,0.0,-0.13734000000000002,0.009810000000000001,9.74133
13217171585,21.4,0.06497860805174888,-0.06817256058289851,0.0,-0.019620000000000002,0.0,9.82962
13222222090,21.4,0.06604325889546543,-0.08203047484373349,0.0,0.15696000000000002,0.009810000000000001,9.91791
13227272595,21.4,0.06391395720803235,-0.05752605214573309,0.0,0.28449,-0.009810000000000001,9.99639
13232323100,21.4,0.05220279792715039,-0.031956978604016174,0.0,0.34335000000000004,-0.019620000000000002,9.908100000000001
13237373605,21.4,0.0404741853537485,-0.001064650843716541,0.0,0.37278,-0.039240000000000004,9.86886
13242424110,21.4,0.04366813788489812,0.022375121010567305,0.0,0.31392000000000003,-0.05886,9.760950000000001
13247474615,21.4,0.05113814708343386,0.033021629447732716,0.0,0.25506,-0.02943,9.66285
13252525120,21.4,0.05539675045830002,0.028763026072866547,0.0,0.21582,0.009810000000000001,9.74133
13257575625,21.4,0.06391395720803235,0.020245819323134222,0.0,0.13734000000000002,0.0,9.770760000000001
13262626130,21.4,0.07030186227033158,0.00958185759344887,0.0,0.08829,0.0,9.85905
13267676635,21.4,0.05752605214573309,0.005323254218582705,0.0,0.10791,0.0,9.99639
13272727140,21.4,0.05859070298944965,0.007452555906015787,0.0,0.06867000000000001,0.009810000000000001,9.908100000000001
13277777645,21.4,0.049008845396000776,0.02982767691658309,0.0,0.039240000000000004,-0.009810000000000001,9.81
13282828150,21.4,0.05646140130201656,0.031956978604016174,0.0,-0.02943,0.009810000000000001,9.770760000000001
13287878655,21.4,0.06178465552059926,0.0170518667919846,0.0,-0.05886,0.039240000000000004,9.66285
13292929160,21.4,0.05646140130201656,0.002129301687433082,0.0,-0.08829,0.019620000000000002,9.751140000000001
13297979665,21.4,0.06391395720803235,-0.02769837522915001,0.0,-0.08829,0.02943,9.84924
13303030170,21.4,0.05539675045830002,-0.049008845396000776,0.0,0.05886,0.019620000000000002,9.888480000000001
13308080675,21.4,0.049008845396000776,-0.05965535383316618,0.0,0.13734000000000002,0.019620000000000002,9.95715
13313131180,21.4,0.05220279792715039,-0.06284930636431581,0.0,0.28449,0.0,9.908100000000001
13318181685,21.4,0.05752605214573309,-0.05326744877086694,0.0,0.41202000000000005,0.019620000000000002,9.81
13323232190,21.4,0.05965535383316618,-0.021310470166850764,0.0,0.50031,0.019620000000000002,9.7119
13328282695,21.4,0.06817256058289851,0.02556907354171693,0.0,0.46107000000000004,0.02943,9.68247
13333333200,21.4,0.06497860805174888,0.07670722062515077,0.0,0.32373,0.02943,9.7119
13338383705,21.4,0.054332099614583476,0.10012953918691468,0.0,0.08829,0.039240000000000004,9.74133
13343434210,21.4,0.05220279792715039,0.08948303074974927,0.0,-0.11772,0.04905,9.819809999999999
13348484715,21.4,0.05646140130201656,0.05539675045830002,0.0,-0.25506,0.039240000000000004,9.82962
13353535220,21.4,0.06178465552059926,0.003193952531149623,0.0,-0.28449,0.05886,9.85905
13358585725,21.4,0.06817256058289851,-0.031956978604016174,0.0,-0.20601000000000003,0.07848000000000001,9.84924
13363636230,21.4,0.07136651311404815,-0.06178465552059926,0.0,-0.07848000000000001,0.0981,9.82962
13368686735,21.4,0.06391395720803235,-0.07883652231258387,0.0,0.11772,0.08829,9.78057
13373737240,21.4,0.05007349623971732,-0.08096582400001695,0.0,0.27468000000000004,0.0981,9.80019
13378787745,21.4,0.046879543708567686,-0.06284930636431581,0.0,0.40221,0.06867000000000001,9.760950000000001
13383838250,21.4,0.04581489286485115,-0.03515093113516579,0.0,0.47088,0.06867000000000001,9.85905
13388888755,21.4,0.05220279792715039,0.003193952531149623,0.0,0.50031,0.039240000000000004,9.98658
13393939260,21.4,0.05859070298944965,0.039409534510031964,0.0,0.41202000000000005,0.02943,9.99639
13398989765,21.4,0.05646140130201656,0.07349581480148122,0.0,0.28449,0.02943,9.908100000000001
13404040270,21.4,0.04794419455228423,0.08841837990603273,-0.006387905062299246,0.08829,0.02943,9.819809999999999
13409090775,21.4,0.05113814708343386,0.09374163412461543,-0.001064650843716541,-0.08829,0.02943,9.66285
13414141280,21.4,0.054332099614583476,0.07990117315630041,-0.001064650843716541,-0.23544,0.05886,9.633420000000001
13419191785,21.4,0.06497860805174888,0.03728023282259888,-0.001064650843716541,-0.37278,0.06867000000000001,9.7119
13424242290,21.4,0.07030186227033158,-0.015987215948268057,0.0,-0.33354000000000006,0.12753,9.78057
13429292795,21.4,0.07777187146886733,-0.06284930636431581,0.0,-0.26487,0.12753,9.85905
13434343300,21.4,0.0756251164889143,-0.09374163412461543,0.0,-0.02943,0.15696000000000002,9.84924
13439393805,21.4,0.06604325889546543,-0.10545279340549739,0.0,0.18639,0.12753,9.819809999999999
13444444310,21.4,0.060720004676882725,-0.10332349171806432,0.001064650843716541,0.3924,0.36297,9.78057
13449494815,21.4,0.05539675045830002,-0.07456046564519776,0.0,0.75537,0.23544,9.888480000000001
13454545320,21.4,0.044732788728614664,-0.02663372438543347,0.001064650843716541,0.7848,0.13734000000000002,9.74133
13459595825,21.4,0.031956978604016174,0.020245819323134222,-0.002129301687433082,0.6670800000000001,0.02943,9.60399
13464646330,21.4,0.0404741853537485,0.06391395720803235,-0.004258603374866164,0.51993,0.0,9.770760000000001
13469696835,21.4,0.02982767691658309,0.10438814256178083,-0.001064650843716541,0.2943,0.0,9.97677
13474747340,21.4,0.04153883619746504,0.11824605682261582,0.0,0.07848000000000001,-0.02943,9.98658
13479797845,21.4,0.049008845396000776,0.11292280260403312,0.0,-0.1962,0.009810000000000001,9.91791
13484848350,21.4,0.05965535383316618,0.09587093581204853,0.0,-0.37278,0.02943,9.70209
13489898855,21.4,0.0756251164889143,0.06178465552059926,0.001064650843716541,-0.52974,0.04905,9.68247
13494949360,21.4,0.08096582400001695,0.020245819323134222,0.0,-0.5591700000000001,0.10791,9.70209
13499999865,21.4,0.08309512568745003,-0.024504422698000388,0.0,-0.52974,0.12753,9.760950000000001
13505050370,21.4,0.08096582400001695,-0.06391395720803235,0.002129301687433082,-0.45126,0.18639,9.84924
13510100875,21.4,0.06710790973918197,-0.09374163412461543,0.0,-0.21582,0.21582,9.84924
13515151380,21.4,0.06604325889546543,-0.11079350091660004,0.0,0.009810000000000001,0.32373,9.85905
13520201885,21.4,0.06817256058289851,-0.1097288500728835,0.0,0.30411,0.51993,9.92772
13525252390,21.4,0.04794419455228423,-0.09054768159346581,0.001064650843716541,0.63765,0.40221,10.025820000000001
13530302895,21.4,0.0404741853537485,-0.05965535383316618,-0.004258603374866164,0.7749900000000001,0.16677000000000003,9.633420000000001
13535353400,21.4,0.01811651763570114,-0.013840460968315033,0.0,0.6867000000000001,0.009810000000000001,9.56475
13540403905,21.4,0.01811651763570114,0.021310470166850764,-0.002129301687433082,0.5886,0.0,9.633420000000001
13545454410,21.4,0.021310470166850764,0.05326744877086694,-0.005323254218582705,0.51012,-0.02943,9.89829
13550504915,21.4,0.03728023282259888,0.07670722062515077,-0.003193952531149623,0.35316,0.0,9.937529999999999
13555555420,21.4,0.05220279792715039,0.08096582400001695,-0.001064650843716541,0.17658,0.0,9.94734
13560605925,21.4,0.07136651311404815,0.07349581480148122,-0.005323254218582705,0.0,0.009810000000000001,9.81
13565656430,21.4,0.09374163412461543,0.07136651311404815,-0.002129301687433082,-0.13734000000000002,0.08829,9.770760000000001
13570706935,21.4,0.09374163412461543,0.05752605214573309,-0.004258603374866164,-0.26487,0.16677000000000003,9.70209
13575757440,21.4,0.09161233243718235,0.039409534510031964,-0.001064650843716541,-0.32373,0.1962,9.69228
13580807945,21.4,0.08735372906231618,0.00958185759344887,0.0,-0.37278,0.22563,9.72171
13585858450,21.4,0.0852244273748831,-0.02769837522915001,0.0,-0.34335000000000004,0.34335000000000004,9.819809999999999
13590908955,21.4,0.08203047484373349,-0.05220279792715039,0.0,-0.20601000000000003,0.51012,9.89829
13595959460,21.4,0.05752605214573309,-0.06817256058289851,-0.001064650843716541,-0.019620000000000002,0.50031,10.09449
13601009965,21.4,0.05007349623971732,-0.08096582400001695,0.0,0.13734000000000002,0.31392000000000003,9.85905
13606060470,21.4,0.024504422698000388,-0.06391395720803235,-0.001064650843716541,0.23544,0.1962,9.74133
13611110975,21.4,0.0170518667919846,-0.0404741853537485,0.0,0.35316,0.06867000000000001,9.66285
13616161480,21.4,0.020245819323134222,-0.01918116847941768,0.0,0.35316,0.009810000000000001,9.79038
13621211985,21.4,0.02556907354171693,0.005323254218582705,-0.001064650843716541,0.38259000000000004,0.039240000000000004,9.84924
13626262490,21.4,0.0404741853537485,0.024504422698000388,-0.003193952531149623,0.33354000000000006,0.02943,9.888480000000001
13631312995,21.4,0.06497860805174888,0.039409534510031964,-0.002129301687433082,0.20601000000000003,0.02943,9.84924
13636363500,21.4,0.07990117315630041,0.0404741853537485,0.002129301687433082,0.13734000000000002,0.08829,9.78057
13641414005,21.4,0.08096582400001695,0.03408628029144926,-0.002129301687433082,0.04905,0.11772,9.80019
13646464510,21.4,0.07990117315630041,0.023439771854283843,0.0,0.019620000000000002,0.16677000000000003,9.751140000000001
13651515015,21.4,0.08309512568745003,0.021310470166850764,-0.002129301687433082,0.0,0.24525000000000002,9.72171
13656565520,21.4,0.08096582400001695,0.00958185759344887,-0.002129301687433082,-0.019620000000000002,0.45126,9.7119
13661616025,21.4,0.08096582400001695,-0.015987215948268057,-0.001064650843716541,0.02943,0.59841,9.91791
13666666530,21.4,0.06817256058289851,-0.04153883619746504,-0.001064650843716541,0.15696000000000002,0.51993,10.05525
13671717035,21.4,0.03834488366631542,-0.044732788728614664,0.0,0.23544,0.25506,9.87867
13676767540,21.4,0.022375121010567305,-0.046879543708567686,0.0,0.24525000000000002,0.11772,9.80019
13681818045,21.4,0.023439771854283843,-0.039409534510031964,0.0,0.32373,0.08829,9.80019
13686868550,21.4,0.02556907354171693,-0.033021629447732716,0.0,0.41202000000000005,0.05886,9.92772
13691919055,21.4,0.04794419455228423,-0.02556907354171693,0.0,0.48069000000000006,0.02943,9.819809999999999
13696969560,21.4,0.06497860805174888,0.0,-0.002129301687433082,0.51012,0.0981,9.79038
13702020065,21.4,0.0852244273748831,0.028763026072866547,-0.001064650843716541,0.44145,0.0981,9.69228
13707070570,21.4,0.09374163412461543,0.06710790973918197,-0.002129301687433082,0.30411,0.18639,9.69228
13712121075,21.4,0.09374163412461543,0.09800023749948161,-0.003193952531149623,0.10791,0.25506,9.7119
13717171580,21.4,0.09267698328089889,0.11505210429146619,-0.002129301687433082,-0.04905,0.32373,9.72171
13722222085,21.4,0.09161233243718235,0.11292280260403312,-0.001064650843716541,-0.33354000000000006,0.35316,9.70209
13727272590,21.4,0.08309512568745003,0.09693558665576507,-0.001064650843716541,-0.5395500000000001,0.46107000000000004,9.72171
13732323095,21.4,0.08415977653116657,0.05326744877086694,-0.003193952531149623,-0.6278400000000001,0.51993,9.64323
13737373600,21.4,0.07456046564519776,0.007452555906015787,0.0,-0.63765,0.5591700000000001,9.69228
13742424105,21.4,0.05646140130201656,-0.046879543708567686,0.002129301687433082,-0.5591700000000001,0.5591700000000001,9.70209
13747474610,21.4,0.02769837522915001,-0.09374163412461543,-0.001064650843716541,-0.3924,0.48069000000000006,9.7119
13752525115,21.4,0.013840460968315033,-0.11931070766633237,0.002129301687433082,-0.12753,0.35316,9.751140000000001
13757575620,21.4,0.002129301687433082,-0.12676326357234816,0.005323254218582705,0.11772,0.25506,9.79038
13762626125,21.4,0.007452555906015787,-0.12676326357234816,0.0,0.3924,0.22563,9.87867
13767676630,21.4,0.01064650843716541,-0.10759954838545042,-0.003193952531149623,0.6768900000000001,0.13734000000000002,9.94734
13772727135,21.4,0.014905111812031574,-0.07243116395776468,0.0,0.84366,0.009810000000000001,9.80019
13777777640,21.4,0.024504422698000388,-0.02556907354171693,-0.001064650843716541,0.85347,-0.039240000000000004,9.7119
13782828145,21.4,0.049008845396000776,0.01811651763570114,-0.001064650843716541,0.7749900000000001,-0.04905,9.68247
13787878650,21.4,0.06497860805174888,0.05965535383316618,-0.001064650843716541,0.6670800000000001,0.009810000000000001,9.888480000000001
13792929155,21.4,0.09267698328089889,0.08096582400001695,0.0,0.47088,0.06867000000000001,9.99639
13797979660,21.4,0.10545279340549739,0.08628907821859966,-0.001064650843716541,0.24525000000000002,0.1962,9.98658
13803030165,21.4,0.11824605682261582,0.08948303074974927,-0.001064650843716541,0.0981,0.47088,9.888480000000001
13808080670,21.4,0.11824605682261582,0.09587093581204853,0.0,-0.02943,0.5493600000000001,9.937529999999999
13813131175,21.4,0.10545279340549739,0.0852244273748831,-0.001064650843716541,-0.22563,0.5591700000000001,9.79038
13818181680,21.4,0.07777187146886733,0.06284930636431581,-0.002129301687433082,-0.35316,0.5886,9.74133
13823232185,21.4,0.06497860805174888,0.02556907354171693,-0.002129301687433082,-0.41202000000000005,0.51012,9.633420000000001
13828282690,21.4,0.04366813788489812,0.001064650843716541,0.0,-0.46107000000000004,0.45126,9.73152
13833333195,21.4,0.03834488366631542,-0.00958185759344887,0.0,-0.41202000000000005,0.31392000000000003,9.81
13838383700,21.4,0.03515093113516579,-0.021310470166850764,0.0,-0.41202000000000005,0.20601000000000003,9.819809999999999
13843434205,21.4,0.03408628029144926,-0.03621558197888234,0.0,-0.34335000000000004,0.17658,9.78057
13848484710,21.4,0.044732788728614664,-0.054332099614583476,0.0,-0.20601000000000003,0.23544,9.73152
13853535215,21.4,0.05326744877086694,-0.07670722062515077,0.001064650843716541,-0.04905,0.43164,9.65304
13858585720,21.4,0.06604325889546543,-0.09587093581204853,0.0,0.22563,0.6867000000000001,9.68247
13863636225,21.4,0.05326744877086694,-0.09800023749948161,0.0,0.59841,0.6867000000000001,9.760950000000001
13868686730,21.4,0.03515093113516579,-0.0852244273748831,0.0,0.8142300000000001,0.50031,9.64323
13873737235,21.4,0.014905111812031574,-0.05113814708343386,0.0,0.87309,0.28449,9.53532
13878787740,21.4,0.014905111812031574,-0.011711159280881954,0.001064650843716541,0.80442,0.039240000000000004,9.60399
13883838245,21.4,0.011711159280881954,0.022375121010567305,0.001064650843716541,0.64746,-0.019620000000000002,9.751140000000001
13888888750,21.4,0.031956978604016174,0.05220279792715039,-0.003193952531149623,0.51012,-0.019620000000000002,9.888480000000001
13893939255,21.4,0.05859070298944965,0.08415977653116657,-0.001064650843716541,0.36297,0.02943,10.05525
13898989760,21.4,0.09054768159346581,0.1097288500728835,-0.004258603374866164,0.15696000000000002,0.10791,9.99639
13904040265,21.4,0.11505210429146619,0.12144000935376545,-0.004258603374866164,-0.13734000000000002,0.23544,9.92772
13909090770,21.4,0.12250466019748199,0.12250466019748199,-0.003193952531149623,-0.38259000000000004,0.37278,9.82962
13914141275,21.4,0.12144000935376545,0.10332349171806432,-0.005323254218582705,-0.59841,0.5886,9.84924
13919191780,21.4,0.10438814256178083,0.07030186227033158,0.0,-0.6867000000000001,0.70632,9.92772
13924242285,21.4,0.09054768159346581,0.011711159280881954,0.0,-0.71613,0.8338500000000001,9.633420000000001
13929292790,21.4,0.06391395720803235,-0.05752605214573309,0.002129301687433082,-0.5493600000000001,0.9221400000000001,9.633420000000001
13934343295,21.4,0.04260348704118158,-0.1171814059788993,-0.001064650843716541,-0.26487,0.9319500000000001,9.66285
13939393800,21.4,0.015987215948268057,-0.15659094048893124,0.0,0.06867000000000001,0.7749900000000001,9.72171
13944444305,21.4,-0.020245819323134222,-0.16191419470751395,0.001064650843716541,0.43164,0.3924,9.67266
13949494810,21.4,-0.04260348704118158,-0.1331511686346474,0.0,0.6867000000000001,0.0981,9.70209
13954545315,21.4,-0.046879543708567686,-0.08203047484373349,-0.001064650843716541,0.79461,-0.15696000000000002,9.751140000000001
13959595820,21.4,-0.002129301687433082,-0.013840460968315033,0.0,0.74556,-0.16677000000000003,9.85905
13964646325,21.4,0.03089232776029963,0.05752605214573309,-0.002129301687433082,0.6867000000000001,-0.15696000000000002,9.99639
13969696830,21.4,0.07349581480148122,0.1097288500728835,0.0,0.45126,-0.06867000000000001,10.006200000000002
13974747335,21.4,0.10012953918691468,0.13421581947836395,-0.002129301687433082,0.12753,0.019620000000000002,9.85905
13979797840,21.4,0.13102186694721432,0.1278279144160647,0.0,-0.10791,0.14715,9.70209
13984848345,21.4,0.14487978120804929,0.10332349171806432,-0.001064650843716541,-0.32373,0.37278,9.67266
13989898850,21.4,0.1555262896452147,0.05220279792715039,-0.002129301687433082,-0.45126,1.1281500000000002,9.67266
13994949355,21.4,0.14062117783318315,0.007452555906015787,0.0,-0.31392000000000003,1.2360600000000002,10.23183
13999999860,21.4,0.10653489754173388,-0.031956978604016174,-0.001064650843716541,-0.21582,1.0791000000000002,9.87867
14005050365,21.4,0.02663372438543347,-0.039409534510031964,0.0,-0.13734000000000002,0.80442,9.43722
14010100870,21.4,0.007452555906015787,-0.054332099614583476,0.0,-0.08829,0.42183,9.33912
14015151375,21.4,-0.013840460968315033,-0.04260348704118158,-0.002129301687433082,-0.06867000000000001,0.28449,9.42741
14020201880,21.4,-0.012775810124598492,-0.033021629447732716,0.001064650843716541,0.009810000000000001,0.10791,9.70209
14025252385,21.4,0.006387905062299246,-0.03621558197888234,0.0,0.009810000000000001,0.11772,9.94734
14030302890,21.4,0.033021629447732716,-0.049008845396000776,-0.002129301687433082,0.10791,0.23544,9.97677
14035353395,21.4,0.060720004676882725,-0.05539675045830002,0.0,0.25506,0.35316,10.074869999999999
14040403900,21.4,0.06710790973918197,-0.05326744877086694,-0.001064650843716541,0.43164,0.47088,9.97677
14045454405,21.4,0.07030186227033158,-0.024504422698000388,0.0,0.56898,0.40221,9.74133
14050504910,21.4,0.06391395720803235,0.01918116847941768,0.0,0.50031,0.3924,9.623610000000001
14055555415,21.4,0.06817256058289851,0.05646140130201656,-0.001064650843716541,0.33354000000000006,0.41202000000000005,9.6138
14060605920,21.4,0.06497860805174888,0.08735372906231618,0.0,0.14715,0.34335000000000004,9.78057
14065656425,21.4,0.06710790973918197,0.08735372906231618,0.0,-0.06867000000000001,0.37278,9.83943
14070706930,21.4,0.07349581480148122,0.07990117315630041,-0.004258603374866164,-0.26487,0.51012,9.83943
14075757435,21.4,0.07990117315630041,0.046879543708567686,0.002129301687433082,-0.32373,0.56898,9.86886
14080807940,21.4,0.0756251164889143,-0.005323254218582705,-0.001064650843716541,-0.32373,0.7749900000000001,9.84924
14085858445,21.4,0.06178465552059926,-0.04581489286485115,-0.003193952531149623,-0.18639,0.74556,9.84924
14090908950,21.4,0.04366813788489812,-0.05646140130201656,0.0,-0.009810000000000001,0.5886,9.760950000000001
14095959455,21.4,0.031956978604016174,-0.05859070298944965,0.0,0.07848000000000001,0.48069000000000006,9.54513
14101009960,21.4,0.02663372438543347,-0.03728023282259888,0.0,0.14715,0.3924,9.52551
14106060465,21.4,0.024504422698000388,-0.007452555906015787,0.0,0.13734000000000002,0.32373,9.57456
14111110970,21.4,0.03515093113516579,-0.005323254218582705,-0.002129301687433082,0.16677000000000003,0.36297,9.69228
14116161475,21.4,0.044732788728614664,-0.001064650843716541,0.0,0.17658,0.41202000000000005,9.84924
14121211980,21.4,0.05646140130201656,-0.004258603374866164,0.0,0.12753,0.49050000000000005,9.84924
14126262485,21.4,0.06178465552059926,-0.00958185759344887,-0.003193952531149623,0.22563,0.5591700000000001,9.87867
14131312990,21.4,0.060720004676882725,-0.006387905062299246,0.0,0.24525000000000002,0.50031,9.89829
14136363495,21.4,0.05113814708343386,0.004258603374866164,-0.005323254218582705,0.20601000000000003,0.46107000000000004,9.760950000000001
14141414000,21.4,0.05752605214573309,0.024504422698000388,-0.001064650843716541,0.14715,0.3924,9.73152
14146464505,21.4,0.054332099614583476,0.05007349623971732,-0.001064650843716541,0.05886,0.37278,9.7119
14151515010,21.4,0.05326744877086694,0.054332099614583476,-0.001064650843716541,-0.039240000000000004,0.42183,9.68247
14156565515,21.4,0.06497860805174888,0.0404741853537485,-0.001064650843716541,-0.18639,0.56898,9.819809999999999
14161616020,21.4,0.06497860805174888,0.01064650843716541,0.0,-0.17658,0.6867000000000001,9.85905
14166666525,21.4,0.054332099614583476,-0.028763026072866547,-0.002129301687433082,-0.06867000000000001,0.75537,9.85905
14171717030,21.4,0.04581489286485115,-0.04794419455228423,0.0,0.06867000000000001,0.6670800000000001,9.87867
14176767535,21.4,0.04153883619746504,-0.03728023282259888,0.0,0.14715,0.45126,9.78057
14181818040,21.4,0.02769837522915001,-0.015987215948268057,-0.001064650843716541,0.12753,0.30411,9.60399
14186868545,21.4,0.033021629447732716,0.0,0.0,0.10791,0.28449,9.60399
14191919050,21.4,0.039409534510031964,0.0,0.0,0.11772,0.3924,9.66285
14196969555,21.4,0.05326744877086694,-0.004258603374866164,0.0,0.13734000000000002,0.59841,9.73152
14202020060,21.4,0.07030186227033158,-0.011711159280881954,0.003193952531149623,0.21582,0.7749900000000001,9.87867
14207070565,21.4,0.06284930636431581,-0.008517206749732328,-0.003193952531149623,0.28449,0.70632,9.91791
14212121070,21.4,0.049008845396000776,0.001064650843716541,-0.003193952531149623,0.26487,0.52974,9.751140000000001
14217171575,21.4,0.033021629447732716,0.0170518667919846,-0.004258603374866164,0.12753,0.28449,9.73152
14222222080,21.4,0.033021629447732716,0.03089232776029963,-0.002129301687433082,0.0,0.25506,9.64323
14227272585,21.4,0.04260348704118158,0.039409534510031964,0.001064650843716541,-0.039240000000000004,0.33354000000000006,9.7119
14232323090,21.4,0.06817256058289851,0.03728023282259888,0.0,-0.11772,0.5591700000000001,9.819809999999999
14237373595,21.4,0.08096582400001695,0.01811651763570114,0.0,-0.11772,0.7749900000000001,9.87867
14242424100,21.4,0.08203047484373349,-0.006387905062299246,0.0,-0.06867000000000001,0.85347,9.83943
14247474605,21.4,0.05859070298944965,-0.012775810124598492,-0.004258603374866164,-0.04905,0.74556,9.819809999999999
14252525110,21.4,0.028763026072866547,-0.015987215948268057,-0.002129301687433082,-0.019620000000000002,0.50031,9.68247
14257575615,21.4,0.0170518667919846,-0.015987215948268057,-0.002129301687433082,-0.019620000000000002,0.41202000000000005,9.56475
14262626120,21.4,0.01811651763570114,-0.024504422698000388,0.0,0.009810000000000001,0.43164,9.7119
14267676625,21.4,0.03089232776029963,-0.02663372438543347,-0.002129301687433082,0.07848000000000001,0.50031,9.770760000000001
14272727130,21.4,0.05646140130201656,-0.023439771854283843,0.0,0.20601000000000003,0.60822,9.74133
14277777635,21.4,0.06284930636431581,-0.005323254218582705,0.0,0.23544,0.6180300000000001,9.770760000000001
14282828140,21.4,0.05752605214573309,0.007452555906015787,0.0,0.22563,0.59841,9.65304
14287878645,21.4,0.04260348704118158,0.01811651763570114,0.001064650843716541,0.15696000000000002,0.5395500000000001,9.633420000000001
14292929150,21.4,0.03621558197888234,0.01918116847941768,-0.004258603374866164,0.039240000000000004,0.50031,9.73152
14297979655,21.4,0.0404741853537485,0.01811651763570114,-0.001064650843716541,0.02943,0.49050000000000005,9.81
14303030160,21.4,0.05007349623971732,0.0170518667919846,0.0,0.019620000000000002,0.59841,9.81
14308080665,21.4,0.06391395720803235,0.013840460968315033,-0.001064650843716541,0.0,0.63765,9.81
14313131170,21.4,0.06284930636431581,0.01918116847941768,-0.002129301687433082,-0.04905,0.6278400000000001,9.751140000000001
14318181675,21.4,0.05007349623971732,0.014905111812031574,0.001064650843716541,-0.05886,0.64746,9.68247
14323232180,21.4,0.03515093113516579,-0.001064650843716541,0.001064650843716541,-0.07848000000000001,0.6180300000000001,9.73152
14328282685,21.4,0.02982767691658309,-0.01811651763570114,0.0,-0.02943,0.6278400000000001,9.82962
14333333190,21.4,0.028763026072866547,-0.03515093113516579,0.0,0.02943,0.57879,9.92772
14338383695,21.4,0.033021629447732716,-0.04366813788489812,-0.001064650843716541,0.13734000000000002,0.5493600000000001,9.95715
14343434200,21.4,0.04260348704118158,-0.031956978604016174,0.0,0.23544,0.49050000000000005,9.87867
14348484705,21.4,0.046879543708567686,-0.006387905062299246,0.0,0.21582,0.43164,9.69228
14353535210,21.4,0.044732788728614664,0.01064650843716541,-0.001064650843716541,0.20601000000000003,0.44145,9.60399
14358585715,21.4,0.04794419455228423,0.02769837522915001,0.0,0.13734000000000002,0.5395500000000001,9.6138
14363636220,21.4,0.05539675045830002,0.031956978604016174,0.001064650843716541,0.08829,0.63765,9.69228
14368686725,21.4,0.060720004676882725,0.02769837522915001,0.0,0.04905,0.73575,9.82962
14373737230,21.4,0.06284930636431581,0.022375121010567305,-0.002129301687433082,0.019620000000000002,0.7749900000000001,9.87867
14378787735,21.4,0.05859070298944965,0.013840460968315033,-0.004258603374866164,-0.02943,0.69651,9.78057
14383838240,21.4,0.05113814708343386,0.011711159280881954,-0.003193952531149623,-0.05886,0.6278400000000001,9.68247
14388888745,21.4,0.03621558197888234,0.012775810124598492,-0.001064650843716541,-0.07848000000000001,0.57879,9.496080000000001
14393939250,21.4,0.02982767691658309,0.003193952531149623,0.001064650843716541,-0.07848000000000001,0.59841,9.5157
14398989755,21.4,0.03408628029144926,-0.008517206749732328,-0.001064650843716541,-0.07848000000000001,0.74556,9.633420000000001
14404040260,21.4,0.03728023282259888,-0.012775810124598492,0.001064650843716541,-0.009810000000000001,0.7749900000000001,9.80019
14409090765,21.4,0.03089232776029963,-0.021310470166850764,0.0,0.039240000000000004,0.71613,9.84924
14414141270,21.4,0.031956978604016174,-0.02663372438543347,0.0,0.06867000000000001,0.57879,9.87867
14419191775,21.4,0.024504422698000388,-0.023439771854283843,0.0,0.10791,0.43164,9.81
14424242280,21.4,0.021310470166850764,-0.014905111812031574,0.0,0.07848000000000001,0.37278,9.72171
14429292785,21.4,0.033021629447732716,-0.001064650843716541,0.0,0.07848000000000001,0.48069000000000006,9.74133
14434343290,21.4,0.05220279792715039,0.01064650843716541,0.002129301687433082,0.13734000000000002,0.60822,9.82962
14439393795,21.4,0.05859070298944965,0.01064650843716541,0.002129301687433082,0.12753,0.73575,9.83943
14444444300,21.4,0.06284930636431581,0.002129301687433082,-0.004258603374866164,0.11772,0.8142300000000001,9.87867
14449494805,21.4,0.05646140130201656,-0.002129301687433082,-0.002129301687433082,0.12753,0.80442,9.81
14454545310,21.4,0.0404741853537485,0.003193952531149623,-0.002129301687433082,0.16677000000000003,0.6278400000000001,9.73152
14459595815,21.4,0.02663372438543347,0.014905111812031574,-0.001064650843716541,0.05886,0.48069000000000006,9.64323
14464646320,21.4,0.021310470166850764,0.03621558197888234,-0.003193952531149623,-0.02943,0.41202000000000005,9.66285
14469696825,21.4,0.03621558197888234,0.03728023282259888,-0.002129301687433082,-0.13734000000000002,0.51012,9.7119
14474747330,21.4,0.05220279792715039,0.022375121010567305,-0.003193952531149623,-0.16677000000000003,0.69651,9.760950000000001
14479797835,21.4,0.06497860805174888,-0.004258603374866164,0.0,-0.0981,0.89271,9.73152
14484848340,21.4,0.05859070298944965,-0.021310470166850764,0.0,-0.019620000000000002,0.9810000000000001,9.72171
14489898845,21.4,0.04366813788489812,-0.021310470166850764,-0.005323254218582705,0.06867000000000001,0.8829,9.67266
14494949350,21.4,0.022375121010567305,-0.005323254218582705,0.0,0.08829,0.59841,9.57456
14499999855,21.4,0.005323254218582705,-0.005323254218582705,0.001064650843716541,0.0,0.49050000000000005,9.5157
14505050360,21.4,0.01064650843716541,-0.013840460968315033,0.0,0.0,0.52974,9.633420000000001
14510100865,21.4,0.024504422698000388,-0.014905111812031574,0.0,0.04905,0.57879,9.78057
14515151370,21.4,0.03515093113516579,-0.01064650843716541,0.002129301687433082,0.12753,0.6278400000000001,9.82962
14520201875,21.4,0.0404741853537485,-0.004258603374866164,0.0,0.14715,0.69651,9.82962
14525252380,21.4,0.04366813788489812,0.004258603374866164,0.0,0.14715,0.6670800000000001,9.78057
14530302885,21.4,0.039409534510031964,0.006387905062299246,0.001064650843716541,0.08829,0.60822,9.74133
14535353390,21.4,0.02556907354171693,0.006387905062299246,0.0,0.05886,0.60822,9.81
14540403895,21.4,0.02769837522915001,0.004258603374866164,-0.001064650843716541,0.05886,0.5591700000000001,9.82962
14545454400,21.4,0.03621558197888234,0.004258603374866164,-0.002129301687433082,0.04905,0.60822,9.83943
14550504905,21.4,0.04794419455228423,0.015987215948268057,-0.001064650843716541,0.0,0.70632,9.83943
14555555410,21.4,0.05113814708343386,0.00958185759344887,0.001064650843716541,0.009810000000000001,0.6867000000000001,9.760950000000001
14560605915,21.4,0.04260348704118158,-0.01064650843716541,0.0,0.0,0.7749900000000001,9.67266
14565656420,21.4,0.03408628029144926,-0.01064650843716541,-0.001064650843716541,0.05886,0.80442,9.68247
14570706925,21.4,0.02556907354171693,-0.001064650843716541,0.0,0.11772,0.72594,9.72171
14575757430,21.4,0.024504422698000388,0.001064650843716541,0.0,0.0981,0.63765,9.78057
14580807935,21.4,0.024504422698000388,0.005323254218582705,-0.004258603374866164,0.04905,0.5591700000000001,9.82962
14585858440,21.4,0.03621558197888234,0.004258603374866164,0.0,-0.009810000000000001,0.56898,9.72171
14590908945,21.4,0.04153883619746504,0.01064650843716541,-0.002129301687433082,-0.009810000000000001,0.64746,9.6138
14595959450,21.4,0.046879543708567686,0.007452555906015787,0.0,0.0,0.74556,9.66285
14601009955,21.4,0.044732788728614664,0.01064650843716541,0.0,0.0,0.8142300000000001,9.67266
14606060460,21.4,0.04153883619746504,0.008517206749732328,0.0,0.0,0.8240400000000001,9.633420000000001
14611110965,21.4,0.033021629447732716,0.005323254218582705,-0.004258603374866164,-0.039240000000000004,0.86328,9.60399
14616161470,21.4,0.02663372438543347,0.0,0.0,-0.009810000000000001,0.79461,9.66285
14621211975,21.4,0.021310470166850764,-0.011711159280881954,0.001064650843716541,-0.009810000000000001,0.6768900000000001,9.70209
14626262480,21.4,0.0170518667919846,-0.006387905062299246,0.0,0.009810000000000001,0.65727,9.68247
14631312985,21.4,0.022375121010567305,-0.002129301687433082,0.0,-0.009810000000000001,0.59841,9.65304
14636363490,21.4,0.01811651763570114,-0.003193952531149623,-0.001064650843716541,0.019620000000000002,0.6278400000000001,9.70209
14641413995,21.4,0.02769837522915001,-0.01064650843716541,0.001064650843716541,0.039240000000000004,0.6867000000000001,9.770760000000001
14646464500,21.4,0.02663372438543347,-0.004258603374866164,0.0,0.07848000000000001,0.72594,9.79038
14651515005,21.4,0.02663372438543347,-0.005323254218582705,-0.001064650843716541,0.07848000000000001,0.74556,9.84924
14656565510,21.4,0.02769837522915001,0.0,-0.001064650843716541,0.08829,0.6768900000000001,9.89829
14661616015,21.4,0.02556907354171693,0.005323254218582705,0.001064650843716541,0.05886,0.5493600000000001,9.85905
14666666520,21.4,0.024504422698000388,0.00958185759344887,-0.001064650843716541,0.0,0.52974,9.78057
14671717025,21.4,0.033021629447732716,0.006387905062299246,-0.001064650843716541,-0.009810000000000001,0.6670800000000001,9.74133
14676767530,21.4,0.03621558197888234,0.0,0.002129301687433082,0.02943,0.80442,9.78057
14681818035,21.4,0.0404741853537485,-0.002129301687433082,-0.001064650843716541,0.10791,0.8829,9.819809999999999
14686868540,21.4,0.0404741853537485,-0.001064650843716541,-0.001064650843716541,0.06867000000000001,0.84366,9.85905
14691919045,21.4,0.02769837522915001,0.0,-0.002129301687433082,0.02943,0.70632,9.74133
14696969550,21.4,0.015987215948268057,-0.005323254218582705,-0.003193952531149623,0.02943,0.6180300000000001,9.64323
14702020055,21.4,0.0170518667919846,0.001064650843716541,-0.002129301687433082,0.02943,0.59841,9.623610000000001
14707070560,21.4,0.02556907354171693,0.020245819323134222,0.0,0.0,0.6278400000000001,9.68247
14712121065,21.4,0.03515093113516579,0.02556907354171693,0.0,-0.06867000000000001,0.72594,9.72171
14717171570,21.4,0.04153883619746504,0.005323254218582705,-0.003193952531149623,-0.05886,0.8338500000000001,9.72171
14722222075,21.4,0.04153883619746504,-0.013840460968315033,-0.003193952531149623,-0.009810000000000001,0.9221400000000001,9.64323
14727272580,21.4,0.03834488366631542,-0.01811651763570114,-0.002129301687433082,0.039240000000000004,0.9319500000000001,9.57456
14732323085,21.4,0.02556907354171693,-0.001064650843716541,-0.001064650843716541,0.0981,0.8829,9.58437
14737373590,21.4,0.008517206749732328,0.01064650843716541,-0.001064650843716541,0.04905,0.63765,9.60399
14742424095,21.4,-0.003193952531149623,0.012775810124598492,-0.002129301687433082,-0.05886,0.47088,9.65304
14747474600,21.4,0.006387905062299246,0.01811651763570114,-0.001064650843716541,-0.15696000000000002,0.49050000000000005,9.72171
14752525105,21.4,0.02663372438543347,0.007452555906015787,0.001064650843716541,-0.20601000000000003,0.6768900000000001,9.7119
14757575610,21.4,0.044732788728614664,-0.005323254218582705,-0.002129301687433082,-0.0981,0.8829,9.79038
14762626115,21.4,0.049008845396000776,-0.008517206749732328,0.0,0.009810000000000001,1.03986,9.819809999999999
14767676620,21.4,0.03621558197888234,-0.014905111812031574,-0.001064650843716541,0.06867000000000001,0.9613800000000001,9.67266
14772727125,21.4,0.01064650843716541,-0.02769837522915001,-0.001064650843716541,0.05886,0.8240400000000001,9.6138
14777777630,21.4,-0.004258603374866164,-0.021310470166850764,0.0,0.11772,0.59841,9.6138
14782828135,21.4,-0.013840460968315033,-0.006387905062299246,0.0,0.06867000000000001,0.5395500000000001,9.69228
14787878640,21.4,0.0,-0.003193952531149623,0.0,0.04905,0.6278400000000001,9.85905
14792929145,21.4,0.01811651763570114,-0.001064650843716541,0.001064650843716541,0.0981,0.65727,10.01601
14797979650,21.4,0.031956978604016174,-0.004258603374866164,0.0,0.08829,0.6180300000000001,9.97677
14803030155,21.4,0.03621558197888234,0.0,-0.001064650843716541,0.0981,0.64746,9.85905
14808080660,21.4,0.033021629447732716,0.012775810124598492,-0.002129301687433082,0.06867000000000001,0.70632,9.760950000000001
14813131165,21.4,0.02982767691658309,0.02769837522915001,0.0,0.02943,0.7848,9.70209
14818181670,21.4,0.033021629447732716,0.028763026072866547,0.0,-0.02943,0.84366,9.89829
14823232175,21.4,0.03408628029144926,0.024504422698000388,-0.001064650843716541,-0.05886,0.8240400000000001,9.89829
14828282680,21.4,0.03408628029144926,0.011711159280881954,0.0,-0.0981,0.75537,9.78057
14833333185,21.4,0.024504422698000388,0.003193952531149623,-0.001064650843716541,-0.13734000000000002,0.72594,9.69228
14838383690,21.4,0.022375121010567305,0.002129301687433082,0.0,-0.13734000000000002,0.75537,9.60399
14843434195,21.4,0.023439771854283843,-0.002129301687433082,0.0,-0.12753,0.8338500000000001,9.623610000000001
14848484700,21.4,0.020245819323134222,-0.015987215948268057,-0.002129301687433082,-0.039240000000000004,0.89271,9.66285
14853535205,21.4,0.01918116847941768,-0.02982767691658309,0.0,0.02943,0.86328,9.78057
14858585710,21.4,0.011711159280881954,-0.028763026072866547,-0.001064650843716541,0.10791,0.75537,9.72171
14863636215,21.4,0.008517206749732328,-0.020245819323134222,0.0,0.0981,0.64746,9.68247
14868686720,21.4,0.00958185759344887,-0.001064650843716541,0.001064650843716541,0.06867000000000001,0.57879,9.57456
14873737225,21.4,0.01064650843716541,0.005323254218582705,0.001064650843716541,0.05886,0.6278400000000001,9.54513
14878787730,21.4,0.0170518667919846,0.006387905062299246,0.001064650843716541,0.05886,0.7749900000000001,9.633420000000001
14883838235,21.4,0.02982767691658309,0.011711159280881954,-0.003193952531149623,0.05886,0.90252,9.68247
14888888740,21.4,0.0404741853537485,0.011711159280881954,0.001064650843716541,0.04905,0.9810000000000001,9.68247
14893939245,21.4,0.02769837522915001,0.00958185759344887,-0.001064650843716541,0.04905,0.9613800000000001,9.67266
14898989750,21.4,0.013840460968315033,0.01064650843716541,0.001064650843716541,0.009810000000000001,0.74556,9.66285
14904040255,21.4,-0.006387905062299246,0.008517206749732328,-0.002129301687433082,-0.08829,0.5886,9.623610000000001
14909090760,21.4,-0.01064650843716541,0.013840460968315033,0.001064650843716541,-0.14715,0.51993,9.64323
14914141265,21.4,0.003193952531149623,0.00958185759344887,0.002129301687433082,-0.1962,0.60822,9.79038
14919191770,21.4,0.01918116847941768,-0.008517206749732328,0.001064650843716541,-0.16677000000000003,0.8240400000000001,9.87867
14924242275,21.4,0.03408628029144926,-0.02556907354171693,0.0,-0.039240000000000004,1.03005,9.94734
14929292780,21.4,0.03728023282259888,-0.033021629447732716,0.0,0.08829,0.9810000000000001,9.86886
14934343285,21.4,0.01064650843716541,-0.02556907354171693,-0.003193952531149623,0.15696000000000002,0.7749900000000001,9.72171
14939393790,21.4,-0.01064650843716541,-0.002129301687433082,-0.002129301687433082,0.11772,0.5395500000000001,9.6138
14944444295,21.4,-0.01811651763570114,0.01918116847941768,0.0,0.0,0.40221,9.6138
14949494800,21.4,-0.004258603374866164,0.01811651763570114,0.0,-0.0981,0.51993,9.83943
14954545305,21.4,0.024504422698000388,0.004258603374866164,0.0,-0.08829,0.75537,9.99639
14959595810,21.4,0.04366813788489812,-0.005323254218582705,-0.002129301687433082,0.0,0.9319500000000001,10.006200000000002
14964646315,21.4,0.05326744877086694,-0.007452555906015787,-0.002129301687433082,0.04905,0.9908100000000001,9.80019
14969696820,21.4,0.04153883619746504,0.008517206749732328,-0.002129301687433082,0.11772,0.9908100000000001,9.59418
14974747325,21.4,0.021310470166850764,0.023439771854283843,0.002129301687433082,0.019620000000000002,0.8142300000000001,9.42741
14979797830,21.4,-0.01064650843716541,0.023439771854283843,-0.001064650843716541,-0.0981,0.71613,9.47646
14984848335,21.4,-0.0170518667919846,0.012775810124598492,0.001064650843716541,-0.18639,0.6670800000000001,9.66285
14989898840,21.4,-0.00958185759344887,-0.001064650843716541,0.001064650843716541,-0.18639,0.6670800000000001,9.86886
14994949345,21.4,0.00958185759344887,-0.007452555906015787,0.0,-0.16677000000000003,0.75537,9.94734
14999999850,21.4,0.03089232776029963,-0.014905111812031574,0.0,-0.0981,0.80442,9.89829
15005050355,21.4,0.03089232776029963,-0.01918116847941768,0.0,-0.02943,0.8142300000000001,9.72171
15010100860,21.4,0.014905111812031574,-0.02556907354171693,0.0,0.04905,0.8338500000000001,9.58437
15015151365,21.4,0.002129301687433082,-0.020245819323134222,0.0,0.13734000000000002,0.8142300000000001,9.54513
15020201870,21.4,-0.001064650843716541,-0.005323254218582705,0.0,0.13734000000000002,0.7848,9.60399
15025252375,21.4,0.0,0.00958185759344887,0.0,0.07848000000000001,0.80442,9.73152
15030302880,21.4,0.011711159280881954,0.014905111812031574,0.0,0.02943,0.7651800000000001,9.84924
15035353385,21.4,0.011711159280881954,0.011711159280881954,0.0,-0.019620000000000002,0.6768900000000001,9.83943
15040403890,21.4,0.002129301687433082,0.008517206749732328,0.0,-0.06867000000000001,0.5886,9.80019
15045454395,21.4,0.00958185759344887,0.011711159280881954,0.0,-0.06867000000000001,0.59841,9.770760000000001
15050504900,21.4,0.014905111812031574,0.011711159280881954,0.0,-0.12753,0.72594,9.73152
15055555405,21.4,0.023439771854283843,0.003193952531149623,0.0,-0.08829,0.9221400000000001,9.770760000000001
15060605910,21.4,0.03089232776029963,0.0,0.0,-0.02943,1.02024,9.82962
15065656415,21.4,0.02663372438543347,-0.003193952531149623,0.0,-0.009810000000000001,0.9711900000000001,9.74133
15070706920,21.4,0.00958185759344887,-0.001064650843716541,0.0,-0.039240000000000004,0.8240400000000001,9.56475
15075757425,21.4,-0.005323254218582705,0.003193952531149623,0.0,-0.07848000000000001,0.73575,9.52551
15080807930,21.4,-0.00958185759344887,0.0,0.0,-0.07848000000000001,0.74556,9.496080000000001
15085858435,21.4,-0.004258603374866164,-0.015987215948268057,0.0,-0.019620000000000002,0.8240400000000001,9.67266
15090908940,21.4,0.0,-0.014905111812031574,0.0,0.009810000000000001,0.8142300000000001,9.81
15095959445,21.4,0.0,-0.007452555906015787,0.0,0.06867000000000001,0.74556,9.81
15101009950,21.4,0.0,0.007452555906015787,0.0,0.009810000000000001,0.6768900000000001,9.819809999999999
15106060455,21.4,0.004258603374866164,0.012775810124598492,0.0,-0.05886,0.63765,9.79038
15111110960,21.4,0.008517206749732328,0.012775810124598492,0.0,-0.10791,0.64746,9.78057
15116161465,21.4,0.002129301687433082,-0.001064650843716541,0.0,-0.0981,0.74556,9.73152
15121211970,21.4,0.013840460968315033,-0.006387905062299246,0.0,-0.02943,0.8829,9.81
15126262475,21.4,0.021310470166850764,0.0,0.0,-0.009810000000000001,0.9613800000000001,9.74133
15131312980,21.4,0.0170518667919846,0.006387905062299246,0.0,0.0,0.9613800000000001,9.73152
15136363485,21.4,0.013840460968315033,0.006387905062299246,0.0,-0.009810000000000001,0.87309,9.66285
15141413990,21.4,-0.004258603374866164,0.0,0.0,-0.039240000000000004,0.71613,9.60399
15146464495,21.4,-0.0170518667919846,-0.004258603374866164,0.0,-0.04905,0.70632,9.57456
15151515000,21.4,-0.012775810124598492,-0.004258603374866164,0.0,-0.019620000000000002,0.70632,9.69228
15156565505,21.4,-0.001064650843716541,-0.008517206749732328,0.0,-0.02943,0.8142300000000001,9.73152
15161616010,21.4,0.012775810124598492,-0.013840460968315033,0.0,0.039240000000000004,0.90252,9.82962
15166666515,21.4,0.01918116847941768,-0.003193952531149623,0.0,0.039240000000000004,0.87309,9.770760000000001
15171717020,21.4,0.005323254218582705,0.00958185759344887,0.0,0.05886,0.71613,9.64323
15176767525,21.4,-0.006387905062299246,0.022375121010567305,0.0,-0.06867000000000001,0.6670800000000001,9.59418
15181818030,21.4,-0.01064650843716541,0.031956978604016174,0.0,-0.15696000000000002,0.64746,9.64323
15186868535,21.4,-0.007452555906015787,0.015987215948268057,0.0,-0.18639,0.7651800000000001,9.73152
15191919040,21.4,0.006387905062299246,-0.008517206749732328,0.0,-0.14715,0.9221400000000001,9.91791
15196969545,21.4,0.0170518667919846,-0.020245819323134222,0.0,-0.05886,0.94176,10.01601
15202020050,21.4,0.007452555906015787,-0.021310470166850764,-0.005323254218582705,0.009810000000000001,0.85347,9.84924
15207070555,21.4,-0.002129301687433082,-0.01064650843716541,-0.002129301687433082,0.0,0.69651,9.70209
15212121060,21.4,-0.015987215948268057,0.008517206749732328,-0.003193952531149623,-0.05886,0.5591700000000001,9.60399
15217171565,21.4,-0.013840460968315033,0.00958185759344887,0.003193952531149623,-0.10791,0.59841,9.633420000000001
15222222070,21.4,-0.007452555906015787,0.0,0.0,-0.0981,0.71613,9.80019
15227272575,21.4,0.00958185759344887,-0.011711159280881954,0.003193952531149623,-0.039240000000000004,0.87309,9.91791
15232323080,21.4,0.01918116847941768,-0.01811651763570114,0.001064650843716541,0.05886,0.9810000000000001,9.89829
15237373585,21.4,0.021310470166850764,-0.028763026072866547,0.0,0.15696000000000002,0.9319500000000001,9.82962
15242424090,21.4,0.006387905062299246,-0.013840460968315033,0.0,0.1962,0.7749900000000001,9.64323
15247474595,21.4,-0.012775810124598492,0.00958185759344887,-0.003193952531149623,0.10791,0.6180300000000001,9.48627
15252525100,21.4,-0.014905111812031574,0.04366813788489812,0.0,0.0,0.5591700000000001,9.496080000000001
15257575605,21.4,-0.006387905062299246,0.06710790973918197,0.0,-0.16677000000000003,0.56898,9.633420000000001
15262626110,21.4,0.004258603374866164,0.06284930636431581,0.001064650843716541,-0.33354000000000006,0.7749900000000001,9.760950000000001
15267676615,21.4,0.028763026072866547,0.031956978604016174,0.0,-0.41202000000000005,0.9810000000000001,9.81
15272727120,21.4,0.03621558197888234,-0.00958185759344887,0.0,-0.33354000000000006,1.1477700000000002,9.83943
15277777625,21.4,0.013840460968315033,-0.046879543708567686,0.0,-0.14715,1.1772,9.70209
15282828130,21.4,-0.015987215948268057,-0.05646140130201656,-0.003193952531149623,0.0,0.9613800000000001,9.60399
15287878635,21.4,-0.03515093113516579,-0.03408628029144926,0.0,0.039240000000000004,0.6768900000000001,9.53532
15292929140,21.4,-0.05007349623971732,-0.006387905062299246,-0.001064650843716541,0.0,0.51993,9.56475
15297979645,21.4,-0.04153883619746504,0.007452555906015787,0.001064650843716541,-0.08829,0.45126,9.78057
15303030150,21.4,-0.020245819323134222,0.011711159280881954,0.003193952531149623,-0.14715,0.50031,9.95715
15308080655,21.4,0.005323254218582705,-0.003193952531149623,0.0,-0.12753,0.69651,10.025820000000001
15313131160,21.4,0.01918116847941768,-0.022375121010567305,0.001064650843716541,-0.02943,0.9221400000000001,10.045440000000001
15318181665,21.4,0.022375121010567305,-0.033021629447732716,0.0,0.14715,0.9810000000000001,9.94734
15323232170,21.4,0.011711159280881954,-0.03621558197888234,-0.001064650843716541,0.21582,0.95157,9.83943
15328282675,21.4,-0.008517206749732328,-0.021310470166850764,-0.003193952531149623,0.25506,0.7749900000000001,9.72171
15333333180,21.4,-0.01918116847941768,0.004258603374866164,-0.003193952531149623,0.20601000000000003,0.5493600000000001,9.6138
15338383685,21.4,-0.01811651763570114,0.03408628029144926,0.0,0.10791,0.46107000000000004,9.60399
15343434190,21.4,-0.008517206749732328,0.06391395720803235,0.0,-0.06867000000000001,0.57879,9.67266
15348484695,21.4,0.020245819323134222,0.07670722062515077,0.0,-0.22563,0.6768900000000001,9.79038
15353535200,21.4,0.03728023282259888,0.07990117315630041,-0.002129301687433082,-0.37278,0.86328,9.74133
15358585705,21.4,0.03621558197888234,0.05859070298944965,-0.001064650843716541,-0.47088,1.03986,9.70209
15363636210,21.4,0.02556907354171693,0.02663372438543347,0.001064650843716541,-0.51012,1.1281500000000002,9.623610000000001
15368686715,21.4,0.008517206749732328,-0.01064650843716541,0.001064650843716541,-0.49050000000000005,1.1281500000000002,9.53532
15373737220,21.4,-0.012775810124598492,-0.05113814708343386,0.002129301687433082,-0.38259000000000004,1.10853,9.45684
15378787725,21.4,-0.03408628029144926,-0.0852244273748831,0.002129301687433082,-0.15696000000000002,1.01043,9.44703
15383838230,21.4,-0.05007349623971732,-0.10012953918691468,0.0,0.07848000000000001,0.87309,9.46665
15388888735,21.4,-0.05859070298944965,-0.08415977653116657,0.001064650843716541,0.28449,0.71613,9.5157
15393939240,21.4,-0.05965535383316618,-0.06178465552059926,0.002129301687433082,0.41202000000000005,0.52974,9.60399
15398989745,21.4,-0.05113814708343386,-0.033021629447732716,-0.003193952531149623,0.43164,0.44145,9.67266
15404040250,21.4,-0.03408628029144926,0.002129301687433082,0.0,0.40221,0.35316,9.84924
15409090755,21.4,-0.008517206749732328,0.04260348704118158,0.001064650843716541,0.21582,0.41202000000000005,9.87867
15414141260,21.4,0.014905111812031574,0.09267698328089889,0.0,0.02943,0.50031,10.006200000000002
15419191765,21.4,0.03621558197888234,0.11611675513518273,-0.003193952531149623,-0.21582,0.69651,9.98658
15424242270,21.4,0.0404741853537485,0.11824605682261582,-0.002129301687433082,-0.42183,0.84366,9.96696
15429292775,21.4,0.03089232776029963,0.09161233243718235,-0.001064650843716541,-0.6180300000000001,1.02024,9.86886
15434343280,21.4,0.02982767691658309,0.03728023282259888,0.003193952531149623,-0.69651,1.16739,9.86886
15439393785,21.4,0.004258603374866164,-0.01918116847941768,0.001064650843716541,-0.63765,1.15758,9.83943
15444444290,21.4,-0.023439771854283843,-0.06604325889546543,0.001064650843716541,-0.47088,1.04967,9.83943
15449494795,21.4,-0.046879543708567686,-0.10012953918691468,0.0,-0.23544,0.8142300000000001,9.87867
15454545300,21.4,-0.05859070298944965,-0.12144000935376545,0.001064650843716541,-0.039240000000000004,0.63765,9.79038
15459595805,21.4,-0.06817256058289851,-0.12676326357234816,-0.001064650843716541,0.22563,0.5493600000000001,9.74133
15464646310,21.4,-0.05539675045830002,-0.11079350091660004,-0.001064650843716541,0.51012,0.46107000000000004,9.760950000000001
15469696815,21.4,-0.028763026072866547,-0.06284930636431581,0.0,0.70632,0.51993,9.57456
15474747320,21.4,-0.00958185759344887,-0.006387905062299246,0.0,0.75537,0.57879,9.64323
15479797825,21.4,0.015987215948268057,0.04153883619746504,-0.003193952531149623,0.6768900000000001,0.6670800000000001,9.58437
15484848330,21.4,0.022375121010567305,0.08628907821859966,0.0,0.45126,0.65727,9.633420000000001
15489898835,21.4,0.020245819323134222,0.12569861272863161,-0.004258603374866164,0.14715,0.6768900000000001,9.65304
15494949340,21.4,0.023439771854283843,0.1374272253020335,-0.005323254218582705,-0.18639,0.80442,9.66285
15499999845,21.4,0.02663372438543347,0.1374272253020335,0.0,-0.47088,0.86328,9.760950000000001
15505050350,21.4,0.023439771854283843,0.10866419922916695,0.001064650843716541,-0.69651,0.9908100000000001,9.760950000000001
15510100855,21.4,0.013840460968315033,0.054332099614583476,0.0,-0.84366,1.05948,9.68247
15515151360,21.4,0.0,0.005323254218582705,-0.001064650843716541,-0.8338500000000001,1.08891,9.6138
15520201865,21.4,-0.015987215948268057,-0.039409534510031964,0.0,-0.71613,1.02024,9.60399
15525252370,21.4,-0.04153883619746504,-0.08096582400001695,-0.001064650843716541,-0.56898,0.94176,9.633420000000001
15530302875,21.4,-0.05859070298944965,-0.1097288500728835,0.0,-0.33354000000000006,0.8338500000000001,9.72171
15535353380,21.4,-0.07136651311404815,-0.12463396188491506,0.0,-0.06867000000000001,0.72594,9.751140000000001
15540403885,21.4,-0.07136651311404815,-0.11824605682261582,0.001064650843716541,0.17658,0.57879,9.86886
15545454390,21.4,-0.05646140130201656,-0.09906488834319814,0.0,0.40221,0.51012,9.84924
15550504895,21.4,-0.049008845396000776,-0.06284930636431581,0.0,0.5591700000000001,0.45126,9.888480000000001
15555555400,21.4,-0.03089232776029963,-0.033021629447732716,0.0,0.60822,0.41202000000000005,9.83943
15560605905,21.4,-0.014905111812031574,0.01064650843716541,0.0,0.5886,0.41202000000000005,9.85905
15565656410,21.4,0.0,0.05752605214573309,-0.003193952531149623,0.42183,0.48069000000000006,9.86886
15570706915,21.4,0.02663372438543347,0.08628907821859966,0.0,0.23544,0.63765,9.87867
15575757420,21.4,0.03408628029144926,0.10119419003063122,-0.001064650843716541,0.019620000000000002,0.8142300000000001,9.91791
15580807925,21.4,0.04153883619746504,0.09693558665576507,-0.001064650843716541,-0.13734000000000002,0.95157,9.86886
15585858430,21.4,0.039409534510031964,0.0756251164889143,0.001064650843716541,-0.30411,1.05948,9.770760000000001
15590908935,21.4,0.012775810124598492,0.05220279792715039,-0.001064650843716541,-0.38259000000000004,1.02024,9.68247
15595959440,21.4,-0.01064650843716541,0.0170518667919846,0.0,-0.44145,0.94176,9.6138
15601009945,21.4,-0.03515093113516579,-0.00958185759344887,-0.002129301687433082,-0.45126,0.80442,9.69228
15606060450,21.4,-0.04153883619746504,-0.039409534510031964,0.003193952531149623,-0.41202000000000005,0.6867000000000001,9.80019
15611110955,21.4,-0.04153883619746504,-0.05859070298944965,0.002129301687433082,-0.28449,0.6278400000000001,9.86886
15616161460,21.4,-0.031956978604016174,-0.07243116395776468,0.0,-0.18639,0.64746,9.83943
15621211965,21.4,-0.020245819323134222,-0.07990117315630041,0.0,0.06867000000000001,0.71613,9.72171
15626262470,21.4,-0.014905111812031574,-0.06284930636431581,0.0,0.26487,0.80442,9.60399
15631312975,21.4,-0.013840460968315033,-0.03621558197888234,-0.002129301687433082,0.44145,0.8142300000000001,9.45684
15636363480,21.4,-0.020245819323134222,-0.012775810124598492,0.0,0.47088,0.79461,9.43722
15641413985,21.4,-0.02982767691658309,0.011711159280881954,0.0,0.42183,0.6867000000000001,9.46665
15646464490,21.4,-0.031956978604016174,0.031956978604016174,0.0,0.31392000000000003,0.6180300000000001,9.58437
15651514995,21.4,-0.020245819323134222,0.054332099614583476,0.002129301687433082,0.12753,0.56898,9.72171
15656565500,21.4,-0.004258603374866164,0.06284930636431581,0.0,-0.05886,0.6180300000000001,9.72171
15661616005,21.4,0.001064650843716541,0.054332099614583476,-0.003193952531149623,-0.15696000000000002,0.7651800000000001,9.751140000000001
15666666510,21.4,0.00958185759344887,0.03728023282259888,-0.003193952531149623,-0.22563,0.94176,9.66285
15671717015,21.4,0.011711159280881954,0.028763026072866547,-0.001064650843716541,-0.1962,1.02024,9.65304
15676767520,21.4,-0.008517206749732328,0.022375121010567305,-0.001064650843716541,-0.23544,0.95157,9.57456
15681818025,21.4,-0.03515093113516579,0.014905111812031574,0.001064650843716541,-0.30411,0.80442,9.54513
15686868530,21.4,-0.05220279792715039,0.014905111812031574,0.0,-0.40221,0.63765,9.623610000000001
15691919035,21.4,-0.05113814708343386,0.013840460968315033,0.0,-0.44145,0.5395500000000001,9.81
15696969540,21.4,-0.03728023282259888,0.012775810124598492,0.0,-0.50031,0.51993,9.91791
15702020045,21.4,-0.01811651763570114,0.006387905062299246,0.001064650843716541,-0.5395500000000001,0.57879,9.92772
15707070550,21.4,-0.014905111812031574,0.002129301687433082,-0.002129301687433082,-0.51993,0.6670800000000001,9.91791
15712121055,21.4,-0.008517206749732328,-0.00958185759344887,-0.001064650843716541,-0.45126,0.79461,9.819809999999999
15717171560,21.4,-0.014905111812031574,-0.01918116847941768,0.001064650843716541,-0.37278,0.85347,9.84924
15722222065,21.4,-0.03515093113516579,-0.04260348704118158,-0.003193952531149623,-0.2943,0.8829,9.85905
15727272570,21.4,-0.039409534510031964,-0.06497860805174888,0.001064650843716541,-0.14715,0.8240400000000001,9.937529999999999
15732323075,21.4,-0.04581489286485115,-0.07883652231258387,-0.001064650843716541,0.009810000000000001,0.74556,10.03563
15737373580,21.4,-0.044732788728614664,-0.09161233243718235,0.002129301687433082,0.20601000000000003,0.70632,9.97677
15742424085,21.4,-0.04366813788489812,-0.09800023749948161,0.0,0.48069000000000006,0.5591700000000001,9.95715
15747474590,21.4,-0.054332099614583476,-0.08096582400001695,0.0,0.6670800000000001,0.38259000000000004,9.78057
15752525095,21.4,-0.044732788728614664,-0.03621558197888234,-0.001064650843716541,0.70632,0.40221,9.60399
15757575600,21.4,-0.020245819323134222,0.00958185759344887,0.0,0.69651,0.56898,9.64323
15762626105,21.4,0.008517206749732328,0.04366813788489812,0.0,0.60822,0.6278400000000001,9.79038
15767676610,21.4,0.0170518667919846,0.07777187146886733,-0.004258603374866164,0.44145,0.64746,9.83943
15772727115,21.4,0.0170518667919846,0.09693558665576507,-0.002129301687433082,0.15696000000000002,0.6768900000000001,9.67266
15777777620,21.4,0.021310470166850764,0.11079350091660004,-0.003193952531149623,-0.08829,0.75537,9.58437
15782828125,21.4,0.022375121010567305,0.12569861272863161,-0.002129301687433082,-0.31392000000000003,0.9319500000000001,9.58437
15787878630,21.4,0.01918116847941768,0.1171814059788993,0.0,-0.52974,1.00062,9.57456
15792929135,21.4,0.004258603374866164,0.07670722062515077,0.0,-0.70632,1.08891,9.50589
15797979640,21.4,-0.020245819323134222,0.024504422698000388,-0.003193952531149623,-0.75537,1.03986,9.5157
15803030145,21.4,-0.03515093113516579,-0.01064650843716541,0.0,-0.72594,0.87309,9.59418
15808080650,21.4,-0.06391395720803235,-0.03515093113516579,0.0,-0.6867000000000001,0.69651,9.633420000000001
15813131155,21.4,-0.06604325889546543,-0.06817256058289851,0.004258603374866164,-0.57879,0.65727,9.70209
15818181660,21.4,-0.060720004676882725,-0.10225884087434776,0.003193952531149623,-0.42183,0.63765,9.84924
15823232165,21.4,-0.060720004676882725,-0.12037535851004891,0.0,-0.13734000000000002,0.6278400000000001,9.937529999999999
15828282670,21.4,-0.05007349623971732,-0.11185815176031658,0.0,0.12753,0.6278400000000001,9.85905
15833333175,21.4,-0.044732788728614664,-0.07990117315630041,0.0,0.34335000000000004,0.5591700000000001,9.760950000000001
15838383680,21.4,-0.04581489286485115,-0.044732788728614664,0.0,0.46107000000000004,0.5493600000000001,9.73152
15843434185,21.4,-0.04153883619746504,-0.00958185759344887,0.0,0.49050000000000005,0.52974,9.760950000000001
15848484690,21.4,-0.033021629447732716,0.013840460968315033,0.0,0.42183,0.45126,9.89829
15853535195,21.4,-0.02663372438543347,0.028763026072866547,-0.002129301687433082,0.32373,0.46107000000000004,9.92772
15858585700,21.4,-0.011711159280881954,0.03621558197888234,0.0,0.21582,0.51012,9.95715
15863636205,21.4,0.001064650843716541,0.039409534510031964,0.0,0.12753,0.6670800000000001,9.908100000000001
15868686710,21.4,0.01064650843716541,0.031956978604016174,-0.001064650843716541,0.10791,0.84366,9.86886
15873737215,21.4,0.012775810124598492,0.02769837522915001,-0.003193952531149623,0.08829,0.87309,9.81
15878787720,21.4,-0.001064650843716541,0.03089232776029963,0.0,0.0,0.7749900000000001,9.64323
15883838225,21.4,-0.022375121010567305,0.046879543708567686,-0.002129301687433082,-0.08829,0.70632,9.496080000000001
15888888730,21.4,-0.02769837522915001,0.06604325889546543,0.0,-0.27468000000000004,0.6768900000000001,9.57456
15893939235,21.4,-0.02769837522915001,0.07456046564519776,0.0,-0.45126,0.57879,9.72171
15898989740,21.4,-0.01811651763570114,0.05007349623971732,-0.001064650843716541,-0.59841,0.6180300000000001,9.751140000000001
15904040245,21.4,-0.0170518667919846,0.01918116847941768,-0.003193952531149623,-0.5886,0.70632,9.72171
15909090750,21.4,-0.01064650843716541,-0.008517206749732328,0.0,-0.5886,0.8338500000000001,9.64323
15914141255,21.4,-0.008517206749732328,-0.02982767691658309,0.003193952531149623,-0.47088,0.9908100000000001,9.57456
15919191760,21.4,-0.02769837522915001,-0.05326744877086694,0.002129301687433082,-0.31392000000000003,1.02024,9.58437
15924242265,21.4,-0.05113814708343386,-0.09161233243718235,0.003193952531149623,-0.10791,0.9711900000000001,9.56475
15929292770,21.4,-0.07883652231258387,-0.12250466019748199,0.001064650843716541,0.16677000000000003,0.84366,9.633420000000001
15934343275,21.4,-0.08841837990603273,-0.12356931104119852,0.0,0.42183,0.6670800000000001,9.70209
15939393780,21.4,-0.09267698328089889,-0.07777187146886733,0.001064650843716541,0.6278400000000001,0.36297,9.78057
15944444285,21.4,-0.07883652231258387,-0.03621558197888234,0.001064650843716541,0.6180300000000001,0.16677000000000003,9.81
15949494790,21.4,-0.060720004676882725,0.003193952531149623,0.0,0.51012,0.05886,9.85905
15954545295,21.4,-0.03089232776029963,0.03834488366631542,-0.002129301687433082,0.38259000000000004,0.11772,9.94734
15959595800,21.4,0.008517206749732328,0.0852244273748831,-0.004258603374866164,0.1962,0.36297,9.92772
15964646305,21.4,0.03515093113516579,0.12356931104119852,0.001064650843716541,-0.009810000000000001,0.5886,10.05525
15969696810,21.4,0.044732788728614664,0.13849187614575004,-0.001064650843716541,-0.26487,0.8142300000000001,10.006200000000002
15974747315,21.4,0.04153883619746504,0.10545279340549739,0.0,-0.44145,1.0791000000000002,9.819809999999999
15979797820,21.4,0.021310470166850764,0.05646140130201656,0.0,-0.56898,1.20663,9.751140000000001
15984848325,21.4,-0.01064650843716541,0.001064650843716541,0.0,-0.5591700000000001,1.06929,9.6138
15989898830,21.4,-0.04794419455228423,-0.044732788728614664,-0.001064650843716541,-0.48069000000000006,0.9613800000000001,9.53532
15994949335,21.4,-0.06923721142661506,-0.06391395720803235,0.003193952531149623,-0.2943,0.73575,9.54513
15999999840,21.4,-0.08309512568745003,-0.07883652231258387,0.0,-0.15696000000000002,0.56898,9.69228
16005050345,21.4,-0.0852244273748831,-0.08735372906231618,0.0,-0.08829,0.3924,9.72171
16010100850,21.4,-0.07136651311404815,-0.07349581480148122,0.0,0.11772,0.33354000000000006,9.81
16015151355,21.4,-0.049008845396000776,-0.05965535383316618,0.0,0.24525000000000002,0.3924,9.78057
16020201860,21.4,-0.03089232776029963,-0.03621558197888234,0.0,0.35316,0.56898,9.74133
16025252365,21.4,-0.014905111812031574,-0.015987215948268057,0.0,0.45126,0.63765,9.73152
16030302870,21.4,-0.013840460968315033,-0.002129301687433082,0.0,0.47088,0.71613,9.65304
16035353375,21.4,-0.011711159280881954,0.020245819323134222,0.0,0.42183,0.74556,9.47646
16040403880,21.4,-0.01918116847941768,0.05646140130201656,0.0,0.34335000000000004,0.69651,9.53532
16045454385,21.4,-0.033021629447732716,0.08841837990603273,0.0,0.0981,0.57879,9.59418
16050504890,21.4,-0.028763026072866547,0.10119419003063122,0.0,-0.15696000000000002,0.56898,9.74133
16055555395,21.4,-0.024504422698000388,0.09587093581204853,0.0,-0.40221,0.5493600000000001,9.84924
16060605900,21.4,-0.021310470166850764,0.07990117315630041,0.0,-0.57879,0.5886,9.81
16065656405,21.4,-0.022375121010567305,0.03834488366631542,0.0,-0.64746,0.6768900000000001,9.86886
16070706910,21.4,-0.023439771854283843,-0.001064650843716541,0.0,-0.65727,0.7651800000000001,9.92772
16075757415,21.4,-0.023439771854283843,-0.054332099614583476,0.0,-0.51012,0.90252,9.84924
16080807920,21.4,-0.03728023282259888,-0.10545279340549739,0.0,-0.28449,0.9319500000000001,9.888480000000001
16085858425,21.4,-0.06497860805174888,-0.1352804703220805,0.0,0.04905,0.8240400000000001,9.87867
16090908930,21.4,-0.08628907821859966,-0.11611675513518273,0.0,0.32373,0.49050000000000005,9.81
16095959435,21.4,-0.08841837990603273,-0.07349581480148122,0.0,0.41202000000000005,0.20601000000000003,9.7119
16101009940,21.4,-0.08203047484373349,-0.01064650843716541,0.0,0.3924,0.07848000000000001,9.67266
16106060445,21.4,-0.05539675045830002,0.014905111812031574,0.0,0.31392000000000003,0.14715,9.819809999999999
16111110950,21.4,-0.0170518667919846,0.0170518667919846,0.0,0.2943,0.40221,9.97677
16116161455,21.4,0.012775810124598492,0.02769837522915001,0.0,0.28449,0.65727,10.006200000000002
16121211960,21.4,0.021310470166850764,0.04794419455228423,0.0,0.1962,0.79461,9.84924
16126262465,21.4,0.0170518667919846,0.054332099614583476,0.0,0.12753,0.84366,9.67266
16131312970,21.4,-0.003193952531149623,0.07136651311404815,0.0,0.0,0.79461,9.60399
16136363475,21.4,-0.020245819323134222,0.07670722062515077,0.0,-0.22563,0.69651,9.496080000000001
16141413980,21.4,-0.039409534510031964,0.06817256058289851,0.0,-0.37278,0.60822,9.42741
16146464485,21.4,-0.04366813788489812,0.046879543708567686,0.0,-0.46107000000000004,0.6278400000000001,9.54513
16151514990,21.4,-0.03834488366631542,0.013840460968315033,0.0,-0.50031,0.74556,9.64323
16156565495,21.4,-0.033021629447732716,-0.023439771854283843,0.0,-0.49050000000000005,0.86328,9.68247
16161616000,21.4,-0.03728023282259888,-0.06817256058289851,0.0,-0.28449,0.8829,9.78057
16166666505,21.4,-0.06284930636431581,-0.10119419003063122,0.0,-0.08829,0.7749900000000001,9.751140000000001
16171717010,21.4,-0.0852244273748831,-0.09587093581204853,0.0,0.08829,0.47088,9.7119
16176767515,21.4,-0.08948303074974927,-0.05752605214573309,0.0,0.20601000000000003,0.25506,9.69228
16181818020,21.4,-0.08309512568745003,-0.028763026072866547,0.0,0.18639,0.20601000000000003,9.72171
16186868525,21.4,-0.05965535383316618,-0.014905111812031574,0.0,0.18639,0.27468000000000004,9.87867
16191919030,21.4,-0.033021629447732716,-0.005323254218582705,0.0,0.25506,0.3924,9.98658
16196969535,21.4,-0.011711159280881954,0.006387905062299246,0.0,0.25506,0.60822,9.92772
16202020040,21.4,-0.006387905062299246,0.012775810124598492,0.0,0.27468000000000004,0.70632,9.92772
16207070545,21.4,-0.014905111812031574,0.031956978604016174,0.0,0.20601000000000003,0.6278400000000001,9.888480000000001
16212121050,21.4,-0.02769837522915001,0.05113814708343386,0.0,0.07848000000000001,0.49050000000000005,9.760950000000001
16217171555,21.4,-0.03408628029144926,0.05752605214573309,0.0,-0.08829,0.47088,9.760950000000001
16222222060,21.4,-0.031956978604016174,0.05539675045830002,0.0,-0.24525000000000002,0.46107000000000004,9.819809999999999
16227272565,21.4,-0.023439771854283843,0.03621558197888234,0.0,-0.31392000000000003,0.56898,9.81
16232323070,21.4,-0.01811651763570114,0.020245819323134222,0.0,-0.33354000000000006,0.71613,9.79038
16237373575,21.4,-0.015987215948268057,0.0,0.0,-0.25506,0.84366,9.760950000000001
16242424080,21.4,-0.028763026072866547,-0.03408628029144926,0.0,-0.17658,0.8240400000000001,9.66285
16247474585,21.4,-0.05220279792715039,-0.04153883619746504,0.0,-0.0981,0.64746,9.64323
16252525090,21.4,-0.06710790973918197,-0.03408628029144926,0.0,-0.05886,0.48069000000000006,9.60399
16257575595,21.4,-0.07243116395776468,-0.03515093113516579,0.0,-0.019620000000000002,0.43164,9.623610000000001
16262626100,21.4,-0.06497860805174888,-0.04153883619746504,0.0,0.06867000000000001,0.48069000000000006,9.751140000000001
16267676605,21.4,-0.04794419455228423,-0.0404741853537485,0.0,0.18639,0.51012,9.79038
16272727110,21.4,-0.04260348704118158,-0.03515093113516579,0.0,0.28449,0.5395500000000001,9.67266
16277777615,21.4,-0.04260348704118158,-0.01811651763570114,0.0,0.35316,0.5395500000000001,9.67266
16282828120,21.4,-0.04260348704118158,0.014905111812031574,0.0,0.34335000000000004,0.42183,9.73152
16287878625,21.4,-0.05326744877086694,0.03728023282259888,0.0,0.18639,0.3924,9.67266
16292929130,21.4,-0.046879543708567686,0.04794419455228423,0.0,0.009810000000000001,0.41202000000000005,9.87867
16297979635,21.4,-0.02663372438543347,0.046879543708567686,0.0,-0.04905,0.41202000000000005,9.937529999999999
16303030140,21.4,-0.02556907354171693,0.039409534510031964,0.0,-0.15696000000000002,0.49050000000000005,9.85905
16308080645,21.4,-0.015987215948268057,0.04366813788489812,0.0,-0.21582,0.60822,9.751140000000001
16313131150,21.4,-0.00958185759344887,0.054332099614583476,0.0,-0.2943,0.6670800000000001,9.760950000000001
16318181655,21.4,-0.02556907354171693,0.02556907354171693,0.0,-0.38259000000000004,0.71613,9.66285
16323232160,21.4,-0.04581489286485115,-0.013840460968315033,0.0,-0.33354000000000006,0.72594,9.7119
16328282665,21.4,-0.05646140130201656,-0.046879543708567686,0.0,-0.24525000000000002,0.65727,9.83943
16333333170,21.4,-0.07030186227033158,-0.06710790973918197,0.0,-0.12753,0.60822,9.79038
16338383675,21.4,-0.07349581480148122,-0.07030186227033158,0.0,0.02943,0.48069000000000006,9.83943
16343434180,21.4,-0.06604325889546543,-0.046879543708567686,0.005323254218582705,0.15696000000000002,0.33354000000000006,9.819809999999999
16348484685,21.4,-0.06604325889546543,-0.03408628029144926,0.0,0.17658,0.27468000000000004,9.68247
16353535190,21.4,-0.054332099614583476,-0.021310470166850764,0.0,0.25506,0.35316,9.69228
16358585695,21.4,-0.04794419455228423,0.002129301687433082,0.0,0.30411,0.38259000000000004,9.760950000000001
16363636200,21.4,-0.03834488366631542,0.011711159280881954,0.0,0.22563,0.48069000000000006,9.770760000000001
16368686705,21.4,-0.03089232776029963,0.021310470166850764,-0.004258603374866164,0.21582,0.56898,9.888480000000001
16373737210,21.4,-0.024504422698000388,0.04581489286485115,0.0,0.12753,0.51012,9.96696
16378787715,21.4,-0.02556907354171693,0.044732788728614664,-0.002129301687433082,-0.02943,0.50031,9.819809999999999
16383838220,21.4,-0.033021629447732716,0.04366813788489812,-0.002129301687433082,-0.11772,0.46107000000000004,9.760950000000001
16388888725,21.4,-0.033021629447732716,0.046879543708567686,0.0,-0.20601000000000003,0.41202000000000005,9.7119
16393939230,21.4,-0.039409534510031964,0.02556907354171693,0.002129301687433082,-0.30411,0.5591700000000001,9.58437
16398989735,21.4,-0.03515093113516579,0.006387905062299246,0.0,-0.26487,0.74556,9.64323
16404040240,21.4,-0.033021629447732716,-0.005323254218582705,0.0,-0.18639,0.7749900000000001,9.82962
16409090745,21.4,-0.04794419455228423,-0.02556907354171693,-0.001064650843716541,-0.14715,0.69651,9.80019
16414141250,21.4,-0.06391395720803235,-0.03834488366631542,0.0,-0.06867000000000001,0.47088,9.760950000000001
16419191755,21.4,-0.07670722062515077,-0.03728023282259888,0.0,-0.05886,0.23544,9.74133
16424242260,21.4,-0.0852244273748831,-0.04366813788489812,0.001064650843716541,-0.009810000000000001,0.22563,9.60399
16429292765,21.4,-0.06391395720803235,-0.033021629447732716,0.0,0.07848000000000001,0.35316,9.72171
16434343270,21.4,-0.04153883619746504,-0.005323254218582705,0.003193952531149623,0.17658,0.46107000000000004,9.78057
16439393775,21.4,-0.033021629447732716,-0.004258603374866164,-0.002129301687433082,0.21582,0.60822,9.74133
16444444280,21.4,-0.028763026072866547,0.003193952531149623,-0.003193952531149623,0.24525000000000002,0.6180300000000001,9.80019
16449494785,21.4,-0.0404741853537485,0.015987215948268057,0.004258603374866164,0.17658,0.48069000000000006,9.770760000000001
16454545290,21.4,-0.06284930636431581,0.01064650843716541,-0.001064650843716541,0.04905,0.38259000000000004,9.623610000000001
16459595795,21.4,-0.06391395720803235,0.01918116847941768,-0.001064650843716541,0.02943,0.34335000000000004,9.760950000000001
16464646300,21.4,-0.054332099614583476,0.03515093113516579,0.003193952531149623,-0.05886,0.24525000000000002,9.888480000000001
16469696805,21.4,-0.04366813788489812,0.03089232776029963,0.0,-0.12753,0.3924,9.89829
16474747310,21.4,-0.021310470166850764,0.014905111812031574,-0.001064650843716541,-0.14715,0.50031,9.86886
16479797815,21.4,-0.01918116847941768,-0.001064650843716541,0.001064650843716541,-0.12753,0.60822,9.83943
16484848320,21.4,-0.03408628029144926,-0.021310470166850764,0.001064650843716541,-0.06867000000000001,0.63765,9.69228
16489898825,21.4,-0.049008845396000776,-0.01064650843716541,0.001064650843716541,0.0,0.5395500000000001,9.751140000000001
16494949330,21.4,-0.06817256058289851,-0.001064650843716541,0.004258603374866164,-0.02943,0.37278,9.72171
16499999835,21.4,-0.07243116395776468,-0.014905111812031574,0.0,-0.0981,0.36297,9.751140000000001
16505050340,21.4,-0.05859070298944965,-0.021310470166850764,0.002129301687433082,-0.019620000000000002,0.33354000000000006,9.888480000000001
16510100845,21.4,-0.04581489286485115,-0.02663372438543347,0.001064650843716541,0.04905,0.3924,9.819809999999999
16515151350,21.4,-0.039409534510031964,-0.02556907354171693,-0.002129301687433082,0.14715,0.51012,9.69228
16520201855,21.4,-0.03621558197888234,-0.003193952531149623,-0.001064650843716541,0.1962,0.51993,9.68247
16525252360,21.4,-0.04260348704118158,0.005323254218582705,0.004258603374866164,0.18639,0.51012,9.623610000000001
16530302865,21.4,-0.054332099614583476,-0.001064650843716541,-0.002129301687433082,0.15696000000000002,0.49050000000000005,9.66285
16535353370,21.4,-0.06497860805174888,0.005323254218582705,-0.001064650843716541,0.15696000000000002,0.36297,9.80019
16540403875,21.4,-0.060720004676882725,0.014905111812031574,-0.003193952531149623,0.039240000000000004,0.25506,9.819809999999999
16545454380,21.4,-0.054332099614583476,0.02982767691658309,0.0,-0.019620000000000002,0.21582,9.84924
16550504885,21.4,-0.03728023282259888,0.04153883619746504,0.0,-0.10791,0.27468000000000004,9.84924
16555555390,21.4,-0.024504422698000388,0.03408628029144926,0.001064650843716541,-0.20601000000000003,0.41202000000000005,9.79038
16560605895,21.4,-0.02769837522915001,0.01918116847941768,0.001064650843716541,-0.20601000000000003,0.5493600000000001,9.69228
16565656400,21.4,-0.03089232776029963,0.005323254218582705,0.0,-0.15696000000000002,0.59841,9.74133
16570706905,21.4,-0.049008845396000776,-0.002129301687433082,0.002129301687433082,-0.18639,0.59841,9.74133
16575757410,21.4,-0.060720004676882725,-0.007452555906015787,0.0,-0.15696000000000002,0.50031,9.770760000000001
16580807915,21.4,-0.06817256058289851,-0.022375121010567305,0.001064650843716541,-0.15696000000000002,0.38259000000000004,9.819809999999999
16585858420,21.4,-0.07243116395776468,-0.04260348704118158,0.0,-0.06867000000000001,0.32373,9.760950000000001
16590908925,21.4,-0.07349581480148122,-0.060720004676882725,0.002129301687433082,0.04905,0.2943,9.78057
16595959430,21.4,-0.06923721142661506,-0.05113814708343386,-0.001064650843716541,0.17658,0.32373,9.751140000000001
16601009935,21.4,-0.05539675045830002,-0.022375121010567305,0.001064650843716541,0.26487,0.32373,9.69228
16606060440,21.4,-0.05007349623971732,0.0,0.002129301687433082,0.28449,0.40221,9.67266
16611110945,21.4,-0.049008845396000776,0.007452555906015787,0.0,0.25506,0.38259000000000004,9.79038
16616161450,21.4,-0.05859070298944965,0.014905111812031574,-0.002129301687433082,0.20601000000000003,0.26487,9.85905
16621211955,21.4,-0.05752605214573309,0.01918116847941768,-0.002129301687433082,0.10791,0.27468000000000004,9.819809999999999
16626262460,21.4,-0.04581489286485115,0.03408628029144926,0.0,0.05886,0.21582,9.89829
16631312965,21.4,-0.03621558197888234,0.04260348704118158,0.0,-0.02943,0.27468000000000004,9.84924
16636363470,21.4,-0.02769837522915001,0.03408628029144926,0.0,-0.12753,0.41202000000000005,9.81
16641413975,21.4,-0.031956978604016174,0.02556907354171693,-0.001064650843716541,-0.11772,0.47088,9.751140000000001
16646464480,21.4,-0.033021629447732716,0.007452555906015787,0.0,-0.15696000000000002,0.60822,9.64323
16651514985,21.4,-0.044732788728614664,-0.0,-0.002129301687433082,-0.13734000000000002,0.5886,9.74133
16656565490,21.4,-0.05646140130201656,-0.004258603374866164,0.003193952531149623,-0.13734000000000002,0.43164,9.79038
16661615995,21.4,-0.07456046564519776,-0.014905111812031574,0.001064650843716541,-0.13734000000000002,0.30411,9.72171
16666666500,21.4,-0.07990117315630041,-0.031956978604016174,0.0,-0.0981,0.21582,9.79038
16671717005,21.4,-0.07243116395776468,-0.039409534510031964,-0.001064650843716541,-0.06867000000000001,0.25506,9.79038
16676767510,21.4,-0.05646140130201656,-0.04153883619746504,0.0,0.06867000000000001,0.34335000000000004,9.70209
16681818015,21.4,-0.049008845396000776,-0.02982767691658309,-0.001064650843716541,0.1962,0.46107000000000004,9.751140000000001
16686868520,21.4,-0.046879543708567686,-0.012775810124598492,0.002129301687433082,0.24525000000000002,0.41202000000000005,9.770760000000001
16691919025,21.4,-0.05646140130201656,-0.004258603374866164,0.0,0.25506,0.31392000000000003,9.65304
16696969530,21.4,-0.07030186227033158,0.004258603374866164,0.0,0.20601000000000003,0.20601000000000003,9.72171
16702020035,21.4,-0.07030186227033158,0.01811651763570114,0.0,0.10791,0.16677000000000003,9.81
16707070540,21.4,-0.05646140130201656,0.02769837522915001,-0.002129301687433082,0.019620000000000002,0.21582,9.86886
16712121045,21.4,-0.04260348704118158,0.023439771854283843,-0.001064650843716541,0.009810000000000001,0.31392000000000003,10.01601
16717171550,21.4,-0.028763026072866547,0.012775810124598492,0.0,0.0,0.36297,9.95715
16722222055,21.4,-0.03408628029144926,0.005323254218582705,0.0,0.0,0.36297,9.78057
16727272560,21.4,-0.044732788728614664,0.007452555906015787,0.0,-0.019620000000000002,0.42183,9.66285
16732323065,21.4,-0.05220279792715039,0.011711159280881954,0.0,-0.05886,0.44145,9.65304
16737373570,21.4,-0.06284930636431581,0.008517206749732328,0.001064650843716541,-0.04905,0.38259000000000004,9.80019
16742424075,21.4,-0.06391395720803235,-0.011711159280881954,0.0,-0.06867000000000001,0.2943,9.91791
16747474580,21.4,-0.06923721142661506,-0.02556907354171693,0.0,-0.019620000000000002,0.20601000000000003,9.86886
16752525085,21.4,-0.06284930636431581,-0.03089232776029963,0.0,0.0,0.18639,9.770760000000001
16757575590,21.4,-0.05220279792715039,-0.0170518667919846,-0.001064650843716541,0.05886,0.24525000000000002,9.7119
16762626095,21.4,-0.046879543708567686,0.004258603374866164,0.0,0.08829,0.34335000000000004,9.70209
16767676600,21.4,-0.05220279792715039,0.002129301687433082,-0.002129301687433082,0.0981,0.37278,9.68247
16772727105,21.4,-0.05752605214573309,-0.0,-0.002129301687433082,0.07848000000000001,0.30411,9.78057
16777777610,21.4,-0.06178465552059926,0.003193952531149623,0.002129301687433082,0.04905,0.25506,9.770760000000001
16782828115,21.4,-0.05859070298944965,0.004258603374866164,0.0,0.0,0.26487,9.770760000000001
16787878620,21.4,-0.05326744877086694,0.00958185759344887,0.001064650843716541,0.009810000000000001,0.28449,9.91791
16792929125,21.4,-0.05007349623971732,0.002129301687433082,0.0,0.0,0.27468000000000004,9.89829
16797979630,21.4,-0.05007349623971732,-0.01064650843716541,0.0,0.039240000000000004,0.24525000000000002,9.760950000000001
16803030135,21.4,-0.05646140130201656,-0.006387905062299246,0.0,0.07848000000000001,0.26487,9.74133
16808080640,21.4,-0.05007349623971732,-0.002129301687433082,0.0,0.07848000000000001,0.30411,9.57456
16813131145,21.4,-0.05220279792715039,0.002129301687433082,0.001064650843716541,0.10791,0.38259000000000004,9.66285
16818181650,21.4,-0.05752605214573309,0.007452555906015787,0.0,0.06867000000000001,0.35316,9.84924
16823232155,21.4,-0.05965535383316618,0.0,0.001064650843716541,0.04905,0.25506,9.819809999999999
16828282660,21.4,-0.06923721142661506,-0.008517206749732328,0.0,0.039240000000000004,0.16677000000000003,9.81
16833333165,21.4,-0.06178465552059926,-0.005323254218582705,0.0,0.0,0.13734000000000002,9.74133
16838383670,21.4,-0.05326744877086694,-0.001064650843716541,0.001064650843716541,0.0,0.20601000000000003,9.7119
16843434175,21.4,-0.049008845396000776,0.004258603374866164,0.001064650843716541,0.02943,0.32373,9.72171
16848484680,21.4,-0.05539675045830002,0.003193952531149623,0.0,0.07848000000000001,0.34335000000000004,9.80019
16853535185,21.4,-0.060720004676882725,0.0,0.0,0.039240000000000004,0.26487,9.79038
16858585690,21.4,-0.06710790973918197,0.0,0.0,0.009810000000000001,0.20601000000000003,9.80019
16863636195,21.4,-0.06284930636431581,0.001064650843716541,0.0,0.0,0.15696000000000002,9.888480000000001
16868686700,21.4,-0.06391395720803235,-0.002129301687433082,0.0,0.0,0.14715,9.92772
16873737205,21.4,-0.05965535383316618,-0.007452555906015787,0.0,0.019620000000000002,0.17658,9.89829
16878787710,21.4,-0.05113814708343386,-0.007452555906015787,0.0,0.04905,0.17658,9.86886
16883838215,21.4,-0.054332099614583476,0.001064650843716541,0.0,0.039240000000000004,0.18639,9.72171
16888888720,21.4,-0.05007349623971732,0.005323254218582705,0.0,0.039240000000000004,0.30411,9.68247
16893939225,21.4,-0.044732788728614664,0.0,0.0,0.07848000000000001,0.35316,9.770760000000001
16898989730,21.4,-0.05859070298944965,-0.003193952531149623,0.0,0.07848000000000001,0.36297,9.79038
16904040235,21.4,-0.06391395720803235,-0.007452555906015787,0.0,0.10791,0.25506,9.770760000000001
16909090740,21.4,-0.06817256058289851,-0.002129301687433082,0.0,0.10791,0.11772,9.81
16914141245,21.4,-0.07243116395776468,0.00958185759344887,0.0,0.04905,0.039240000000000004,9.69228
16919191750,21.4,-0.06391395720803235,0.008517206749732328,0.0,-0.009810000000000001,0.05886,9.751140000000001
16924242255,21.4,-0.05326744877086694,-0.003193952531149623,0.0,0.0,0.18639,9.80019
16929292760,21.4,-0.05007349623971732,-0.01064650843716541,0.0,0.08829,0.30411,9.751140000000001
16934343265,21.4,-0.049008845396000776,-0.003193952531149623,0.0,0.08829,0.2943,9.81
16939393770,21.4,-0.054332099614583476,0.01064650843716541,0.0,0.06867000000000001,0.20601000000000003,9.85905
16944444275,21.4,-0.05965535383316618,0.011711159280881954,0.0,0.009810000000000001,0.12753,9.78057
16949494780,21.4,-0.06497860805174888,0.0,0.0,-0.02943,0.10791,9.82962
16954545285,21.4,-0.06391395720803235,-0.01064650843716541,0.0,-0.019620000000000002,0.14715,9.83943
16959595790,21.4,-0.060720004676882725,-0.014905111812031574,0.0,0.04905,0.15696000000000002,9.80019
16964646295,21.4,-0.05539675045830002,-0.007452555906015787,0.0,0.10791,0.1962,9.770760000000001
16969696800,21.4,-0.05539675045830002,0.002129301687433082,0.0,0.12753,0.20601000000000003,9.770760000000001
16974747305,21.4,-0.05752605214573309,0.004258603374866164,0.0,0.0981,0.23544,9.68247
16979797810,21.4,-0.060720004676882725,-0.00958185759344887,0.0,0.0981,0.2943,9.74133
16984848315,21.4,-0.06391395720803235,-0.014905111812031574,0.0,0.15696000000000002,0.20601000000000003,9.81
16989898820,21.4,-0.07243116395776468,0.001064650843716541,0.0,0.16677000000000003,0.05886,9.81
16994949325,21.4,-0.06923721142661506,0.011711159280881954,0.0,0.05886,0.039240000000000004,9.81
16999999830,21.4,-0.05965535383316618,0.01811651763570114,0.0,-0.009810000000000001,0.05886,9.86886
17005050335,21.4,-0.054332099614583476,0.011711159280881954,0.0,-0.019620000000000002,0.07848000000000001,9.81
17010100840,21.4,-0.04794419455228423,-0.002129301687433082,0.0,0.0,0.20601000000000003,9.81
17015151345,21.4,-0.049008845396000776,-0.00958185759344887,0.0,0.04905,0.26487,9.85905
17020201850,21.4,-0.05646140130201656,-0.006387905062299246,0.0,0.07848000000000001,0.24525000000000002,9.85905
17025252355,21.4,-0.05859070298944965,-0.002129301687433082,0.0,0.08829,0.14715,9.84924
17030302860,21.4,-0.06391395720803235,0.005323254218582705,0.0,0.039240000000000004,0.04905,9.83943
17035353365,21.4,-0.06604325889546543,-0.001064650843716541,0.0,0.009810000000000001,0.039240000000000004,9.760950000000001
17040403870,21.4,-0.05965535383316618,-0.008517206749732328,0.0,0.02943,0.05886,9.79038
17045454375,21.4,-0.05646140130201656,-0.006387905062299246,0.0,0.08829,0.11772,9.760950000000001
17050504880,21.4,-0.04794419455228423,-0.007452555906015787,0.0,0.11772,0.21582,9.7119
17055555385,21.4,-0.04366813788489812,-0.004258603374866164,0.0,0.16677000000000003,0.27468000000000004,9.760950000000001
17060605890,21.4,-0.054332099614583476,0.0,0.0,0.12753,0.23544,9.78057
17065656395,21.4,-0.06391395720803235,0.003193952531149623,0.0,0.10791,0.07848000000000001,9.7119
17070706900,21.4,-0.07883652231258387,0.005323254218582705,0.0,0.05886,0.0,9.80019
17075757405,21.4,-0.0756251164889143,0.005323254218582705,0.0,0.009810000000000001,-0.039240000000000004,9.84924
17080807910,21.4,-0.06497860805174888,0.004258603374866164,0.0,0.009810000000000001,0.009810000000000001,9.770760000000001
17085858415,21.4,-0.04794419455228423,-0.003193952531149623,0.0,0.05886,0.0981,9.81
17090908920,21.4,-0.03834488366631542,-0.001064650843716541,0.0,0.05886,0.20601000000000003,9.83943
17095959425,21.4,-0.049008845396000776,0.002129301687433082,0.0,0.0981,0.17658,9.83943
17101009930,21.4,-0.05752605214573309,0.007452555906015787,0.0,0.05886,0.10791,9.79038
17106060435,21.4,-0.06817256058289851,0.002129301687433082,0.0,0.019620000000000002,0.06867000000000001,9.7119
17111110940,21.4,-0.07349581480148122,-0.007452555906015787,0.0,0.039240000000000004,0.07848000000000001,9.770760000000001
17116161445,21.4,-0.06178465552059926,-0.022375121010567305,0.0,0.04905,0.13734000000000002,9.81
17121211950,21.4,-0.05646140130201656,-0.0170518667919846,0.0,0.13734000000000002,0.14715,9.81
17126262455,21.4,-0.05859070298944965,-0.005323254218582705,0.0,0.20601000000000003,0.07848000000000001,9.819809999999999
17131312960,21.4,-0.05965535383316618,0.006387905062299246,0.0,0.13734000000000002,0.039240000000000004,9.69228
17136363465,21.4,-0.05965535383316618,0.014905111812031574,0.0,0.10791,0.02943,9.69228
17141413970,21.4,-0.06497860805174888,0.012775810124598492,0.0,0.04905,0.05886,9.73152
17146464475,21.4,-0.06710790973918197,0.002129301687433082,0.0,0.06867000000000001,0.05886,9.85905
17151514980,21.4,-0.060720004676882725,-0.002129301687433082,0.0,0.06867000000000001,0.05886,9.908100000000001
17156565485,21.4,-0.05539675045830002,-0.003193952531149623,0.0,0.04905,0.07848000000000001,9.937529999999999
17161615990,21.4,-0.05113814708343386,0.003193952531149623,0.0,0.04905,0.04905,9.95715
17166666495,21.4,-0.054332099614583476,0.006387905062299246,0.0,0.05886,0.0,9.819809999999999
17171717000,21.4,-0.06391395720803235,0.001064650843716541,0.0,0.009810000000000001,-0.019620000000000002,9.73152
17176767505,21.4,-0.06604325889546543,-0.003193952531149623,0.0,0.02943,0.0,9.760950000000001
17181818010,21.4,-0.06497860805174888,0.0,0.0,0.02943,0.05886,9.81
17186868515,21.4,-0.05539675045830002,-0.00958185759344887,0.0,0.07848000000000001,0.14715,9.85905
17191919020,21.4,-0.04581489286485115,-0.023439771854283843,0.0,0.12753,0.17658,9.937529999999999
17196969525,21.4,-0.05220279792715039,-0.02556907354171693,0.0,0.22563,0.08829,9.908100000000001
17202020030,21.4,-0.060720004676882725,-0.012775810124598492,0.0,0.20601000000000003,-0.02943,9.74133
17207070535,21.4,-0.07136651311404815,0.007452555906015787,0.0,0.1962,-0.04905,9.68247
17212121040,21.4,-0.06604325889546543,0.023439771854283843,0.0,0.15696000000000002,-0.019620000000000002,9.70209
17217171545,21.4,-0.06923721142661506,0.02769837522915001,0.0,0.11772,0.0,9.80019
17222222050,21.4,-0.05646140130201656,0.007452555906015787,0.0,0.06867000000000001,-0.019620000000000002,9.80019
17227272555,21.4,-0.05220279792715039,-0.008517206749732328,0.0,0.039240000000000004,0.05886,9.79038
17232323060,21.4,-0.04794419455228423,-0.015987215948268057,0.0,0.07848000000000001,0.06867000000000001,9.86886
17237373565,21.4,-0.04794419455228423,-0.01064650843716541,0.0,0.11772,-0.019620000000000002,9.99639
17242424070,21.4,-0.06284930636431581,0.0,0.0,0.0981,0.019620000000000002,9.888480000000001
17247474575,21.4,-0.06497860805174888,0.011711159280881954,0.0,0.07848000000000001,-0.039240000000000004,9.79038
17252525080,21.4,-0.06497860805174888,0.021310470166850764,0.0,0.04905,0.019620000000000002,9.760950000000001
17257575585,21.4,-0.05859070298944965,0.022375121010567305,0.0,0.05886,-0.009810000000000001,9.623610000000001
17262626090,21.4,-0.05539675045830002,0.005323254218582705,0.0,-0.009810000000000001,0.0,9.70209
17267676595,21.4,-0.04794419455228423,-0.011711159280881954,0.0,-0.009810000000000001,0.009810000000000001,9.770760000000001
17272727100,21.4,-0.05007349623971732,-0.03728023282259888,0.0,0.07848000000000001,0.04905,9.83943
17277777605,21.4,-0.05859070298944965,-0.046879543708567686,0.0,0.15696000000000002,0.02943,9.937529999999999
17282828110,21.4,-0.06604325889546543,-0.03408628029144926,0.0,0.22563,-0.02943,9.94734
17287878615,21.4,-0.06497860805174888,-0.003193952531149623,0.0,0.27468000000000004,-0.04905,9.7119
17292929120,21.4,-0.06284930636431581,0.01811651763570114,0.0,0.25506,-0.02943,9.72171
17297979625,21.4,-0.06178465552059926,0.02982767691658309,0.0,0.16677000000000003,-0.039240000000000004,9.7119
17303030130,21.4,-0.06391395720803235,0.03515093113516579,0.0,0.10791,-0.02943,9.70209
17308080635,21.4,-0.06284930636431581,0.02769837522915001,0.0,0.019620000000000002,-0.04905,9.81
17313131140,21.4,-0.06604325889546543,0.00958185759344887,0.0,-0.04905,-0.039240000000000004,9.95715
17318181645,21.4,-0.06604325889546543,-0.015987215948268057,0.0,-0.019620000000000002,-0.05886,9.99639
17323232150,21.4,-0.05965535383316618,-0.05220279792715039,0.0,0.05886,-0.06867000000000001,10.03563
17328282655,21.4,-0.05539675045830002,-0.06604325889546543,0.0,0.22563,-0.05886,9.908100000000001
17333333160,21.4,-0.054332099614583476,-0.039409534510031964,0.0,0.34335000000000004,-0.07848000000000001,9.74133
17338383665,21.4,-0.049008845396000776,0.003193952531149623,0.0,0.37278,-0.07848000000000001,9.74133
17343434170,21.4,-0.05859070298944965,0.0404741853537485,0.0,0.34335000000000004,-0.05886,9.7119
17348484675,21.4,-0.06178465552059926,0.06284930636431581,0.0,0.17658,-0.05886,9.751140000000001
17353535180,21.4,-0.06497860805174888,0.06178465552059926,0.0,0.0,-0.07848000000000001,9.86886
17358585685,21.4,-0.05646140130201656,0.03834488366631542,0.0,-0.05886,-0.019620000000000002,9.84924
17363636190,21.4,-0.05113814708343386,-0.003193952531149623,0.0,-0.07848000000000001,-0.05886,9.87867
17368686695,21.4,-0.044732788728614664,-0.02982767691658309,0.0,-0.02943,-0.05886,9.85905
17373737200,21.4,-0.0404741853537485,-0.049008845396000776,0.0,0.0981,-0.02943,9.770760000000001
17378787705,21.4,-0.05007349623971732,-0.05007349623971732,0.0,0.21582,-0.019620000000000002,9.68247
17383838210,21.4,-0.054332099614583476,-0.03408628029144926,0.0,0.32373,-0.039240000000000004,9.751140000000001
17388888715,21.4,-0.06284930636431581,-0.008517206749732328,0.0,0.27468000000000004,-0.08829,9.760950000000001
17393939220,21.4,-0.06604325889546543,0.01064650843716541,0.0,0.2943,-0.02943,9.770760000000001
17398989725,21.4,-0.06710790973918197,0.01811651763570114,0.0,0.22563,-0.039240000000000004,9.91791
17404040230,21.4,-0.06178465552059926,0.03408628029144926,0.0,0.14715,-0.14715,10.03563
17409090735,21.4,-0.05220279792715039,0.04794419455228423,0.0,0.05886,-0.13734000000000002,9.85905
17414141240,21.4,-0.05859070298944965,0.05539675045830002,0.0,-0.039240000000000004,-0.05886,9.81
17419191745,21.4,-0.06497860805174888,0.044732788728614664,0.0,-0.17658,-0.13734000000000002,9.78057
17424242250,21.4,-0.06497860805174888,0.028763026072866547,0.0,-0.22563,-0.18639,9.60399
17429292755,21.4,-0.06284930636431581,-0.002129301687433082,0.0,-0.1962,-0.05886,9.57456
17434343260,21.4,-0.049008845396000776,-0.0404741853537485,0.0,-0.16677000000000003,-0.039240000000000004,9.67266
17439393765,21.4,-0.04260348704118158,-0.06817256058289851,0.0,-0.02943,-0.12753,9.85905
17444444270,21.4,-0.04153883619746504,-0.08948303074974927,0.0,0.14715,-0.0981,9.89829
17449494775,21.4,-0.05113814708343386,-0.09480628496833199,0.0,0.37278,0.02943,9.908100000000001
17454545280,21.4,-0.054332099614583476,-0.07990117315630041,0.0,0.5591700000000001,-0.13734000000000002,9.97677
17459595785,21.4,-0.07136651311404815,-0.031956978604016174,0.0,0.6867000000000001,-0.08829,9.751140000000001
17464646290,21.4,-0.07670722062515077,0.007452555906015787,0.0,0.63765,-0.13734000000000002,9.73152
17469696795,21.4,-0.05859070298944965,0.04153883619746504,0.0,0.5493600000000001,-0.21582,9.89829
17474747300,21.4,-0.05859070298944965,0.07670722062515077,0.0,0.42183,-0.1962,9.97677
17479797805,21.4,-0.05965535383316618,0.09480628496833199,0.0,0.18639,-0.20601000000000003,10.143540000000002
17484848310,21.4,-0.05646140130201656,0.10332349171806432,0.0,-0.08829,-0.1962,10.03563
17489898815,21.4,-0.060720004676882725,0.10119419003063122,0.0,-0.25506,-0.21582,9.86886
17494949320,21.4,-0.060720004676882725,0.08415977653116657,0.0,-0.40221,-0.18639,9.73152
17499999825,21.4,-0.044732788728614664,0.04794419455228423,0.0,-0.51012,-0.16677000000000003,9.60399
17505050330,21.4,-0.03515093113516579,0.0,0.0,-0.52974,-0.13734000000000002,9.59418
17510100835,21.4,-0.03621558197888234,-0.046879543708567686,0.0,-0.43164,-0.0981,9.65304
17515151340,21.4,-0.03408628029144926,-0.08096582400001695,0.0,-0.31392000000000003,-0.10791,9.760950000000001
17520201845,21.4,-0.04366813788489812,-0.10119419003063122,0.0,-0.0981,-0.11772,9.79038
17525252350,21.4,-0.04260348704118158,-0.10225884087434776,0.0,0.13734000000000002,-0.07848000000000001,9.80019
17530302855,21.4,-0.04794419455228423,-0.09161233243718235,0.0,0.34335000000000004,-0.07848000000000001,9.81
17535353360,21.4,-0.04794419455228423,-0.08309512568745003,0.0,0.48069000000000006,-0.039240000000000004,9.87867
17540403865,21.4,-0.044732788728614664,-0.05752605214573309,0.0,0.6768900000000001,-0.06867000000000001,9.83943
17545454370,21.4,-0.06497860805174888,-0.008517206749732328,0.0,0.69651,-0.13734000000000002,9.92772
17550504875,21.4,-0.05859070298944965,0.0170518667919846,0.0,0.64746,-0.20601000000000003,9.66285
17555555380,21.4,-0.07136651311404815,0.05326744877086694,0.0,0.50031,-0.15696000000000002,9.86886
17560605885,21.4,-0.07030186227033158,0.06497860805174888,0.0,0.37278,-0.25506,9.91791
17565656390,21.4,-0.06710790973918197,0.07030186227033158,0.0,0.1962,-0.20601000000000003,10.045440000000001
17570706895,21.4,-0.06710790973918197,0.0756251164889143,0.0,0.039240000000000004,-0.26487,10.006200000000002
17575757400,21.4,-0.05326744877086694,0.07136651311404815,0.0,-0.11772,-0.26487,9.91791
17580807905,21.4,-0.049008845396000776,0.05326744877086694,0.0,-0.24525000000000002,-0.1962,9.73152
17585858410,21.4,-0.04794419455228423,0.033021629447732716,0.0,-0.30411,-0.24525000000000002,9.760950000000001
17590908915,21.4,-0.046879543708567686,0.001064650843716541,0.0,-0.30411,-0.24525000000000002,9.68247
17595959420,21.4,-0.04794419455228423,-0.015987215948268057,0.0,-0.24525000000000002,-0.22563,9.70209
17601009925,21.4,-0.03621558197888234,-0.03621558197888234,0.0,-0.20601000000000003,-0.1962,9.83943
17606060430,21.4,-0.03408628029144926,-0.05220279792715039,0.0,-0.13734000000000002,-0.20601000000000003,9.81
17611110935,21.4,-0.02982767691658309,-0.06391395720803235,0.0,0.02943,-0.17658,9.83943
17616161440,21.4,-0.03728023282259888,-0.06391395720803235,0.0,0.14715,-0.15696000000000002,9.888480000000001
17621211945,21.4,-0.03621558197888234,-0.05007349623971732,0.0,0.28449,-0.16677000000000003,9.770760000000001
17626262450,21.4,-0.04153883619746504,-0.023439771854283843,0.0,0.35316,-0.13734000000000002,9.751140000000001
17631312955,21.4,-0.04366813788489812,-0.003193952531149623,0.0,0.36297,-0.11772,9.72171
17636363460,21.4,-0.049008845396000776,0.008517206749732328,0.0,0.35316,-0.14715,9.80019
17641413965,21.4,-0.05220279792715039,0.024504422698000388,0.0,0.28449,-0.17658,9.82962
17646464470,21.4,-0.05539675045830002,0.03089232776029963,0.0,0.20601000000000003,-0.17658,9.89829
17651514975,21.4,-0.05965535383316618,0.04366813788489812,0.0,0.13734000000000002,-0.18639,9.82962
17656565480,21.4,-0.05646140130201656,0.04794419455228423,0.0,-0.009810000000000001,-0.21582,9.82962
17661615985,21.4,-0.05539675045830002,0.03089232776029963,0.0,-0.04905,-0.23544,9.760950000000001
17666666490,21.4,-0.05965535383316618,0.007452555906015787,0.0,-0.04905,-0.22563,9.70209
17671716995,21.4,-0.05859070298944965,-0.005323254218582705,0.0,-0.039240000000000004,-0.21582,9.69228
17676767500,21.4,-0.054332099614583476,-0.021310470166850764,0.0,0.0,-0.20601000000000003,9.72171
17681818005,21.4,-0.049008845396000776,-0.03515093113516579,0.0,0.04905,-0.20601000000000003,9.74133
17686868510,21.4,-0.05752605214573309,-0.05220279792715039,0.0,0.15696000000000002,-0.22563,9.79038
17691919015,21.4,-0.05646140130201656,-0.07030186227033158,0.0,0.32373,-0.25506,9.85905
17696969520,21.4,-0.05113814708343386,-0.06391395720803235,0.0,0.46107000000000004,-0.24525000000000002,9.81
17702020025,21.4,-0.05220279792715039,-0.044732788728614664,0.0,0.51012,-0.23544,9.819809999999999
17707070530,21.4,-0.04794419455228423,-0.023439771854283843,0.0,0.59841,-0.24525000000000002,9.91791
17712121035,21.4,-0.04581489286485115,0.004258603374866164,0.0,0.56898,-0.28449,9.97677
17717171540,21.4,-0.05326744877086694,0.03728023282259888,0.0,0.50031,-0.2943,10.045440000000001
17722222045,21.4,-0.05539675045830002,0.06817256058289851,0.0,0.36297,-0.27468000000000004,10.11411
17727272550,21.4,-0.04794419455228423,0.09800023749948161,0.0,0.14715,-0.33354000000000006,10.06506
17732323055,21.4,-0.05220279792715039,0.12144000935376545,0.0,-0.07848000000000001,-0.27468000000000004,9.97677
17737373560,21.4,-0.05007349623971732,0.1097288500728835,0.0,-0.33354000000000006,-0.30411,9.937529999999999
17742424065,21.4,-0.044732788728614664,0.07883652231258387,0.0,-0.48069000000000006,-0.30411,9.819809999999999
17747474570,21.4,-0.04794419455228423,0.044732788728614664,0.0,-0.5591700000000001,-0.28449,9.81
17752525075,21.4,-0.04366813788489812,0.007452555906015787,0.0,-0.60822,-0.2943,9.888480000000001
17757575580,21.4,-0.03834488366631542,-0.02982767691658309,0.0,-0.5493600000000001,-0.26487,9.79038
17762626085,21.4,-0.03834488366631542,-0.0756251164889143,0.0,-0.42183,-0.2943,9.80019
17767676590,21.4,-0.033021629447732716,-0.1171814059788993,0.0,-0.15696000000000002,-0.2943,9.70209
17772727095,21.4,-0.03089232776029963,-0.13102186694721432,0.0,0.11772,-0.26487,9.633420000000001
17777777600,21.4,-0.020245819323134222,-0.12995721610349775,0.0,0.40221,-0.25506,9.59418
17782828105,21.4,-0.020245819323134222,-0.10759954838545042,0.0,0.63765,-0.22563,9.60399
17787878610,21.4,-0.020245819323134222,-0.06604325889546543,0.0,0.79461,-0.22563,9.7119
17792929115,21.4,-0.02663372438543347,-0.02769837522915001,0.0,0.85347,-0.21582,9.7119
17797979620,21.4,-0.03621558197888234,0.008517206749732328,0.0,0.7848,-0.18639,9.85905
17803030125,21.4,-0.04153883619746504,0.049008845396000776,0.0,0.6867000000000001,-0.18639,9.86886
17808080630,21.4,-0.04794419455228423,0.08309512568745003,0.0,0.5591700000000001,-0.20601000000000003,9.83943
17813131135,21.4,-0.04794419455228423,0.09693558665576507,0.0,0.33354000000000006,-0.25506,9.937529999999999
17818181640,21.4,-0.05007349623971732,0.10545279340549739,0.0,0.06867000000000001,-0.25506,9.89829
17823232145,21.4,-0.05646140130201656,0.10119419003063122,0.0,-0.14715,-0.27468000000000004,9.80019
17828282650,21.4,-0.06497860805174888,0.08309512568745003,0.0,-0.31392000000000003,-0.31392000000000003,9.82962
17833333155,21.4,-0.0756251164889143,0.05965535383316618,0.0,-0.44145,-0.30411,9.86886
17838383660,21.4,-0.07030186227033158,0.03408628029144926,0.0,-0.52974,-0.36297,9.97677
17843434165,21.4,-0.06391395720803235,0.004258603374866164,0.0,-0.56898,-0.38259000000000004,10.025820000000001
17848484670,21.4,-0.06284930636431581,-0.03089232776029963,0.0,-0.51012,-0.42183,9.99639
17853535175,21.4,-0.05646140130201656,-0.05539675045830002,0.0,-0.36297,-0.43164,9.91791
17858585680,21.4,-0.05220279792715039,-0.07456046564519776,0.0,-0.22563,-0.47088,9.84924
17863636185,21.4,-0.04366813788489812,-0.0852244273748831,0.0,-0.009810000000000001,-0.48069000000000006,9.760950000000001
17868686690,21.4,-0.031956978604016174,-0.09374163412461543,0.0,0.13734000000000002,-0.45126,9.73152
17873737195,21.4,-0.023439771854283843,-0.09906488834319814,0.0,0.38259000000000004,-0.40221,9.751140000000001
17878787700,21.4,-0.013840460968315033,-0.09693558665576507,0.0,0.5493600000000001,-0.36297,9.770760000000001
17883838205,21.4,-0.005323254218582705,-0.08096582400001695,0.0,0.74556,-0.32373,9.80019
17888888710,21.4,-0.001064650843716541,-0.05007349623971732,0.0,0.87309,-0.31392000000000003,9.81
17893939215,21.4,0.0,-0.014905111812031574,0.0,0.86328,-0.23544,9.83943
17898989720,21.4,-0.01064650843716541,0.033021629447732716,0.0,0.8240400000000001,-0.23544,9.74133
17904040225,21.4,-0.015987215948268057,0.07990117315630041,0.0,0.65727,-0.20601000000000003,9.79038
17909090730,21.4,-0.020245819323134222,0.13102186694721432,0.0,0.45126,-0.20601000000000003,9.770760000000001
17914141235,21.4,-0.028763026072866547,0.16084954386379738,0.0,0.06867000000000001,-0.16677000000000003,9.81
17919191740,21.4,-0.04260348704118158,0.1672549022186166,0.0,-0.28449,-0.20601000000000003,9.89829
17924242245,21.4,-0.05220279792715039,0.14487978120804929,0.0,-0.5591700000000001,-0.22563,9.908100000000001
17929292750,21.4,-0.054332099614583476,0.11079350091660004,0.0,-0.80442,-0.24525000000000002,9.82962
17934343255,21.4,-0.06817256058289851,0.05539675045830002,0.0,-0.94176,-0.30411,9.81
17939393760,21.4,-0.0756251164889143,-0.021310470166850764,0.0,-0.9123300000000001,-0.34335000000000004,9.73152
17944444265,21.4,-0.07670722062515077,-0.11185815176031658,0.0,-0.6670800000000001,-0.3924,9.68247
17949494770,21.4,-0.06710790973918197,-0.18428931571808121,0.0,-0.36297,-0.43164,9.760950000000001
17954545275,21.4,-0.06178465552059926,-0.22582815191554628,0.0,0.11772,-0.46107000000000004,9.751140000000001
17959595780,21.4,-0.04794419455228423,-0.22582815191554628,0.0,0.60822,-0.49050000000000005,9.89829
17964646285,21.4,-0.03728023282259888,-0.17470745812463237,0.0,0.95157,-0.51012,9.94734
17969696790,21.4,-0.03834488366631542,-0.09480628496833199,0.0,1.19682,-0.50031,9.94734
17974747295,21.4,-0.03728023282259888,0.005323254218582705,0.0,1.22625,-0.48069000000000006,9.89829
17979797800,21.4,-0.023439771854283843,0.09587093581204853,0.0,1.05948,-0.47088,9.81
17984848305,21.4,-0.01918116847941768,0.16617279808238014,0.0,0.70632,-0.42183,9.81
17989898810,21.4,-0.00958185759344887,0.20027653166634932,0.0,0.2943,-0.32373,9.81
17994949315,21.4,-0.01064650843716541,0.19067722078038052,0.0,-0.10791,-0.31392000000000003,9.87867
17999999820,21.4,-0.003193952531149623,0.15233233711406508,0.0,-0.46107000000000004,-0.28449,9.84924
18005050325,21.4,-0.015987215948268057,0.09161233243718235,0.0,-0.6670800000000001,-0.25506,9.85905
18010100830,21.4,-0.02769837522915001,0.02663372438543347,0.0,-0.75537,-0.23544,9.888480000000001
18015151335,21.4,-0.023439771854283843,-0.02663372438543347,0.0,-0.70632,-0.27468000000000004,9.83943
18020201840,21.4,-0.028763026072866547,-0.06923721142661506,0.0,-0.51993,-0.2943,9.770760000000001
18025252345,21.4,-0.03728023282259888,-0.09267698328089889,0.0,-0.36297,-0.28449,9.770760000000001
18030302850,21.4,-0.04366813788489812,-0.1097288500728835,0.0,-0.12753,-0.35316,9.74133
18035353355,21.4,-0.04794419455228423,-0.11079350091660004,0.0,0.10791,-0.36297,9.72171
18040403860,21.4,-0.054332099614583476,-0.09906488834319814,0.0,0.31392000000000003,-0.38259000000000004,9.81
18045454365,21.4,-0.05220279792715039,-0.09161233243718235,0.0,0.51012,-0.41202000000000005,9.888480000000001
18050504870,21.4,-0.044732788728614664,-0.07349581480148122,0.0,0.63765,-0.44145,9.908100000000001
18055555375,21.4,-0.03728023282259888,-0.03621558197888234,0.0,0.70632,-0.44145,9.91791
18060605880,21.4,-0.028763026072866547,0.013840460968315033,0.0,0.70632,-0.47088,9.87867
18065656385,21.4,-0.02982767691658309,0.05965535383316618,0.0,0.63765,-0.44145,9.82962
18070706890,21.4,-0.031956978604016174,0.10225884087434776,0.0,0.34335000000000004,-0.43164,9.79038
18075757395,21.4,-0.031956978604016174,0.13421581947836395,0.0,0.13734000000000002,-0.40221,9.65304
18080807900,21.4,-0.02982767691658309,0.1331511686346474,0.0,-0.11772,-0.37278,9.66285
18085858405,21.4,-0.02769837522915001,0.09374163412461543,0.0,-0.41202000000000005,-0.35316,9.751140000000001
18090908910,21.4,-0.020245819323134222,0.03834488366631542,0.0,-0.5395500000000001,-0.35316,9.83943
18095959415,21.4,-0.01918116847941768,-0.022375121010567305,0.0,-0.45126,-0.38259000000000004,9.89829
18101009920,21.4,-0.020245819323134222,-0.06178465552059926,0.0,-0.31392000000000003,-0.36297,9.83943
18106060425,21.4,-0.023439771854283843,-0.08309512568745003,0.0,-0.18639,-0.35316,9.78057
18111110930,21.4,-0.02556907354171693,-0.07777187146886733,0.0,0.0,-0.38259000000000004,9.819809999999999
18116161435,21.4,-0.031956978604016174,-0.05965535383316618,0.0,0.17658,-0.37278,9.760950000000001
18121211940,21.4,-0.04260348704118158,-0.03834488366631542,0.0,0.23544,-0.3924,9.78057
18126262445,21.4,-0.044732788728614664,-0.02982767691658309,0.0,0.23544,-0.3924,9.92772
18131312950,21.4,-0.03515093113516579,-0.023439771854283843,0.0,0.28449,-0.45126,9.99639
18136363455,21.4,-0.03834488366631542,-0.02556907354171693,0.0,0.33354000000000006,-0.43164,9.98658
18141413960,21.4,-0.03834488366631542,-0.020245819323134222,0.0,0.42183,-0.46107000000000004,9.97677
18146464465,21.4,-0.03089232776029963,0.003193952531149623,0.0,0.33354000000000006,-0.45126,10.025820000000001
18151514970,21.4,-0.02769837522915001,0.0404741853537485,0.0,0.32373,-0.50031,9.96696
18156565475,21.4,-0.028763026072866547,0.06284930636431581,0.0,0.21582,-0.43164,9.85905
18161615980,21.4,-0.03408628029144926,0.07349581480148122,0.0,0.02943,-0.47088,9.68247
18166666485,21.4,-0.031956978604016174,0.06604325889546543,0.0,-0.08829,-0.41202000000000005,9.64323
18171716990,21.4,-0.024504422698000388,0.04153883619746504,0.0,-0.16677000000000003,-0.41202000000000005,9.70209
18176767495,21.4,-0.0170518667919846,0.004258603374866164,0.0,-0.18639,-0.42183,9.81
18181818000,21.4,-0.011711159280881954,-0.01918116847941768,0.0,-0.20601000000000003,-0.41202000000000005,9.908100000000001
18186868505,21.4,-0.012775810124598492,-0.04153883619746504,0.0,-0.0981,-0.41202000000000005,9.937529999999999
18191919010,21.4,-0.012775810124598492,-0.03515093113516579,0.0,0.0,-0.41202000000000005,9.79038
18196969515,21.4,-0.015987215948268057,-0.028763026072866547,0.0,0.07848000000000001,-0.38259000000000004,9.69228
18202020020,21.4,-0.023439771854283843,-0.0170518667919846,0.0,0.12753,-0.38259000000000004,9.64323
18207070525,21.4,-0.023439771854283843,-0.01918116847941768,0.0,0.18639,-0.35316,9.57456
18212121030,21.4,-0.021310470166850764,-0.015987215948268057,0.0,0.20601000000000003,-0.37278,9.6138
18217171535,21.4,-0.020245819323134222,-0.013840460968315033,0.0,0.18639,-0.35316,9.81
18222222040,21.4,-0.021310470166850764,-0.01811651763570114,0.0,0.23544,-0.37278,9.95715
18227272545,21.4,-0.02769837522915001,-0.01064650843716541,0.0,0.20601000000000003,-0.3924,10.006200000000002
18232323050,21.4,-0.03728023282259888,0.007452555906015787,0.0,0.22563,-0.41202000000000005,9.95715
18237373555,21.4,-0.0404741853537485,0.03089232776029963,0.0,0.18639,-0.42183,9.760950000000001
18242424060,21.4,-0.031956978604016174,0.04153883619746504,0.0,0.12753,-0.41202000000000005,9.60399
18247474565,21.4,-0.033021629447732716,0.04260348704118158,0.0,0.039240000000000004,-0.45126,9.69228
18252525070,21.4,-0.03515093113516579,0.03621558197888234,0.0,-0.05886,-0.46107000000000004,9.83943
18257575575,21.4,-0.03408628029144926,0.024504422698000388,0.0,-0.12753,-0.45126,9.99639
18262626080,21.4,-0.03621558197888234,0.011711159280881954,0.0,-0.16677000000000003,-0.46107000000000004,10.11411
18267676585,21.4,-0.03621558197888234,0.0,0.0,-0.20601000000000003,-0.52974,10.03563
18272727090,21.4,-0.039409534510031964,-0.028763026072866547,0.0,-0.15696000000000002,-0.52974,9.94734
18277777595,21.4,-0.02982767691658309,-0.05007349623971732,0.0,-0.039240000000000004,-0.5493600000000001,9.888480000000001
18282828100,21.4,-0.021310470166850764,-0.05859070298944965,0.0,0.13734000000000002,-0.5395500000000001,9.78057
18287878605,21.4,-0.014905111812031574,-0.044732788728614664,0.0,0.22563,-0.51993,9.81
18292929110,21.4,-0.006387905062299246,-0.02663372438543347,0.0,0.25506,-0.52974,9.89829
18297979615,21.4,-0.012775810124598492,-0.006387905062299246,0.0,0.28449,-0.51993,9.937529999999999
18303030120,21.4,-0.012775810124598492,-0.001064650843716541,0.0,0.2943,-0.51012,9.97677
18308080625,21.4,-0.008517206749732328,0.005323254218582705,0.0,0.28449,-0.49050000000000005,9.99639
18313131130,21.4,0.0,0.01918116847941768,0.0,0.23544,-0.44145,9.79038
18318181635,21.4,-0.002129301687433082,0.04260348704118158,0.0,0.20601000000000003,-0.41202000000000005,9.633420000000001
18323232140,21.4,0.007452555906015787,0.04794419455228423,0.0,0.08829,-0.37278,9.633420000000001
18328282645,21.4,0.006387905062299246,0.05113814708343386,0.0,-0.019620000000000002,-0.38259000000000004,9.60399
18333333150,21.4,-0.006387905062299246,0.039409534510031964,0.0,-0.08829,-0.36297,9.70209
18338383655,21.4,-0.01918116847941768,0.01811651763570114,0.0,-0.15696000000000002,-0.37278,9.819809999999999
18343434160,21.4,-0.024504422698000388,0.0,0.0,-0.1962,-0.36297,9.81
18348484665,21.4,-0.02769837522915001,-0.022375121010567305,0.0,-0.14715,-0.40221,9.79038
18353535170,21.4,-0.01811651763570114,-0.0404741853537485,0.0,-0.04905,-0.37278,9.78057
18358585675,21.4,-0.01918116847941768,-0.04366813788489812,0.0,0.039240000000000004,-0.41202000000000005,9.72171
18363636180,21.4,-0.023439771854283843,-0.04153883619746504,0.0,0.13734000000000002,-0.41202000000000005,9.7119
18368686685,21.4,-0.031956978604016174,-0.020245819323134222,0.0,0.17658,-0.45126,9.73152
18373737190,21.4,-0.03834488366631542,-0.002129301687433082,0.0,0.22563,-0.50031,9.72171
18378787695,21.4,-0.05113814708343386,0.003193952531149623,0.0,0.1962,-0.49050000000000005,9.819809999999999
18383838200,21.4,-0.04153883619746504,0.002129301687433082,0.0,0.15696000000000002,-0.50031,9.94734
18388888705,21.4,-0.02663372438543347,0.004258603374866164,0.0,0.16677000000000003,-0.51012,9.98658
18393939210,21.4,-0.0170518667919846,0.01064650843716541,0.0,0.14715,-0.51012,9.96696
18398989715,21.4,-0.011711159280881954,0.013840460968315033,0.0,0.10791,-0.5395500000000001,9.92772
18404040220,21.4,-0.01811651763570114,0.00958185759344887,0.0,0.08829,-0.52974,9.760950000000001
18409090725,21.4,-0.023439771854283843,0.011711159280881954,0.0,0.04905,-0.5591700000000001,9.72171
18414141230,21.4,-0.02663372438543347,0.015987215948268057,0.0,0.039240000000000004,-0.5395500000000001,9.78057
18419191735,21.4,-0.020245819323134222,0.00958185759344887,0.0,0.02943,-0.51012,9.86886
18424242240,21.4,-0.007452555906015787,0.005323254218582705,0.0,0.0,-0.51993,10.025820000000001
18429292745,21.4,0.003193952531149623,-0.003193952531149623,0.0,0.0,-0.50031,10.05525
18434343250,21.4,0.003193952531149623,-0.01064650843716541,0.0,0.019620000000000002,-0.48069000000000006,9.87867
18439393755,21.4,-0.001064650843716541,-0.001064650843716541,0.0,0.019620000000000002,-0.44145,9.760950000000001
18444444260,21.4,-0.00958185759344887,0.011711159280881954,0.0,0.02943,-0.45126,9.68247
18449494765,21.4,-0.013840460968315033,0.020245819323134222,0.0,0.0,-0.43164,9.633420000000001
18454545270,21.4,-0.013840460968315033,0.004258603374866164,0.0,-0.02943,-0.46107000000000004,9.751140000000001
18459595775,21.4,-0.007452555906015787,-0.0170518667919846,0.0,0.0,-0.43164,9.89829
18464646280,21.4,0.0,-0.03408628029144926,0.0,0.04905,-0.43164,9.888480000000001
18469696785,21.4,-0.002129301687433082,-0.0404741853537485,0.0,0.13734000000000002,-0.46107000000000004,9.92772
18474747290,21.4,-0.007452555906015787,-0.021310470166850764,0.0,0.1962,-0.43164,9.86886
18479797795,21.4,-0.013840460968315033,0.0,0.0,0.20601000000000003,-0.45126,9.74133
18484848300,21.4,-0.022375121010567305,0.0170518667919846,0.0,0.16677000000000003,-0.44145,9.7119
18489898805,21.4,-0.024504422698000388,0.023439771854283843,0.0,0.12753,-0.41202000000000005,9.67266
18494949310,21.4,-0.01918116847941768,0.020245819323134222,0.0,0.0981,-0.47088,9.73152
18499999815,21.4,-0.020245819323134222,0.014905111812031574,0.0,0.04905,-0.48069000000000006,9.94734
18505050320,21.4,-0.0170518667919846,0.0170518667919846,0.0,0.0,-0.49050000000000005,10.045440000000001
18510100825,21.4,-0.012775810124598492,0.011711159280881954,0.0,-0.04905,-0.50031,10.01601
18515151330,21.4,-0.01918116847941768,0.006387905062299246,0.0,-0.039240000000000004,-0.51993,9.888480000000001
18520201835,21.4,-0.023439771854283843,0.003193952531149623,0.0,-0.039240000000000004,-0.51993,9.69228
18525252340,21.4,-0.013840460968315033,0.005323254218582705,0.0,-0.009810000000000001,-0.52974,9.57456
18530302845,21.4,-0.008517206749732328,0.0,0.0,0.0,-0.50031,9.59418
18535353350,21.4,-0.002129301687433082,-0.01064650843716541,0.0,0.0,-0.51012,9.751140000000001
18540403855,21.4,-0.001064650843716541,-0.020245819323134222,0.0,-0.009810000000000001,-0.50031,9.87867
18545454360,21.4,-0.003193952531149623,-0.03408628029144926,0.0,0.05886,-0.50031,9.96696
18550504865,21.4,-0.008517206749732328,-0.023439771854283843,0.0,0.11772,-0.51012,9.95715
18555555370,21.4,-0.011711159280881954,-0.008517206749732328,0.0,0.16677000000000003,-0.48069000000000006,9.85905
18560605875,21.4,-0.00958185759344887,0.0,0.0,0.15696000000000002,-0.46107000000000004,9.81
18565656380,21.4,0.001064650843716541,0.012775810124598492,0.0,0.15696000000000002,-0.49050000000000005,9.7119
18570706885,21.4,0.0,0.008517206749732328,0.0,0.13734000000000002,-0.46107000000000004,9.6138
18575757390,21.4,-0.004258603374866164,0.003193952531149623,0.0,0.13734000000000002,-0.45126,9.67266
18580807895,21.4,-0.01064650843716541,0.008517206749732328,0.0,0.0981,-0.43164,9.80019
18585858400,21.4,-0.00958185759344887,0.014905111812031574,0.0,0.06867000000000001,-0.45126,9.89829
18590908905,21.4,-0.013840460968315033,0.015987215948268057,0.0,0.0,-0.44145,9.98658
18595959410,21.4,-0.008517206749732328,0.006387905062299246,0.0,-0.04905,-0.48069000000000006,9.89829
18601009915,21.4,-0.0170518667919846,0.005323254218582705,0.0,-0.009810000000000001,-0.46107000000000004,9.81
18606060420,21.4,-0.0170518667919846,0.003193952531149623,0.0,-0.02943,-0.50031,9.83943
18611110925,21.4,-0.012775810124598492,0.008517206749732328,0.0,0.0,-0.48069000000000006,9.78057
18616161430,21.4,-0.013840460968315033,0.00958185759344887,0.0,0.0,-0.52974,9.85905
18621211935,21.4,-0.0170518667919846,-0.006387905062299246,0.0,-0.05886,-0.52974,10.006200000000002
18626262440,21.4,-0.024504422698000388,-0.0170518667919846,0.0,-0.02943,-0.56898,9.94734
18631312945,21.4,-0.01811651763570114,-0.02982767691658309,0.0,0.019620000000000002,-0.5493600000000001,9.97677
18636363450,21.4,-0.00958185759344887,-0.028763026072866547,0.0,0.11772,-0.5886,9.92772
18641413955,21.4,0.0,-0.00958185759344887,0.0,0.15696000000000002,-0.5493600000000001,9.82962
18646464460,21.4,0.004258603374866164,-0.002129301687433082,0.0,0.14715,-0.5886,9.72171
18651514965,21.4,-0.001064650843716541,0.002129301687433082,0.0,0.16677000000000003,-0.51993,9.64323
18656565470,21.4,0.003193952531149623,0.00958185759344887,0.0,0.13734000000000002,-0.50031,9.58437
18661615975,21.4,0.0,0.012775810124598492,0.0,0.14715,-0.50031,9.68247
18666666480,21.4,0.008517206749732328,0.01918116847941768,0.0,0.06867000000000001,-0.47088,9.80019
18671716985,21.4,0.020245819323134222,0.022375121010567305,0.0,0.0,-0.43164,9.87867
18676767490,21.4,0.013840460968315033,0.01811651763570114,0.0,-0.04905,-0.43164,9.86886
18681817995,21.4,0.006387905062299246,0.004258603374866164,0.0,-0.04905,-0.41202000000000005,9.751140000000001
18686868500,21.4,-0.001064650843716541,0.005323254218582705,0.0,-0.06867000000000001,-0.3924,9.64323
18691919005,21.4,-0.00958185759344887,0.001064650843716541,0.0,-0.02943,-0.42183,9.6138
18696969510,21.4,-0.01064650843716541,-0.005323254218582705,0.0,-0.02943,-0.43164,9.770760000000001
18702020015,21.4,-0.008517206749732328,-0.013840460968315033,0.0,-0.04905,-0.44145,9.87867
18707070520,21.4,-0.012775810124598492,-0.02982767691658309,0.0,-0.009810000000000001,-0.46107000000000004,10.01601
18712121025,21.4,-0.021310470166850764,-0.03621558197888234,0.0,0.06867000000000001,-0.51012,10.03563
18717171530,21.4,-0.021310470166850764,-0.021310470166850764,0.0,0.11772,-0.5591700000000001,9.97677
18722222035,21.4,-0.02556907354171693,-0.001064650843716541,0.0,0.14715,-0.57879,9.888480000000001
18727272540,21.4,-0.01811651763570114,0.008517206749732328,0.0,0.14715,-0.5591700000000001,9.84924
18732323045,21.4,-0.013840460968315033,0.01064650843716541,0.0,0.10791,-0.59841,9.78057
18737373550,21.4,-0.013840460968315033,0.007452555906015787,0.0,0.05886,-0.57879,9.819809999999999
18742424055,21.4,-0.008517206749732328,0.004258603374866164,0.0,0.06867000000000001,-0.59841,9.908100000000001
18747474560,21.4,0.001064650843716541,0.007452555906015787,0.0,0.05886,-0.59841,9.96696
18752525065,21.4,0.003193952531149623,0.008517206749732328,0.0,0.02943,-0.56898,9.97677
18757575570,21.4,0.01064650843716541,0.011711159280881954,0.0,0.0,-0.5591700000000001,9.95715
18762626075,21.4,0.01064650843716541,0.005323254218582705,0.0,-0.009810000000000001,-0.5395500000000001,9.78057
18767676580,21.4,0.013840460968315033,0.005323254218582705,0.0,0.0,-0.51993,9.633420000000001
18772727085,21.4,0.020245819323134222,0.004258603374866164,0.0,0.0,-0.49050000000000005,9.66285
18777777590,21.4,0.020245819323134222,0.002129301687433082,0.0,0.019620000000000002,-0.49050000000000005,9.623610000000001
18782828095,21.4,0.0170518667919846,-0.006387905062299246,0.0,-0.019620000000000002,-0.43164,9.760950000000001
18787878600,21.4,0.022375121010567305,-0.011711159280881954,0.0,0.02943,-0.46107000000000004,9.84924
18792929105,21.4,0.01811651763570114,-0.007452555906015787,0.0,0.019620000000000002,-0.43164,9.81
18797979610,21.4,0.005323254218582705,-0.001064650843716541,0.0,0.039240000000000004,-0.41202000000000005,9.72171
18803030115,21.4,0.0,0.015987215948268057,0.0,0.0,-0.40221,9.7119
18808080620,21.4,0.0,0.023439771854283843,0.0,0.0,-0.40221,9.6138
18813131125,21.4,-0.004258603374866164,0.011711159280881954,0.0,-0.05886,-0.46107000000000004,9.633420000000001
18818181630,21.4,-0.012775810124598492,-0.002129301687433082,0.0,-0.039240000000000004,-0.41202000000000005,9.66285
18823232135,21.4,-0.013840460968315033,-0.011711159280881954,0.0,-0.039240000000000004,-0.44145,9.72171
18828282640,21.4,-0.020245819323134222,-0.020245819323134222,0.0,0.0,-0.47088,9.819809999999999
18833333145,21.4,-0.015987215948268057,-0.01811651763570114,0.0,0.039240000000000004,-0.51012,9.937529999999999
18838383650,21.4,-0.014905111812031574,-0.01918116847941768,0.0,0.04905,-0.5395500000000001,9.94734
18843434155,21.4,-0.01918116847941768,-0.01918116847941768,0.0,0.06867000000000001,-0.56898,9.888480000000001
18848484660,21.4,-0.0170518667919846,-0.011711159280881954,0.0,0.13734000000000002,-0.5591700000000001,9.82962
18853535165,21.4,-0.01811651763570114,-0.004258603374866164,0.0,0.14715,-0.5591700000000001,9.751140000000001
18858585670,21.4,-0.012775810124598492,0.01064650843716541,0.0,0.12753,-0.57879,9.819809999999999
18863636175,21.4,-0.007452555906015787,0.0170518667919846,0.0,0.0981,-0.59841,9.99639
18868686680,21.4,-0.001064650843716541,0.022375121010567305,0.0,0.02943,-0.6278400000000001,10.074869999999999
18873737185,21.4,0.0,0.020245819323134222,0.0,0.0,-0.59841,10.13373
18878787690,21.4,0.001064650843716541,0.014905111812031574,0.0,-0.039240000000000004,-0.60822,10.05525
18883838195,21.4,0.006387905062299246,0.013840460968315033,0.0,-0.05886,-0.6180300000000001,9.89829
18888888700,21.4,0.00958185759344887,0.007452555906015787,0.0,-0.07848000000000001,-0.5493600000000001,9.84924
18893939205,21.4,0.0170518667919846,0.001064650843716541,0.0,-0.08829,-0.51993,9.85905
18898989710,21.4,0.01918116847941768,-0.003193952531149623,0.0,-0.05886,-0.5395500000000001,9.82962
18904040215,21.4,0.014905111812031574,-0.01811651763570114,0.0,-0.02943,-0.50031,9.84924
18909090720,21.4,0.01918116847941768,-0.031956978604016174,0.0,0.009810000000000001,-0.51012,9.89829
18914141225,21.4,0.020245819323134222,-0.03621558197888234,0.0,0.04905,-0.49050000000000005,9.85905
18919191730,21.4,0.01918116847941768,-0.02769837522915001,0.0,0.15696000000000002,-0.46107000000000004,9.86886
18924242235,21.4,0.02556907354171693,-0.003193952531149623,0.0,0.17658,-0.45126,9.85905
18929292740,21.4,0.022375121010567305,0.011711159280881954,0.0,0.12753,-0.42183,9.751140000000001
18934343245,21.4,0.012775810124598492,0.023439771854283843,0.0,0.11772,-0.45126,9.67266
18939393750,21.4,0.013840460968315033,0.02556907354171693,0.0,0.04905,-0.44145,9.65304
18944444255,21.4,0.006387905062299246,0.024504422698000388,0.0,0.019620000000000002,-0.43164,9.770760000000001
18949494760,21.4,0.003193952531149623,0.021310470166850764,0.0,-0.04905,-0.43164,9.91791
18954545265,21.4,0.008517206749732328,0.024504422698000388,0.0,-0.11772,-0.46107000000000004,9.94734
18959595770,21.4,0.0,0.0170518667919846,0.0,-0.15696000000000002,-0.48069000000000006,9.92772
18964646275,21.4,-0.008517206749732328,-0.003193952531149623,0.0,-0.14715,-0.51993,9.819809999999999
18969696780,21.4,-0.005323254218582705,-0.014905111812031574,0.0,-0.08829,-0.52974,9.67266
18974747285,21.4,-0.002129301687433082,-0.024504422698000388,0.0,-0.009810000000000001,-0.52974,9.57456
18979797790,21.4,0.0,-0.013840460968315033,0.0,-0.009810000000000001,-0.51993,9.60399
18984848295,21.4,0.00958185759344887,-0.008517206749732328,0.0,0.04905,-0.51993,9.70209
18989898800,21.4,0.008517206749732328,-0.007452555906015787,0.0,0.04905,-0.50031,9.73152
18994949305,21.4,0.006387905062299246,-0.014905111812031574,0.0,0.019620000000000002,-0.51012,9.84924
18999999810,21.4,0.01064650843716541,-0.015987215948268057,0.0,0.06867000000000001,-0.51012,9.86886
19005050315,21.4,0.012775810124598492,-0.005323254218582705,0.0,0.10791,-0.50031,9.84924
19010100820,21.4,0.014905111812031574,0.01064650843716541,0.0,0.08829,-0.49050000000000005,9.84924
19015151325,21.4,0.01811651763570114,0.021310470166850764,0.0,0.039240000000000004,-0.49050000000000005,9.86886
19020201830,21.4,0.00958185759344887,0.01918116847941768,0.0,0.019620000000000002,-0.50031,9.85905
19025252335,21.4,0.003193952531149623,0.0,0.0,-0.02943,-0.47088,9.87867
19030302840,21.4,0.006387905062299246,-0.001064650843716541,0.0,-0.019620000000000002,-0.52974,9.92772
19035353345,21.4,0.008517206749732328,-0.003193952531149623,0.0,-0.009810000000000001,-0.52974,9.89829
19040403850,21.4,0.013840460968315033,-0.002129301687433082,0.0,-0.009810000000000001,-0.51012,9.96696
19045454355,21.4,0.020245819323134222,0.001064650843716541,0.0,-0.019620000000000002,-0.51993,9.937529999999999
19050504860,21.4,0.012775810124598492,0.004258603374866164,0.0,0.0,-0.51993,9.819809999999999
19055555365,21.4,0.00958185759344887,0.004258603374866164,0.0,0.0,-0.49050000000000005,9.78057
19060605870,21.4,0.01064650843716541,0.006387905062299246,0.0,0.0,-0.50031,9.69228
19065656375,21.4,0.01064650843716541,0.003193952531149623,0.0,-0.019620000000000002,-0.50031,9.751140000000001
19070706880,21.4,0.013840460968315033,0.001064650843716541,0.0,-0.039240000000000004,-0.51012,9.86886
19075757385,21.4,0.01811651763570114,0.007452555906015787,0.0,-0.02943,-0.48069000000000006,9.92772
19080807890,21.4,0.01811651763570114,0.004258603374866164,0.0,-0.06867000000000001,-0.47088,9.95715
19085858395,21.4,0.012775810124598492,-0.004258603374866164,0.0,-0.05886,-0.48069000000000006,9.87867
19090908900,21.4,0.014905111812031574,-0.005323254218582705,0.0,-0.019620000000000002,-0.48069000000000006,9.70209
19095959405,21.4,0.0170518667919846,-0.014905111812031574,0.0,-0.009810000000000001,-0.46107000000000004,9.59418
19101009910,21.4,0.023439771854283843,-0.014905111812031574,0.0,0.039240000000000004,-0.45126,9.58437
19106060415,21.4,0.02769837522915001,-0.006387905062299246,0.0,0.04905,-0.44145,9.67266
19111110920,21.4,0.02663372438543347,0.004258603374866164,0.0,0.009810000000000001,-0.47088,9.86886
19116161425,21.4,0.0170518667919846,0.006387905062299246,0.0,-0.009810000000000001,-0.43164,9.98658
19121211930,21.4,0.007452555906015787,0.004258603374866164,0.0,-0.009810000000000001,-0.47088,9.97677
19126262435,21.4,0.003193952531149623,-0.004258603374866164,0.0,0.0,-0.46107000000000004,9.888480000000001
19131312940,21.4,0.005323254218582705,-0.006387905062299246,0.0,0.02943,-0.48069000000000006,9.80019
19136363445,21.4,0.012775810124598492,0.0,0.0,0.0,-0.47088,9.760950000000001
19141413950,21.4,0.01811651763570114,0.001064650843716541,0.0,0.009810000000000001,-0.46107000000000004,9.80019
19146464455,21.4,0.01811651763570114,0.006387905062299246,0.0,0.0,-0.50031,9.908100000000001
19151514960,21.4,0.008517206749732328,0.00958185759344887,0.0,-0.039240000000000004,-0.51012,9.96696
19156565465,21.4,-0.001064650843716541,0.005323254218582705,0.0,-0.04905,-0.52974,9.96696
19161615970,21.4,-0.007452555906015787,-0.001064650843716541,0.0,-0.04905,-0.5395500000000001,9.97677
19166666475,21.4,0.005323254218582705,-0.003193952531149623,0.0,-0.019620000000000002,-0.56898,9.89829
19171716980,21.4,0.01918116847941768,-0.008517206749732328,0.0,0.009810000000000001,-0.5395500000000001,9.908100000000001
19176767485,21.4,0.031956978604016174,-0.011711159280881954,0.0,0.009810000000000001,-0.51993,9.86886
19181817990,21.4,0.04153883619746504,0.002129301687433082,0.0,0.05886,-0.51012,9.81
19186868495,21.4,0.03089232776029963,0.008517206749732328,0.0,0.009810000000000001,-0.51012,9.78057
19191919000,21.4,0.021310470166850764,0.01811651763570114,0.0,-0.009810000000000001,-0.46107000000000004,9.80019
19196969505,21.4,0.01811651763570114,0.022375121010567305,0.0,-0.06867000000000001,-0.50031,9.78057
19202020010,21.4,0.020245819323134222,0.008517206749732328,0.0,-0.06867000000000001,-0.47088,9.81
19207070515,21.4,0.03408628029144926,-0.008517206749732328,0.0,-0.08829,-0.44145,9.82962
19212121020,21.4,0.04794419455228423,-0.014905111812031574,0.0,-0.05886,-0.40221,9.83943
19217171525,21.4,0.05007349623971732,-0.013840460968315033,0.0,-0.009810000000000001,-0.43164,9.80019
19222222030,21.4,0.03728023282259888,0.002129301687433082,0.0,0.0,-0.41202000000000005,9.751140000000001
19227272535,21.4,0.01811651763570114,0.023439771854283843,0.0,-0.009810000000000001,-0.42183,9.65304
19232323040,21.4,0.004258603374866164,0.024504422698000388,0.0,-0.06867000000000001,-0.3924,9.633420000000001
19237373545,21.4,0.004258603374866164,0.01064650843716541,0.0,-0.12753,-0.40221,9.66285
19242424050,21.4,0.015987215948268057,-0.011711159280881954,0.0,-0.05886,-0.41202000000000005,9.751140000000001
19247474555,21.4,0.03089232776029963,-0.0404741853537485,0.0,-0.019620000000000002,-0.3924,9.87867
19252525060,21.4,0.033021629447732716,-0.04366813788489812,0.0,0.019620000000000002,-0.42183,9.98658
19257575565,21.4,0.023439771854283843,-0.01064650843716541,0.0,0.0981,-0.45126,9.94734
19262626070,21.4,0.001064650843716541,0.02556907354171693,0.0,0.05886,-0.47088,9.81
19267676575,21.4,-0.00958185759344887,0.05539675045830002,0.0,-0.019620000000000002,-0.48069000000000006,9.72171
19272727080,21.4,-0.005323254218582705,0.06923721142661506,0.0,-0.17658,-0.50031,9.72171
19277777585,21.4,0.004258603374866164,0.03621558197888234,0.0,-0.27468000000000004,-0.51012,9.79038
19282828090,21.4,0.01811651763570114,-0.008517206749732328,0.0,-0.27468000000000004,-0.47088,9.91791
19287878595,21.4,0.03089232776029963,-0.04581489286485115,0.0,-0.20601000000000003,-0.51012,10.006200000000002
19292929100,21.4,0.02982767691658309,-0.060720004676882725,0.0,-0.08829,-0.50031,10.01601
19297979605,21.4,0.022375121010567305,-0.05539675045830002,0.0,0.039240000000000004,-0.51993,9.91791
19303030110,21.4,0.021310470166850764,-0.044732788728614664,0.0,0.15696000000000002,-0.50031,9.79038
19308080615,21.4,0.022375121010567305,-0.015987215948268057,0.0,0.1962,-0.49050000000000005,9.69228
19313131120,21.4,0.03621558197888234,0.00958185759344887,0.0,0.22563,-0.46107000000000004,9.73152
19318181625,21.4,0.044732788728614664,0.024504422698000388,0.0,0.15696000000000002,-0.46107000000000004,9.81
19323232130,21.4,0.044732788728614664,0.02663372438543347,0.0,0.04905,-0.43164,9.888480000000001
19328282635,21.4,0.04153883619746504,0.0170518667919846,0.0,0.009810000000000001,-0.43164,9.94734
19333333140,21.4,0.03515093113516579,0.012775810124598492,0.0,0.0,-0.40221,9.97677
19338383645,21.4,0.028763026072866547,0.001064650843716541,-0.005323254218582705,-0.05886,-0.41202000000000005,9.95715
19343434150,21.4,0.03408628029144926,0.0,-0.003193952531149623,0.0,-0.38259000000000004,9.86886
19348484655,21.4,0.03728023282259888,0.012775810124598492,0.0,0.0,-0.40221,9.81
19353535160,21.4,0.03834488366631542,0.02663372438543347,0.0,-0.05886,-0.3924,9.751140000000001
19358585665,21.4,0.031956978604016174,0.054332099614583476,0.001064650843716541,-0.15696000000000002,-0.41202000000000005,9.73152
19363636170,21.4,0.022375121010567305,0.06817256058289851,0.0,-0.28449,-0.41202000000000005,9.80019
19368686675,21.4,0.005323254218582705,0.05859070298944965,0.0,-0.43164,-0.38259000000000004,9.84924
19373737180,21.4,0.006387905062299246,0.03621558197888234,0.0,-0.50031,-0.42183,9.82962
19378787685,21.4,0.015987215948268057,-0.003193952531149623,0.0,-0.51012,-0.42183,9.81
19383838190,21.4,0.02663372438543347,-0.05859070298944965,0.001064650843716541,-0.41202000000000005,-0.46107000000000004,9.84924
19388888695,21.4,0.033021629447732716,-0.10545279340549739,0.0,-0.20601000000000003,-0.48069000000000006,9.81
19393939200,21.4,0.03515093113516579,-0.12463396188491506,-0.003193952531149623,0.08829,-0.46107000000000004,9.72171
19398989705,21.4,0.03089232776029963,-0.10653489754173388,0.001064650843716541,0.31392000000000003,-0.46107000000000004,9.69228
19404040210,21.4,0.03089232776029963,-0.0756251164889143,0.0,0.49050000000000005,-0.48069000000000006,9.70209
19409090715,21.4,0.03089232776029963,-0.03834488366631542,-0.002129301687433082,0.5886,-0.44145,9.81
19414141220,21.4,0.03621558197888234,-0.003193952531149623,0.002129301687433082,0.56898,-0.44145,9.92772
19419191725,21.4,0.04366813788489812,0.04153883619746504,-0.001064650843716541,0.50031,-0.40221,9.94734
19424242230,21.4,0.05859070298944965,0.09693558665576507,0.0,0.31392000000000003,-0.3924,9.888480000000001
19429292735,21.4,0.05220279792715039,0.14275047952061623,0.0,0.02943,-0.37278,9.82962
19434343240,21.4,0.04153883619746504,0.15872024217636432,-0.002129301687433082,-0.30411,-0.38259000000000004,9.751140000000001
19439393745,21.4,0.024504422698000388,0.14275047952061623,0.0,-0.56898,-0.33354000000000006,9.70209
19444444250,21.4,0.01811651763570114,0.09693558665576507,-0.003193952531149623,-0.8142300000000001,-0.35316,9.67266
19449494755,21.4,0.022375121010567305,0.03728023282259888,-0.001064650843716541,-0.85347,-0.33354000000000006,9.751140000000001
19454545260,21.4,0.028763026072866547,-0.03089232776029963,0.0,-0.85347,-0.36297,9.84924
19459595765,21.4,0.02769837522915001,-0.10545279340549739,0.0,-0.65727,-0.38259000000000004,9.91791
19464646270,21.4,0.03089232776029963,-0.15978489302008084,0.0,-0.36297,-0.42183,9.888480000000001
19469696775,21.4,0.023439771854283843,-0.1800307123432151,0.001064650843716541,0.0,-0.45126,9.888480000000001
19474747280,21.4,0.011711159280881954,-0.1672549022186166,0.0,0.3924,-0.48069000000000006,9.85905
19479797785,21.4,0.01064650843716541,-0.13102186694721432,-0.003193952531149623,0.64746,-0.48069000000000006,9.83943
19484848290,21.4,0.022375121010567305,-0.07990117315630041,0.0,0.85347,-0.49050000000000005,9.85905
19489898795,21.4,0.03834488366631542,-0.02556907354171693,0.0,0.89271,-0.48069000000000006,9.96696
19494949300,21.4,0.04581489286485115,0.03408628029144926,-0.004258603374866164,0.8338500000000001,-0.45126,10.025820000000001
19499999805,21.4,0.05220279792715039,0.10119419003063122,0.0,0.6278400000000001,-0.47088,10.074869999999999
19505050310,21.4,0.04581489286485115,0.150203035426632,-0.002129301687433082,0.31392000000000003,-0.43164,9.95715
19510100815,21.4,0.04260348704118158,0.17470745812463237,0.0,-0.019620000000000002,-0.3924,9.819809999999999
19515151320,21.4,0.044732788728614664,0.1757721089683489,-0.001064650843716541,-0.36297,-0.36297,9.73152
19520201825,21.4,0.04794419455228423,0.1480737337391989,0.001064650843716541,-0.6670800000000001,-0.34335000000000004,9.66285
19525252330,21.4,0.05220279792715039,0.10119419003063122,0.001064650843716541,-0.8829,-0.30411,9.68247
19530302835,21.4,0.05539675045830002,0.03621558197888234,0.0,-0.9711900000000001,-0.31392000000000003,9.70209
19535353340,21.4,0.046879543708567686,-0.022375121010567305,-0.001064650843716541,-0.9711900000000001,-0.33354000000000006,9.760950000000001
19540403845,21.4,0.03728023282259888,-0.08096582400001695,-0.001064650843716541,-0.8142300000000001,-0.32373,9.78057
19545454350,21.4,0.033021629447732716,-0.13421581947836395,0.0,-0.5493600000000001,-0.34335000000000004,9.69228
19550504855,21.4,0.02556907354171693,-0.16084954386379738,0.0,-0.21582,-0.34335000000000004,9.67266
19555555360,21.4,0.02982767691658309,-0.15978489302008084,0.0,0.10791,-0.38259000000000004,9.68247
19560605865,21.4,0.03515093113516579,-0.14700908289548237,0.0,0.40221,-0.3924,9.770760000000001
19565656370,21.4,0.0404741853537485,-0.11505210429146619,0.0,0.63765,-0.38259000000000004,9.819809999999999
19570706875,21.4,0.04153883619746504,-0.06710790973918197,-0.002129301687433082,0.8142300000000001,-0.37278,9.819809999999999
19575757380,21.4,0.03621558197888234,0.0,-0.001064650843716541,0.84366,-0.3924,9.86886
19580807885,21.4,0.03728023282259888,0.05646140130201656,0.0,0.69651,-0.36297,9.95715
19585858390,21.4,0.03515093113516579,0.10332349171806432,0.0,0.51012,-0.36297,9.937529999999999
19590908895,21.4,0.039409534510031964,0.12569861272863161,0.002129301687433082,0.21582,-0.38259000000000004,9.87867
19595959400,21.4,0.03408628029144926,0.12463396188491506,0.0,-0.019620000000000002,-0.36297,9.85905
19601009905,21.4,0.03621558197888234,0.10438814256178083,0.0,-0.24525000000000002,-0.31392000000000003,9.84924
19606060410,21.4,0.04260348704118158,0.07777187146886733,0.001064650843716541,-0.3924,-0.36297,9.86886
19611110915,21.4,0.033021629447732716,0.046879543708567686,-0.001064650843716541,-0.51993,-0.37278,9.908100000000001
19616161420,21.4,0.028763026072866547,0.001064650843716541,0.0,-0.5591700000000001,-0.40221,9.95715
19621211925,21.4,0.02982767691658309,-0.02982767691658309,0.0,-0.49050000000000005,-0.38259000000000004,9.94734
19626262430,21.4,0.03621558197888234,-0.05113814708343386,-0.001064650843716541,-0.40221,-0.40221,9.908100000000001
19631312935,21.4,0.03089232776029963,-0.06604325889546543,0.0,-0.28449,-0.42183,9.888480000000001
19636363440,21.4,0.03515093113516579,-0.07777187146886733,0.0,-0.06867000000000001,-0.43164,9.888480000000001
19641413945,21.4,0.04366813788489812,-0.0852244273748831,0.0,0.13734000000000002,-0.41202000000000005,9.85905
19646464450,21.4,0.054332099614583476,-0.07243116395776468,0.0,0.26487,-0.41202000000000005,9.80019
19651514955,21.4,0.05965535383316618,-0.05113814708343386,-0.001064650843716541,0.40221,-0.3924,9.751140000000001
19656565460,21.4,0.05859070298944965,-0.03089232776029963,-0.002129301687433082,0.47088,-0.36297,9.81
19661615965,21.4,0.060720004676882725,-0.002129301687433082,0.0,0.51012,-0.35316,9.85905
19666666470,21.4,0.06497860805174888,0.03728023282259888,-0.004258603374866164,0.41202000000000005,-0.2943,9.78057
19671716975,21.4,0.06710790973918197,0.06497860805174888,0.0,0.28449,-0.27468000000000004,9.74133
19676767480,21.4,0.06391395720803235,0.08096582400001695,-0.006387905062299246,0.10791,-0.25506,9.72171
19681817985,21.4,0.06391395720803235,0.08948303074974927,-0.002129301687433082,-0.02943,-0.21582,9.67266
19686868490,21.4,0.05646140130201656,0.09374163412461543,-0.001064650843716541,-0.22563,-0.23544,9.73152
19691918995,21.4,0.04794419455228423,0.09374163412461543,-0.003193952531149623,-0.41202000000000005,-0.20601000000000003,9.82962
19696969500,21.4,0.04260348704118158,0.07349581480148122,-0.002129301687433082,-0.59841,-0.1962,9.87867
19702020005,21.4,0.033021629447732716,0.060720004676882725,-0.002129301687433082,-0.72594,-0.23544,9.937529999999999
19707070510,21.4,0.02769837522915001,0.03621558197888234,0.0,-0.79461,-0.26487,9.97677
19712121015,21.4,0.02663372438543347,0.001064650843716541,0.003193952531149623,-0.80442,-0.28449,9.94734
19717171520,21.4,0.01811651763570114,-0.04153883619746504,0.0,-0.71613,-0.32373,9.92772
19722222025,21.4,0.013840460968315033,-0.07136651311404815,-0.001064650843716541,-0.5591700000000001,-0.36297,9.89829
19727272530,21.4,0.023439771854283843,-0.10012953918691468,0.0,-0.36297,-0.40221,9.79038
19732323035,21.4,0.031956978604016174,-0.13208651779093086,-0.001064650843716541,-0.11772,-0.43164,9.770760000000001
19737373540,21.4,0.03515093113516579,-0.14700908289548237,-0.002129301687433082,0.17658,-0.42183,9.81
19742424045,21.4,0.04794419455228423,-0.12676326357234816,0.0,0.48069000000000006,-0.46107000000000004,9.888480000000001
19747474550,21.4,0.05646140130201656,-0.09480628496833199,-0.003193952531149623,0.6867000000000001,-0.42183,9.95715
19752525055,21.4,0.06391395720803235,-0.06178465552059926,0.0,0.7848,-0.41202000000000005,9.89829
19757575560,21.4,0.07136651311404815,-0.0170518667919846,-0.002129301687433082,0.8338500000000001,-0.34335000000000004,9.770760000000001
19762626065,21.4,0.07670722062515077,0.022375121010567305,-0.002129301687433082,0.8142300000000001,-0.30411,9.7119
19767676570,21.4,0.07777187146886733,0.06497860805174888,-0.003193952531149623,0.6670800000000001,-0.23544,9.70209
19772727075,21.4,0.08628907821859966,0.10225884087434776,0.0,0.45126,-0.1962,9.65304
19777777580,21.4,0.08735372906231618,0.1288925652597812,-0.003193952531149623,0.16677000000000003,-0.14715,9.69228
19782828085,21.4,0.07349581480148122,0.13208651779093086,-0.002129301687433082,-0.10791,-0.11772,9.751140000000001
19787878590,21.4,0.06497860805174888,0.11292280260403312,-0.001064650843716541,-0.35316,-0.08829,9.78057
19792929095,21.4,0.05859070298944965,0.09267698328089889,0.0,-0.5493600000000001,-0.10791,9.751140000000001
19797979600,21.4,0.044732788728614664,0.05965535383316618,0.0,-0.6670800000000001,-0.11772,9.74133
19803030105,21.4,0.03728023282259888,0.021310470166850764,0.002129301687433082,-0.72594,-0.11772,9.79038
19808080610,21.4,0.02982767691658309,-0.014905111812031574,-0.001064650843716541,-0.72594,-0.15696000000000002,9.79038
19813131115,21.4,0.02663372438543347,-0.05965535383316618,0.0,-0.57879,-0.18639,9.86886
19818181620,21.4,0.0170518667919846,-0.08415977653116657,0.001064650843716541,-0.40221,-0.28449,9.888480000000001
19823232125,21.4,0.012775810124598492,-0.08841837990603273,0.0,-0.21582,-0.32373,9.96696
19828282630,21.4,0.011711159280881954,-0.08735372906231618,0.001064650843716541,-0.02943,-0.37278,10.006200000000002
19833333135,21.4,0.01064650843716541,-0.07349581480148122,-0.001064650843716541,0.0981,-0.40221,9.98658
19838383640,21.65,0.024504422698000388,-0.05326744877086694,0.0,0.21582,-0.42183,9.95715
19843434145,21.65,0.03515093113516579,-0.03621558197888234,-0.002129301687433082,0.32373,-0.43164,9.937529999999999
19848484650,21.65,0.044732788728614664,-0.021310470166850764,0.0,0.38259000000000004,-0.42183,9.888480000000001
19853535155,21.65,0.06178465552059926,-0.001064650843716541,0.0,0.36297,-0.3924,9.89829
19858585660,21.65,0.06923721142661506,0.00958185759344887,0.0,0.34335000000000004,-0.38259000000000004,9.84924
19863636165,21.65,0.07670722062515077,0.02556907354171693,0.0,0.26487,-0.30411,9.80019
19868686670,21.65,0.0852244273748831,0.04794419455228423,-0.001064650843716541,0.20601000000000003,-0.25506,9.82962
19873737175,21.65,0.08841837990603273,0.046879543708567686,0.0,0.0981,-0.1962,9.770760000000001
19878787680,21.65,0.08948303074974927,0.033021629447732716,-0.002129301687433082,0.009810000000000001,-0.16677000000000003,9.69228
19883838185,21.65,0.08948303074974927,0.03089232776029963,-0.002129301687433082,-0.019620000000000002,-0.11772,9.67266
19888888690,21.65,0.08948303074974927,0.024504422698000388,-0.002129301687433082,-0.10791,-0.06867000000000001,9.69228
19893939195,21.65,0.07883652231258387,0.02663372438543347,-0.002129301687433082,-0.11772,-0.02943,9.7119
19898989700,21.65,0.06923721142661506,0.0404741853537485,-0.003193952531149623,-0.23544,-0.05886,9.81
19904040205,21.65,0.05326744877086694,0.046879543708567686,0.0,-0.34335000000000004,-0.04905,9.888480000000001
19909090710,21.65,0.03621558197888234,0.03515093113516579,0.0,-0.42183,-0.07848000000000001,9.83943
19914141215,21.65,0.03621558197888234,0.024504422698000388,0.0,-0.47088,-0.12753,9.82962
19919191720,21.65,0.02663372438543347,0.003193952531149623,0.0,-0.47088,-0.15696000000000002,9.82962
19924242225,21.65,0.02769837522915001,-0.021310470166850764,-0.001064650843716541,-0.43164,-0.18639,9.81
19929292730,21.65,0.02769837522915001,-0.04581489286485115,0.001064650843716541,-0.33354000000000006,-0.23544,9.78057
19934343235,21.65,0.02663372438543347,-0.08096582400001695,0.001064650843716541,-0.18639,-0.28449,9.84924
19939393740,21.65,0.021310470166850764,-0.11611675513518273,0.0,0.039240000000000004,-0.28449,9.79038
19944444245,21.65,0.03408628029144926,-0.12463396188491506,0.001064650843716541,0.2943,-0.31392000000000003,9.85905
19949494750,21.65,0.04153883619746504,-0.11185815176031658,-0.002129301687433082,0.52974,-0.32373,9.908100000000001
19954545255,21.65,0.05007349623971732,-0.07136651311404815,-0.003193952531149623,0.70632,-0.33354000000000006,9.888480000000001
19959595760,21.65,0.06923721142661506,-0.006387905062299246,-0.003193952531149623,0.72594,-0.2943,9.86886
19964646265,21.65,0.07030186227033158,0.046879543708567686,0.0,0.65727,-0.27468000000000004,9.82962
19969696770,21.65,0.07349581480148122,0.09587093581204853,-0.001064650843716541,0.48069000000000006,-0.23544,9.751140000000001
19974747275,21.65,0.08096582400001695,0.14275047952061623,0.0,0.17658,-0.18639,9.78057
19979797780,21.65,0.0756251164889143,0.16404349639494703,0.0,-0.16677000000000003,-0.13734000000000002,9.85905
19984848285,21.65,0.07883652231258387,0.14700908289548237,-0.001064650843716541,-0.50031,-0.08829,9.81
19989898790,21.65,0.07136651311404815,0.1097288500728835,-0.002129301687433082,-0.70632,-0.08829,9.94734
19994949295,21.65,0.06923721142661506,0.03621558197888234,0.0,-0.8240400000000001,-0.05886,9.94734
19999999800,21.65,0.06923721142661506,-0.03089232776029963,0.002129301687433082,-0.74556,-0.05886,9.79038
20005050305,21.65,0.06604325889546543,-0.09054768159346581,0.001064650843716541,-0.56898,-0.05886,9.74133
20010100810,21.65,0.05752605214573309,-0.13208651779093086,0.0,-0.33354000000000006,-0.10791,9.79038
20015151315,21.65,0.05007349623971732,-0.1278279144160647,-0.003193952531149623,0.019620000000000002,-0.0981,9.751140000000001
20020201820,21.65,0.05220279792715039,-0.11079350091660004,0.002129301687433082,0.24525000000000002,-0.14715,9.819809999999999
20025252325,21.65,0.0404741853537485,-0.07030186227033158,0.0,0.37278,-0.14715,9.86886
20030302830,21.65,0.03728023282259888,-0.02556907354171693,-0.001064650843716541,0.46107000000000004,-0.15696000000000002,9.81
20035353335,21.65,0.04260348704118158,0.0,0.0,0.47088,-0.17658,9.819809999999999
20040403840,21.65,0.04581489286485115,0.011711159280881954,0.001064650843716541,0.42183,-0.16677000000000003,9.770760000000001
20045454345,21.65,0.05752605214573309,0.031956978604016174,-0.002129301687433082,0.37278,-0.16677000000000003,9.73152
20050504850,21.65,0.05859070298944965,0.04366813788489812,-0.001064650843716541,0.28449,-0.15696000000000002,9.760950000000001
20055555355,21.65,0.06284930636431581,0.06284930636431581,-0.002129301687433082,0.12753,-0.14715,9.82962
20060605860,21.65,0.06604325889546543,0.0756251164889143,-0.001064650843716541,0.0,-0.12753,9.81
20065656365,21.65,0.06178465552059926,0.08415977653116657,-0.001064650843716541,-0.17658,-0.13734000000000002,9.85905
20070706870,21.65,0.05646140130201656,0.08096582400001695,-0.001064650843716541,-0.34335000000000004,-0.0981,9.83943
20075757375,21.65,0.05539675045830002,0.06391395720803235,0.0,-0.49050000000000005,-0.11772,9.85905
20080807880,21.65,0.05220279792715039,0.023439771854283843,-0.002129301687433082,-0.5493600000000001,-0.11772,9.82962
20085858385,21.65,0.05965535383316618,-0.02663372438543347,0.0,-0.49050000000000005,-0.0981,9.79038
20090908890,21.65,0.06497860805174888,-0.07456046564519776,0.003193952531149623,-0.35316,-0.07848000000000001,9.81
20095959395,21.65,0.06817256058289851,-0.10866419922916695,-0.002129301687433082,-0.14715,-0.11772,9.84924
20101009900,21.65,0.06391395720803235,-0.11505210429146619,-0.002129301687433082,0.10791,-0.13734000000000002,9.888480000000001
20106060405,21.65,0.05859070298944965,-0.09480628496833199,-0.002129301687433082,0.33354000000000006,-0.08829,9.92772
20111110910,21.65,0.054332099614583476,-0.05539675045830002,-0.001064650843716541,0.44145,-0.12753,9.888480000000001
20116161415,21.65,0.054332099614583476,-0.004258603374866164,0.0,0.49050000000000005,-0.10791,9.82962
20121211920,21.65,0.05539675045830002,0.022375121010567305,0.0,0.42183,-0.08829,9.7119
20126262425,21.65,0.06178465552059926,0.04794419455228423,0.0,0.32373,-0.10791,9.68247
20131312930,21.65,0.07243116395776468,0.05752605214573309,-0.001064650843716541,0.23544,-0.08829,9.751140000000001
20136363435,21.65,0.07030186227033158,0.05646140130201656,-0.001064650843716541,0.08829,-0.06867000000000001,9.770760000000001
20141413940,21.65,0.06817256058289851,0.060720004676882725,-0.002129301687433082,-0.04905,-0.05886,9.84924
20146464445,21.65,0.06178465552059926,0.06604325889546543,-0.002129301687433082,-0.20601000000000003,-0.04905,9.86886
20151514950,21.65,0.060720004676882725,0.06710790973918197,0.0,-0.30411,-0.04905,9.86886
20156565455,21.65,0.054332099614583476,0.049008845396000776,-0.001064650843716541,-0.41202000000000005,-0.05886,9.87867
20161615960,21.65,0.05539675045830002,0.0170518667919846,-0.002129301687433082,-0.50031,-0.04905,9.760950000000001
20166666465,21.65,0.05220279792715039,-0.021310470166850764,0.0,-0.42183,-0.04905,9.68247
20171716970,21.65,0.05326744877086694,-0.06178465552059926,0.0,-0.30411,-0.039240000000000004,9.7119
20176767475,21.65,0.054332099614583476,-0.08735372906231618,-0.003193952531149623,-0.15696000000000002,-0.04905,9.78057
20181817980,21.65,0.06284930636431581,-0.09054768159346581,0.0,0.02943,-0.06867000000000001,9.87867
20186868485,21.65,0.06391395720803235,-0.07883652231258387,0.0,0.20601000000000003,-0.08829,9.95715
20191918990,21.65,0.060720004676882725,-0.04794419455228423,0.0,0.31392000000000003,-0.06867000000000001,9.94734
20196969495,21.65,0.05220279792715039,-0.002129301687433082,0.0,0.33354000000000006,-0.06867000000000001,9.819809999999999
20202020000,21.65,0.05539675045830002,0.023439771854283843,0.0,0.32373,-0.039240000000000004,9.66285
20207070505,21.65,0.05752605214573309,0.03621558197888234,0.0,0.26487,-0.039240000000000004,9.57456
20212121010,21.65,0.06604325889546543,0.03834488366631542,0.0,0.16677000000000003,-0.019620000000000002,9.64323
20217171515,21.65,0.07670722062515077,0.031956978604016174,0.0,0.06867000000000001,-0.019620000000000002,9.80019
20222222020,21.65,0.07136651311404815,0.03515093113516579,0.0,0.0,0.0,9.94734
20227272525,21.65,0.06710790973918197,0.04366813788489812,0.0,-0.0981,0.0,9.99639
20232323030,21.65,0.05752605214573309,0.04581489286485115,0.0,-0.20601000000000003,0.0,9.98658
20237373535,21.65,0.049008845396000776,0.03728023282259888,0.0,-0.24525000000000002,-0.02943,9.83943
20242424040,21.65,0.054332099614583476,0.008517206749732328,0.0,-0.2943,0.009810000000000001,9.67266
20247474545,21.65,0.05646140130201656,-0.014905111812031574,0.0,-0.27468000000000004,-0.009810000000000001,9.64323
20252525050,21.65,0.06817256058289851,-0.03408628029144926,0.0,-0.1962,0.0,9.751140000000001
20257575555,21.65,0.06604325889546543,-0.044732788728614664,0.0,-0.08829,-0.019620000000000002,9.82962
20262626060,21.65,0.05752605214573309,-0.05113814708343386,0.0,0.0,-0.019620000000000002,10.01601
20267676565,21.65,0.054332099614583476,-0.04581489286485115,0.0,0.07848000000000001,-0.039240000000000004,9.96696
20272727070,21.65,0.04794419455228423,-0.02769837522915001,0.0,0.17658,-0.009810000000000001,9.85905
20277777575,21.65,0.05326744877086694,-0.00958185759344887,0.0,0.21582,-0.02943,9.74133
20282828080,21.65,0.06710790973918197,0.006387905062299246,0.0,0.20601000000000003,-0.009810000000000001,9.64323
20287878585,21.65,0.07456046564519776,0.01918116847941768,0.0,0.17658,0.009810000000000001,9.64323
20292929090,21.65,0.07243116395776468,0.022375121010567305,0.0,0.12753,0.02943,9.72171
20297979595,21.65,0.07030186227033158,0.03089232776029963,0.0,0.05886,0.039240000000000004,9.78057
20303030100,21.65,0.05965535383316618,0.033021629447732716,0.0,-0.019620000000000002,0.039240000000000004,9.89829
20308080605,21.65,0.054332099614583476,0.02663372438543347,0.0,-0.06867000000000001,0.019620000000000002,9.97677
20313131110,21.65,0.05859070298944965,0.023439771854283843,0.0,-0.13734000000000002,0.019620000000000002,9.95715
20318181615,21.65,0.06497860805174888,0.014905111812031574,0.0,-0.17658,0.0,9.82962
20323232120,21.65,0.06710790973918197,0.006387905062299246,0.0,-0.16677000000000003,0.02943,9.74133
20328282625,21.65,0.07243116395776468,0.001064650843716541,0.0,-0.13734000000000002,0.04905,9.65304
20333333130,21.65,0.06284930636431581,-0.004258603374866164,0.0,-0.12753,0.02943,9.68247
20338383635,21.65,0.054332099614583476,-0.021310470166850764,0.0,-0.13734000000000002,0.039240000000000004,9.81
20343434140,21.65,0.054332099614583476,-0.03728023282259888,0.0,-0.04905,0.05886,9.82962
20348484645,21.65,0.05220279792715039,-0.04260348704118158,0.0,0.06867000000000001,0.04905,9.86886
20353535150,21.65,0.06178465552059926,-0.033021629447732716,0.0,0.14715,0.05886,9.937529999999999
20358585655,21.65,0.06710790973918197,-0.01064650843716541,0.0,0.18639,0.07848000000000001,9.80019
20363636160,21.65,0.07136651311404815,0.008517206749732328,0.0,0.13734000000000002,0.04905,9.70209
20368686665,21.65,0.060720004676882725,0.011711159280881954,0.0,0.10791,0.04905,9.67266
20373737170,21.65,0.05646140130201656,0.014905111812031574,0.0,0.11772,0.08829,9.633420000000001
20378787675,21.65,0.05539675045830002,0.01811651763570114,0.0,0.05886,0.07848000000000001,9.68247
20383838180,21.65,0.060720004676882725,0.01918116847941768,0.0,-0.009810000000000001,0.07848000000000001,9.92772
20388888685,21.65,0.06391395720803235,0.020245819323134222,0.0,-0.04905,0.06867000000000001,10.025820000000001
20393939190,21.65,0.06710790973918197,0.008517206749732328,0.0,-0.08829,0.04905,10.074869999999999
20398989695,21.65,0.06284930636431581,0.002129301687433082,0.0,-0.08829,0.039240000000000004,9.96696
20404040200,21.65,0.060720004676882725,0.0,0.0,-0.06867000000000001,0.02943,9.751140000000001
20409090705,21.65,0.05326744877086694,0.003193952531149623,0.0,-0.04905,0.04905,9.633420000000001
20414141210,21.65,0.05646140130201656,0.004258603374866164,0.0,-0.039240000000000004,0.0981,9.65304
20419191715,21.65,0.06604325889546543,0.0,0.0,-0.019620000000000002,0.10791,9.72171
20424242220,21.65,0.06710790973918197,-0.007452555906015787,0.0,-0.039240000000000004,0.0981,9.86886
20429292725,21.65,0.07243116395776468,-0.01918116847941768,0.0,-0.04905,0.08829,9.937529999999999
20434343230,21.65,0.06923721142661506,-0.013840460968315033,0.0,0.009810000000000001,0.10791,9.87867
20439393735,21.65,0.06284930636431581,-0.008517206749732328,0.0,0.009810000000000001,0.08829,9.81
20444444240,21.65,0.06178465552059926,-0.003193952531149623,0.0,0.06867000000000001,0.10791,9.69228
20449494745,21.65,0.06391395720803235,0.007452555906015787,0.0,0.10791,0.11772,9.6138
20454545250,21.65,0.06391395720803235,0.004258603374866164,0.0,0.04905,0.15696000000000002,9.66285
20459595755,21.65,0.06178465552059926,-0.003193952531149623,0.0,0.009810000000000001,0.13734000000000002,9.81
20464646260,21.65,0.060720004676882725,-0.005323254218582705,0.0,0.039240000000000004,0.12753,9.92772
20469696765,21.65,0.05859070298944965,-0.01064650843716541,0.0,0.039240000000000004,0.10791,9.96696
20474747270,21.65,0.05646140130201656,-0.002129301687433082,-0.005323254218582705,0.039240000000000004,0.12753,9.97677
20479797775,21.65,0.05752605214573309,0.00958185759344887,0.0,0.04905,0.08829,9.82962
20484848280,21.65,0.05859070298944965,0.0170518667919846,-0.001064650843716541,0.009810000000000001,0.07848000000000001,9.7119
20489898785,21.65,0.060720004676882725,0.015987215948268057,0.002129301687433082,0.009810000000000001,0.10791,9.68247
20494949290,21.65,0.06604325889546543,0.008517206749732328,0.0,-0.009810000000000001,0.12753,9.6138
20499999795,21.65,0.06391395720803235,0.006387905062299246,0.0,-0.009810000000000001,0.14715,9.68247
20505050300,21.65,0.06391395720803235,0.005323254218582705,-0.001064650843716541,-0.04905,0.16677000000000003,9.82962
20510100805,21.65,0.06817256058289851,0.002129301687433082,-0.003193952531149623,-0.07848000000000001,0.14715,9.84924
20515151310,21.65,0.06391395720803235,-0.008517206749732328,0.001064650843716541,-0.08829,0.16677000000000003,9.91791
20520201815,21.65,0.06178465552059926,-0.01918116847941768,0.002129301687433082,-0.04905,0.14715,9.85905
20525252320,21.65,0.06284930636431581,-0.01918116847941768,0.001064650843716541,0.0,0.14715,9.73152
20530302825,21.65,0.05965535383316618,-0.012775810124598492,0.0,0.04905,0.12753,9.67266
20535353330,21.65,0.06284930636431581,-0.007452555906015787,-0.003193952531149623,0.0981,0.18639,9.7119
20540403835,21.65,0.05859070298944965,-0.003193952531149623,0.0,0.0981,0.16677000000000003,9.770760000000001
20545454340,21.65,0.05220279792715039,-0.007452555906015787,-0.001064650843716541,0.10791,0.14715,9.91791
20550504845,21.65,0.054332099614583476,0.0,0.0,0.08829,0.13734000000000002,9.96696
20555555350,21.65,0.05859070298944965,0.012775810124598492,0.0,0.04905,0.11772,9.94734
20560605855,21.65,0.05965535383316618,0.01811651763570114,-0.001064650843716541,0.0,0.12753,9.908100000000001
20565656360,21.65,0.05965535383316618,0.021310470166850764,-0.002129301687433082,0.0,0.11772,9.819809999999999
20570706865,21.65,0.06391395720803235,0.01811651763570114,0.0,-0.04905,0.11772,9.68247
20575757370,21.65,0.060720004676882725,0.00958185759344887,0.002129301687433082,-0.05886,0.1962,9.633420000000001
20580807875,21.65,0.06604325889546543,0.0,-0.003193952531149623,-0.06867000000000001,0.21582,9.66285
20585858380,21.65,0.0756251164889143,-0.001064650843716541,-0.001064650843716541,-0.04905,0.25506,9.80019
20590908885,21.65,0.0756251164889143,-0.013840460968315033,0.0,-0.039240000000000004,0.30411,9.908100000000001
20595959390,21.65,0.06604325889546543,-0.02556907354171693,0.0,0.0,0.23544,10.01601
20601009895,21.65,0.05646140130201656,-0.015987215948268057,0.0,0.02943,0.12753,9.78057
20606060400,21.65,0.049008845396000776,-0.00958185759344887,0.0,0.04905,0.20601000000000003,9.623610000000001
20611110905,21.65,0.05007349623971732,0.0,0.001064650843716541,0.08829,0.16677000000000003,9.72171
20616161410,21.65,0.06284930636431581,0.0,0.0,0.07848000000000001,0.23544,9.69228
20621211915,21.65,0.05965535383316618,0.0,0.0,0.06867000000000001,0.28449,9.81
20626262420,21.65,0.05965535383316618,-0.002129301687433082,-0.001064650843716541,0.08829,0.22563,9.89829
20631312925,21.65,0.05646140130201656,0.0,-0.001064650843716541,0.07848000000000001,0.1962,9.80019
20636363430,21.65,0.05113814708343386,0.01064650843716541,0.0,0.02943,0.17658,9.81
20641413935,21.65,0.05646140130201656,0.020245819323134222,-0.001064650843716541,0.0,0.15696000000000002,9.78057
20646464440,21.65,0.06284930636431581,0.015987215948268057,0.0,-0.009810000000000001,0.21582,9.7119
20651514945,21.65,0.06923721142661506,0.006387905062299246,-0.001064650843716541,-0.02943,0.22563,9.68247
20656565450,21.65,0.08203047484373349,-0.003193952531149623,-0.003193952531149623,-0.009810000000000001,0.40221,9.60399
20661615955,21.65,0.07243116395776468,0.002129301687433082,0.002129301687433082,0.039240000000000004,0.40221,9.74133
20666666460,21.65,0.06284930636431581,0.007452555906015787,-0.002129301687433082,0.0,0.30411,9.79038
20671716965,21.65,0.039409534510031964,0.015987215948268057,0.0,-0.04905,0.23544,9.819809999999999
20676767470,21.65,0.03728023282259888,0.01064650843716541,0.001064650843716541,-0.06867000000000001,0.16677000000000003,9.78057
20681817975,21.65,0.03621558197888234,-0.007452555906015787,0.001064650843716541,-0.08829,0.15696000000000002,9.84924
20686868480,21.65,0.046879543708567686,-0.01918116847941768,-0.002129301687433082,-0.039240000000000004,0.15696000000000002,9.91791
20691918985,21.65,0.06604325889546543,-0.02663372438543347,0.0,0.02943,0.1962,9.83943
20696969490,21.65,0.06604325889546543,-0.022375121010567305,-0.001064650843716541,0.07848000000000001,0.27468000000000004,9.85905
20702019995,21.65,0.06391395720803235,-0.0170518667919846,-0.005323254218582705,0.12753,0.28449,9.85905
20707070500,21.65,0.05752605214573309,-0.011711159280881954,0.0,0.13734000000000002,0.22563,9.78057
20712121005,21.65,0.046879543708567686,-0.008517206749732328,-0.001064650843716541,0.14715,0.22563,9.79038
20717171510,21.65,0.049008845396000776,0.006387905062299246,0.0,0.14715,0.1962,9.81
20722222015,21.65,0.06178465552059926,0.0170518667919846,0.0,0.14715,0.24525000000000002,9.85905
20727272520,21.65,0.07456046564519776,0.01918116847941768,-0.001064650843716541,0.08829,0.28449,9.81
20732323025,21.65,0.07349581480148122,0.021310470166850764,-0.001064650843716541,0.039240000000000004,0.2943,9.73152
20737373530,21.65,0.06923721142661506,0.015987215948268057,-0.002129301687433082,0.019620000000000002,0.31392000000000003,9.6138
20742424035,21.65,0.06284930636431581,0.00958185759344887,0.0,0.0,0.41202000000000005,9.633420000000001
20747474540,21.65,0.05539675045830002,0.00958185759344887,0.0,0.0,0.38259000000000004,9.751140000000001
20752525045,21.65,0.05113814708343386,0.003193952531149623,0.001064650843716541,-0.039240000000000004,0.33354000000000006,9.81
20757575550,21.65,0.049008845396000776,-0.01064650843716541,0.0,-0.009810000000000001,0.26487,9.888480000000001
20762626055,21.65,0.046879543708567686,-0.0170518667919846,-0.001064650843716541,0.009810000000000001,0.22563,9.83943
20767676560,21.65,0.049008845396000776,-0.020245819323134222,-0.002129301687433082,0.05886,0.20601000000000003,9.79038
20772727065,21.65,0.05646140130201656,-0.001064650843716541,-0.002129301687433082,0.07848000000000001,0.21582,9.78057
20777777570,21.65,0.06178465552059926,0.014905111812031574,0.0,0.019620000000000002,0.23544,9.760950000000001
20782828075,21.65,0.06284930636431581,0.022375121010567305,0.0,0.0,0.22563,9.68247
20787878580,21.65,0.06178465552059926,0.01811651763570114,-0.001064650843716541,-0.039240000000000004,0.34335000000000004,9.760950000000001
20792929085,21.65,0.07136651311404815,0.011711159280881954,0.0,-0.04905,0.43164,9.760950000000001
20797979590,21.65,0.06923721142661506,0.005323254218582705,0.0,-0.05886,0.49050000000000005,9.81
20803030095,21.65,0.06497860805174888,-0.005323254218582705,-0.001064650843716541,-0.02943,0.47088,9.80019
20808080600,21.65,0.054332099614583476,-0.008517206749732328,-0.005323254218582705,-0.019620000000000002,0.37278,9.751140000000001
20813131105,21.65,0.0404741853537485,-0.01811651763570114,-0.001064650843716541,0.009810000000000001,0.30411,9.60399
20818181610,21.65,0.03515093113516579,-0.02556907354171693,-0.001064650843716541,0.039240000000000004,0.31392000000000003,9.633420000000001
20823232115,21.65,0.03621558197888234,-0.022375121010567305,0.0,0.11772,0.35316,9.74133
20828282620,21.65,0.0404741853537485,-0.013840460968315033,-0.001064650843716541,0.16677000000000003,0.37278,9.81
20833333125,21.65,0.044732788728614664,-0.008517206749732328,0.0,0.20601000000000003,0.26487,9.95715
20838383630,21.65,0.046879543708567686,-0.001064650843716541,0.0,0.12753,0.16677000000000003,9.97677
20843434135,21.65,0.04366813788489812,0.001064650843716541,0.0,0.11772,0.08829,9.84924
20848484640,21.65,0.05326744877086694,0.006387905062299246,0.0,0.06867000000000001,0.16677000000000003,9.83943
20853535145,21.65,0.06710790973918197,0.020245819323134222,-0.001064650843716541,0.10791,0.31392000000000003,9.80019
20858585650,21.65,0.07990117315630041,0.022375121010567305,0.0,0.07848000000000001,0.44145,9.82962
20863636155,21.65,0.08415977653116657,0.023439771854283843,-0.001064650843716541,0.04905,0.49050000000000005,9.83943
20868686660,21.65,0.06817256058289851,0.021310470166850764,-0.003193952531149623,0.0,0.43164,9.751140000000001
20873737165,21.65,0.05326744877086694,0.0170518667919846,-0.002129301687433082,-0.06867000000000001,0.41202000000000005,9.623610000000001
20878787670,21.65,0.05007349623971732,0.01064650843716541,0.0,-0.07848000000000001,0.41202000000000005,9.66285
20883838175,21.65,0.04794419455228423,0.00958185759344887,-0.001064650843716541,-0.07848000000000001,0.41202000000000005,9.760950000000001
20888888680,21.65,0.044732788728614664,-0.002129301687433082,0.0,-0.06867000000000001,0.40221,9.81
20893939185,21.65,0.05007349623971732,-0.015987215948268057,0.0,-0.02943,0.37278,9.82962
20898989690,21.65,0.05113814708343386,-0.01918116847941768,-0.002129301687433082,-0.009810000000000001,0.33354000000000006,9.70209
20904040195,21.65,0.046879543708567686,-0.020245819323134222,-0.003193952531149623,0.019620000000000002,0.35316,9.67266
20909090700,21.65,0.046879543708567686,-0.024504422698000388,0.002129301687433082,0.08829,0.3924,9.73152
20914141205,21.65,0.04260348704118158,-0.015987215948268057,0.001064650843716541,0.14715,0.3924,9.80019
20919191710,21.65,0.04153883619746504,-0.014905111812031574,-0.001064650843716541,0.14715,0.33354000000000006,9.87867
20924242215,21.65,0.05113814708343386,-0.005323254218582705,-0.002129301687433082,0.15696000000000002,0.28449,9.87867
20929292720,21.65,0.05007349623971732,0.004258603374866164,-0.001064650843716541,0.13734000000000002,0.26487,9.81
20934343225,21.65,0.060720004676882725,0.008517206749732328,0.0,0.12753,0.32373,9.73152
20939393730,21.65,0.06178465552059926,0.01064650843716541,0.0,0.0981,0.43164,9.74133
20944444235,21.65,0.06391395720803235,0.011711159280881954,0.0,0.12753,0.47088,9.73152
20949494740,21.65,0.06178465552059926,0.023439771854283843,-0.002129301687433082,0.13734000000000002,0.47088,9.7119
20954545245,21.65,0.05859070298944965,0.02663372438543347,0.0,0.019620000000000002,0.45126,9.770760000000001
20959595750,21.65,0.05539675045830002,0.022375121010567305,0.0,-0.04905,0.43164,9.78057
20964646255,21.65,0.04794419455228423,0.005323254218582705,0.0,-0.06867000000000001,0.37278,9.74133
20969696760,21.65,0.046879543708567686,-0.004258603374866164,-0.003193952531149623,-0.0981,0.45126,9.751140000000001
20974747265,21.65,0.049008845396000776,-0.008517206749732328,0.0,-0.009810000000000001,0.44145,9.751140000000001
20979797770,21.65,0.049008845396000776,-0.008517206749732328,0.001064650843716541,0.0,0.41202000000000005,9.770760000000001
20984848275,21.65,0.04366813788489812,-0.007452555906015787,0.0,0.019620000000000002,0.37278,9.80019
20989898780,21.65,0.0404741853537485,-0.013840460968315033,0.003193952531149623,0.0,0.38259000000000004,9.770760000000001
20994949285,21.65,0.03728023282259888,-0.020245819323134222,-0.001064650843716541,0.07848000000000001,0.41202000000000005,9.84924
20999999790,21.65,0.04366813788489812,-0.02663372438543347,-0.001064650843716541,0.15696000000000002,0.3924,9.888480000000001
21005050295,21.65,0.04581489286485115,-0.011711159280881954,0.0,0.20601000000000003,0.32373,9.84924
21010100800,21.65,0.05007349623971732,0.004258603374866164,-0.001064650843716541,0.16677000000000003,0.27468000000000004,9.819809999999999
21015151305,21.65,0.05859070298944965,0.013840460968315033,0.0,0.10791,0.34335000000000004,9.79038
21020201810,21.65,0.06178465552059926,0.01064650843716541,0.001064650843716541,0.08829,0.42183,9.751140000000001
21025252315,21.65,0.06284930636431581,0.001064650843716541,-0.003193952531149623,0.13734000000000002,0.50031,9.72171
21030302820,21.65,0.05859070298944965,0.003193952531149623,0.0,0.13734000000000002,0.5493600000000001,9.760950000000001
21035353325,21.65,0.05646140130201656,0.01064650843716541,-0.003193952531149623,0.11772,0.5591700000000001,9.7119
21040403830,21.65,0.05752605214573309,0.024504422698000388,0.0,0.06867000000000001,0.51012,9.7119
21045454335,21.65,0.05007349623971732,0.021310470166850764,-0.002129301687433082,-0.02943,0.45126,9.751140000000001
21050504840,21.65,0.04366813788489812,0.01064650843716541,0.0,-0.05886,0.40221,9.65304
21055555345,21.65,0.0404741853537485,0.0,0.0,-0.05886,0.40221,9.70209
21060605850,21.65,0.046879543708567686,-0.003193952531149623,0.004258603374866164,-0.05886,0.47088,9.751140000000001
21065656355,21.65,0.05113814708343386,-0.004258603374866164,-0.001064650843716541,0.0,0.5591700000000001,9.760950000000001
21070706860,21.65,0.05007349623971732,-0.008517206749732328,-0.003193952531149623,0.02943,0.5395500000000001,9.86886
21075757365,21.65,0.05007349623971732,-0.012775810124598492,0.0,0.02943,0.47088,9.84924
21080807870,21.65,0.03834488366631542,-0.01811651763570114,-0.001064650843716541,0.11772,0.3924,9.78057
21085858375,21.65,0.02982767691658309,-0.01811651763570114,0.004258603374866164,0.07848000000000001,0.25506,9.81
21090908880,21.65,0.04260348704118158,-0.013840460968315033,0.0,0.0981,0.3924,9.74133
21095959385,21.65,0.05113814708343386,-0.002129301687433082,0.001064650843716541,0.18639,0.48069000000000006,9.80019
21101009890,21.65,0.05752605214573309,-0.005323254218582705,0.0,0.1962,0.59841,9.84924
21106060395,21.65,0.06391395720803235,-0.003193952531149623,-0.004258603374866164,0.21582,0.48069000000000006,9.819809999999999
21111110900,21.65,0.04260348704118158,0.01811651763570114,0.001064650843716541,0.16677000000000003,0.35316,9.72171
21116161405,21.65,0.03834488366631542,0.02769837522915001,-0.004258603374866164,0.02943,0.36297,9.623610000000001
21121211910,21.65,0.044732788728614664,0.022375121010567305,-0.002129301687433082,0.039240000000000004,0.47088,9.751140000000001
21126262415,21.65,0.05752605214573309,0.013840460968315033,0.0,0.0,0.57879,9.81
21131312920,21.65,0.05965535383316618,0.0,-0.004258603374866164,0.009810000000000001,0.6670800000000001,9.819809999999999
21136363425,21.65,0.05859070298944965,0.006387905062299246,-0.004258603374866164,0.06867000000000001,0.5395500000000001,9.80019
21141413930,21.65,0.04794419455228423,0.013840460968315033,0.001064650843716541,0.0,0.45126,9.6138
21146464435,21.65,0.03834488366631542,0.011711159280881954,-0.001064650843716541,-0.04905,0.49050000000000005,9.6138
21151514940,21.65,0.031956978604016174,0.007452555906015787,0.0,-0.06867000000000001,0.45126,9.760950000000001
21156565445,21.65,0.03089232776029963,-0.01918116847941768,0.0,-0.039240000000000004,0.5395500000000001,9.81
21161615950,21.65,0.03834488366631542,-0.044732788728614664,-0.003193952531149623,0.08829,0.5493600000000001,9.94734
21166666455,21.65,0.04260348704118158,-0.03408628029144926,0.0,0.20601000000000003,0.48069000000000006,10.03563
21171716960,21.65,0.04366813788489812,-0.01918116847941768,0.001064650843716541,0.20601000000000003,0.41202000000000005,9.78057
21176767465,21.65,0.04581489286485115,-0.004258603374866164,-0.002129301687433082,0.22563,0.3924,9.73152
21181817970,21.65,0.04366813788489812,0.011711159280881954,-0.001064650843716541,0.1962,0.36297,9.7119
21186868475,21.65,0.0404741853537485,0.00958185759344887,-0.003193952531149623,0.13734000000000002,0.41202000000000005,9.66285
21191918980,21.65,0.049008845396000776,0.00958185759344887,0.0,0.15696000000000002,0.5395500000000001,9.819809999999999
21196969485,21.65,0.06284930636431581,0.01064650843716541,-0.001064650843716541,0.15696000000000002,0.64746,9.84924
21202019990,21.65,0.06497860805174888,0.002129301687433082,-0.001064650843716541,0.15696000000000002,0.6867000000000001,9.80019
21207070495,21.65,0.06178465552059926,0.005323254218582705,0.001064650843716541,0.16677000000000003,0.6278400000000001,9.78057
21212121000,21.65,0.04794419455228423,0.014905111812031574,0.0,0.13734000000000002,0.43164,9.66285
21217171505,21.65,0.03089232776029963,0.033021629447732716,-0.002129301687433082,0.0,0.38259000000000004,9.56475
21222222010,21.65,0.03728023282259888,0.046879543708567686,0.0,-0.0981,0.38259000000000004,9.67266
21227272515,21.65,0.05007349623971732,0.033021629447732716,0.001064650843716541,-0.1962,0.51012,9.73152
21232323020,21.65,0.05859070298944965,-0.003193952531149623,0.0,-0.1962,0.74556,9.83943
21237373525,21.65,0.06178465552059926,-0.03621558197888234,-0.001064650843716541,-0.05886,0.85347,9.94734
21242424030,21.65,0.05113814708343386,-0.05326744877086694,-0.002129301687433082,0.14715,0.75537,9.89829
21247474535,21.65,0.024504422698000388,-0.05859070298944965,0.0,0.22563,0.5395500000000001,9.69228
21252525040,21.65,0.007452555906015787,-0.02556907354171693,-0.002129301687433082,0.27468000000000004,0.30411,9.65304
21257575545,21.65,0.007452555906015787,0.003193952531149623,0.0,0.20601000000000003,0.15696000000000002,9.67266
21262626050,21.65,0.024504422698000388,0.008517206749732328,0.0,0.15696000000000002,0.25506,9.751140000000001
21267676555,21.65,0.054332099614583476,0.01918116847941768,0.0,0.10791,0.45126,9.94734
21272727060,21.65,0.07777187146886733,0.021310470166850764,0.001064650843716541,0.12753,0.60822,9.937529999999999
21277777565,21.65,0.07883652231258387,0.004258603374866164,-0.002129301687433082,0.13734000000000002,0.80442,9.819809999999999
21282828070,21.65,0.06923721142661506,-0.008517206749732328,-0.001064650843716541,0.1962,0.80442,9.81
21287878575,21.65,0.0404741853537485,-0.007452555906015787,-0.002129301687433082,0.1962,0.6180300000000001,9.68247
21292929080,21.65,0.023439771854283843,0.0,-0.003193952531149623,0.1962,0.47088,9.55494
21297979585,21.65,0.022375121010567305,0.013840460968315033,-0.002129301687433082,0.12753,0.41202000000000005,9.66285
21303030090,21.65,0.02663372438543347,0.02982767691658309,-0.001064650843716541,0.039240000000000004,0.41202000000000005,9.69228
21308080595,21.65,0.05220279792715039,0.03728023282259888,-0.001064650843716541,-0.039240000000000004,0.48069000000000006,9.751140000000001
21313131100,21.65,0.06284930636431581,0.03408628029144926,0.0,-0.08829,0.60822,9.78057
21318181605,21.65,0.060720004676882725,0.01918116847941768,0.0,-0.10791,0.6768900000000001,9.74133
21323232110,21.65,0.046879543708567686,-0.001064650843716541,0.0,-0.12753,0.70632,9.7119
21328282615,21.65,0.03089232776029963,-0.03515093113516579,0.0,-0.039240000000000004,0.79461,9.760950000000001
21333333120,21.65,0.022375121010567305,-0.06923721142661506,0.0,0.12753,0.79461,9.82962
21338383625,21.65,0.013840460968315033,-0.07349581480148122,0.0,0.35316,0.6180300000000001,9.888480000000001
21343434130,21.65,0.012775810124598492,-0.05646140130201656,0.0,0.46107000000000004,0.43164,9.81
21348484635,21.65,0.012775810124598492,-0.012775810124598492,0.0,0.45126,0.15696000000000002,9.68247
21353535140,21.65,0.020245819323134222,0.0404741853537485,0.0,0.27468000000000004,0.12753,9.64323
21358585645,21.65,0.039409534510031964,0.06604325889546543,0.0,0.08829,0.22563,9.760950000000001
21363636150,21.65,0.060720004676882725,0.06923721142661506,0.0,-0.019620000000000002,0.5395500000000001,9.937529999999999
21368686655,21.65,0.08948303074974927,0.04153883619746504,0.0,-0.06867000000000001,0.8338500000000001,10.01601
21373737160,21.65,0.09480628496833199,0.007452555906015787,0.0,-0.04905,1.03005,10.05525
21378787665,21.65,0.07990117315630041,-0.014905111812031574,0.0,0.06867000000000001,0.9319500000000001,9.86886
21383838170,21.65,0.05007349623971732,-0.021310470166850764,0.0,0.08829,0.71613,9.57456
21388888675,21.65,0.014905111812031574,-0.01811651763570114,0.0,0.08829,0.5591700000000001,9.36855
21393939180,21.65,0.003193952531149623,-0.022375121010567305,0.0,0.10791,0.5395500000000001,9.358740000000001
21398989685,21.65,0.005323254218582705,-0.03089232776029963,0.0,0.20601000000000003,0.5886,9.633420000000001
21404040190,21.65,0.02556907354171693,-0.023439771854283843,0.0,0.27468000000000004,0.6180300000000001,9.86886
21409090695,21.65,0.031956978604016174,-0.004258603374866164,0.0,0.2943,0.51012,9.91791
21414141200,21.65,0.033021629447732716,0.011711159280881954,0.0,0.20601000000000003,0.43164,9.86886
21419191705,21.65,0.04794419455228423,0.022375121010567305,0.0,0.07848000000000001,0.37278,9.81
21424242210,21.65,0.04794419455228423,0.04581489286485115,0.0,0.0,0.38259000000000004,9.72171
21429292715,21.65,0.05007349623971732,0.04794419455228423,0.0,-0.06867000000000001,0.5395500000000001,9.69228
21434343220,21.65,0.06817256058289851,0.039409534510031964,0.0,-0.11772,0.79461,9.80019
21439393725,21.65,0.07456046564519776,0.021310470166850764,0.0,-0.10791,0.9711900000000001,9.81
21444444230,21.65,0.06391395720803235,-0.006387905062299246,0.0,-0.07848000000000001,1.01043,9.81
21449494735,21.65,0.031956978604016174,-0.03834488366631542,0.0,0.0,0.9123300000000001,9.74133
21454545240,21.65,0.00958185759344887,-0.060720004676882725,0.0,0.11772,0.6278400000000001,9.72171
21459595745,21.65,-0.023439771854283843,-0.060720004676882725,0.0,0.25506,0.41202000000000005,9.69228
21464646250,21.65,-0.022375121010567305,-0.06284930636431581,0.0,0.33354000000000006,0.31392000000000003,9.79038
21469696755,21.65,0.005323254218582705,-0.04581489286485115,0.0,0.45126,0.31392000000000003,9.85905
21474747260,21.65,0.039409534510031964,-0.015987215948268057,0.0,0.51012,0.3924,9.89829
21479797765,21.65,0.06178465552059926,0.01064650843716541,0.0,0.48069000000000006,0.50031,9.770760000000001
21484848270,21.65,0.06710790973918197,0.039409534510031964,0.0,0.43164,0.5591700000000001,9.751140000000001
21489898775,21.65,0.07136651311404815,0.07030186227033158,0.0,0.27468000000000004,0.57879,9.60399
21494949280,21.65,0.060720004676882725,0.09480628496833199,0.0,0.04905,0.64746,9.70209
21499999785,21.65,0.05646140130201656,0.09161233243718235,0.0,-0.14715,0.69651,9.78057
21505050290,21.65,0.06817256058289851,0.06604325889546543,0.0,-0.30411,0.7749900000000001,9.80019
21510100795,21.65,0.07136651311404815,0.044732788728614664,0.0,-0.36297,0.87309,9.770760000000001
21515151300,21.65,0.05965535383316618,0.012775810124598492,0.0,-0.3924,0.89271,9.64323
21520201805,21.65,0.03621558197888234,-0.01064650843716541,0.0,-0.34335000000000004,0.86328,9.57456
21525252310,21.65,0.021310470166850764,-0.033021629447732716,0.0,-0.28449,0.73575,9.54513
21530302815,21.65,0.0,-0.05539675045830002,0.0,-0.1962,0.6867000000000001,9.58437
21535353320,21.65,-0.00958185759344887,-0.07670722062515077,0.0,-0.04905,0.63765,9.760950000000001
21540403825,21.65,-0.006387905062299246,-0.08735372906231618,0.0,0.15696000000000002,0.60822,9.99639
21545454330,21.65,0.002129301687433082,-0.08415977653116657,0.0,0.34335000000000004,0.47088,9.95715
21550504835,21.65,0.01064650843716541,-0.05859070298944965,0.0,0.47088,0.40221,9.85905
21555555340,21.65,0.024504422698000388,-0.031956978604016174,0.0,0.56898,0.37278,9.70209
21560605845,21.65,0.02982767691658309,0.001064650843716541,0.0,0.56898,0.41202000000000005,9.64323
21565656350,21.65,0.04153883619746504,0.03515093113516579,0.0,0.47088,0.52974,9.66285
21570706855,21.65,0.05965535383316618,0.054332099614583476,0.0,0.38259000000000004,0.6867000000000001,9.81
21575757360,21.65,0.06604325889546543,0.05752605214573309,0.0,0.24525000000000002,0.79461,9.91791
21580807865,21.65,0.05965535383316618,0.05113814708343386,0.0,0.15696000000000002,0.7848,9.908100000000001
21585858370,21.65,0.05965535383316618,0.044732788728614664,0.0,0.019620000000000002,0.71613,9.78057
21590908875,21.65,0.05220279792715039,0.05220279792715039,0.0,-0.0981,0.65727,9.6138
21595959380,21.65,0.039409534510031964,0.054332099614583476,0.0,-0.1962,0.6278400000000001,9.53532
21601009885,21.65,0.02663372438543347,0.039409534510031964,0.0,-0.31392000000000003,0.70632,9.60399
21606060390,21.65,0.03728023282259888,0.007452555906015787,0.0,-0.33354000000000006,0.84366,9.72171
21611110895,21.65,0.0404741853537485,-0.0170518667919846,0.0,-0.26487,0.9319500000000001,9.760950000000001
21616161400,21.65,0.028763026072866547,-0.04260348704118158,0.0,-0.17658,0.84366,9.82962
21621211905,21.65,0.01064650843716541,-0.060720004676882725,0.0,-0.04905,0.69651,9.81
21626262410,21.65,0.003193952531149623,-0.06284930636431581,0.0,0.08829,0.52974,9.760950000000001
21631312915,21.65,0.0,-0.05220279792715039,0.0,0.16677000000000003,0.50031,9.64323
21636363420,21.65,0.01064650843716541,-0.03515093113516579,0.0,0.25506,0.5493600000000001,9.73152
21641413925,21.65,0.02769837522915001,-0.015987215948268057,0.0,0.33354000000000006,0.57879,9.79038
21646464430,21.65,0.03728023282259888,0.005323254218582705,0.0,0.32373,0.64746,9.78057
21651514935,21.65,0.04581489286485115,0.02663372438543347,0.0,0.24525000000000002,0.71613,9.72171
21656565440,21.65,0.04366813788489812,0.03408628029144926,0.0,0.20601000000000003,0.6867000000000001,9.81
21661615945,21.65,0.031956978604016174,0.03834488366631542,0.0,0.06867000000000001,0.60822,9.85905
21666666450,21.65,0.02982767691658309,0.039409534510031964,0.0,-0.039240000000000004,0.5591700000000001,9.83943
21671716955,21.65,0.039409534510031964,0.02663372438543347,0.0,-0.12753,0.63765,9.84924
21676767460,21.65,0.04153883619746504,0.002129301687433082,0.0,-0.14715,0.80442,9.85905
21681817965,21.65,0.044732788728614664,-0.0170518667919846,0.0,0.0,0.84366,9.888480000000001
21686868470,21.65,0.03515093113516579,-0.01811651763570114,0.0,0.04905,0.79461,9.85905
21691918975,21.65,0.024504422698000388,-0.01918116847941768,0.0,0.04905,0.71613,9.751140000000001
21696969480,21.65,0.007452555906015787,-0.03728023282259888,0.0,0.0981,0.70632,9.79038
21702019985,21.65,0.002129301687433082,-0.05007349623971732,0.0,0.25506,0.64746,9.91791
21707070490,21.65,0.005323254218582705,-0.05326744877086694,0.0,0.38259000000000004,0.5591700000000001,10.03563
21712120995,21.65,0.01918116847941768,-0.06178465552059926,0.0,0.5395500000000001,0.64746,9.91791
21717171500,21.65,0.033021629447732716,-0.05646140130201656,0.0,0.69651,0.63765,9.79038
21722222005,21.65,0.0404741853537485,-0.022375121010567305,0.0,0.80442,0.5591700000000001,9.623610000000001
21727272510,21.65,0.044732788728614664,0.02769837522915001,0.0,0.72594,0.59841,9.39798
21732323015,21.65,0.05007349623971732,0.07456046564519776,0.0,0.57879,0.59841,9.39798
21737373520,21.65,0.05220279792715039,0.10653489754173388,0.0,0.23544,0.6278400000000001,9.56475
21742424025,21.65,0.060720004676882725,0.12676326357234816,0.0,-0.05886,0.6867000000000001,9.751140000000001
21747474530,21.65,0.07243116395776468,0.13955652698946658,0.0,-0.32373,0.79461,9.751140000000001
21752525035,21.65,0.0756251164889143,0.12144000935376545,0.0,-0.56898,0.89271,9.7119
21757575540,21.65,0.07030186227033158,0.09267698328089889,0.0,-0.7749900000000001,0.9908100000000001,9.6138
21762626045,21.65,0.05113814708343386,0.05646140130201656,0.0,-0.85347,0.9810000000000001,9.496080000000001
21767676550,21.65,0.03089232776029963,0.002129301687433082,0.0,-0.86328,1.02024,9.38817
21772727055,21.65,0.012775810124598492,-0.06497860805174888,0.0,-0.71613,1.0791000000000002,9.42741
21777777560,21.65,-0.003193952531149623,-0.11931070766633237,0.0,-0.47088,1.1281500000000002,9.59418
21782828065,21.65,-0.02556907354171693,-0.15446163880149816,0.0,-0.10791,1.01043,9.78057
21787878570,21.65,-0.0404741853537485,-0.1757721089683489,0.0,0.25506,0.79461,9.770760000000001
21792929075,21.65,-0.05965535383316618,-0.16831955306233315,0.0,0.60822,0.49050000000000005,9.81
21797979580,21.65,-0.06284930636431581,-0.13102186694721432,0.0,0.89271,0.28449,9.751140000000001
21803030085,21.65,-0.05007349623971732,-0.07243116395776468,0.0,0.9810000000000001,0.17658,9.819809999999999
21808080590,21.65,-0.007452555906015787,-0.020245819323134222,0.0,0.9908100000000001,0.15696000000000002,9.87867
21813131095,21.65,0.02769837522915001,0.02769837522915001,0.0,0.94176,0.20601000000000003,10.06506
21818181600,21.65,0.060720004676882725,0.06923721142661506,0.0,0.80442,0.30411,10.08468
21823232105,21.65,0.09161233243718235,0.10438814256178083,0.0,0.52974,0.51012,10.12392
21828282610,21.65,0.10438814256178083,0.13102186694721432,0.0,0.25506,0.72594,10.08468
21833333115,21.65,0.10866419922916695,0.14594443205176583,0.0,-0.009810000000000001,0.9221400000000001,9.92772
21838383620,21.65,0.09267698328089889,0.1374272253020335,0.0,-0.25506,1.08891,9.819809999999999
21843434125,21.65,0.07883652231258387,0.09906488834319814,0.0,-0.49050000000000005,1.16739,9.7119
21848484630,21.65,0.05007349623971732,0.05965535383316618,0.0,-0.6278400000000001,1.1281500000000002,9.633420000000001
21853535135,21.65,0.03089232776029963,0.021310470166850764,0.0,-0.6768900000000001,0.95157,9.60399
21858585640,21.65,0.006387905062299246,-0.00958185759344887,0.0,-0.6768900000000001,0.7651800000000001,9.59418
21863636145,21.65,-0.00958185759344887,-0.04366813788489812,0.0,-0.60822,0.6670800000000001,9.60399
21868686650,21.65,-0.00958185759344887,-0.08309512568745003,0.0,-0.42183,0.69651,9.73152
21873737155,21.65,0.001064650843716541,-0.11931070766633237,0.0,-0.21582,0.8142300000000001,9.760950000000001
21878787660,21.65,0.00958185759344887,-0.14062117783318315,0.0,0.15696000000000002,0.90252,9.74133
21883838165,21.65,0.002129301687433082,-0.12569861272863161,0.0,0.51012,0.8338500000000001,9.68247
21888888670,21.65,0.0,-0.09800023749948161,0.0,0.80442,0.74556,9.44703
21893939175,21.65,-0.012775810124598492,-0.05965535383316618,0.0,0.94176,0.6180300000000001,9.34893
21898989680,21.65,-0.012775810124598492,-0.01918116847941768,0.0,0.95157,0.5395500000000001,9.42741
21904040185,21.65,-0.004258603374866164,0.021310470166850764,0.0,0.84366,0.47088,9.6138
21909090690,21.65,0.01811651763570114,0.060720004676882725,0.0,0.65727,0.51012,9.770760000000001
21914141195,21.65,0.04794419455228423,0.09161233243718235,0.0,0.38259000000000004,0.59841,9.83943
21919191700,21.65,0.06497860805174888,0.11079350091660004,0.0,0.16677000000000003,0.6278400000000001,9.87867
21924242205,21.65,0.07030186227033158,0.13208651779093086,-0.005323254218582705,-0.0981,0.71613,9.81
21929292710,21.65,0.06497860805174888,0.13102186694721432,-0.001064650843716541,-0.41202000000000005,0.80442,9.72171
21934343215,21.65,0.05326744877086694,0.12037535851004891,0.0,-0.6180300000000001,0.9613800000000001,9.73152
21939393720,21.65,0.05113814708343386,0.07883652231258387,0.0,-0.7749900000000001,1.1183400000000001,9.74133
21944444225,21.65,0.03515093113516579,0.02556907354171693,0.0,-0.84366,1.15758,9.83943
21949494730,21.65,0.022375121010567305,-0.05646140130201656,0.0,-0.72594,1.0987200000000001,9.770760000000001
21954545235,21.65,-0.006387905062299246,-0.12144000935376545,0.001064650843716541,-0.45126,0.9810000000000001,9.74133
21959595740,21.65,-0.039409534510031964,-0.16510814723866357,0.002129301687433082,-0.13734000000000002,0.89271,9.770760000000001
21964646245,21.65,-0.054332099614583476,-0.1757721089683489,0.0,0.33354000000000006,0.69651,9.80019
21969696750,21.65,-0.05965535383316618,-0.15872024217636432,0.0,0.70632,0.52974,9.81
21974747255,21.65,-0.04794419455228423,-0.10653489754173388,0.001064650843716541,0.9711900000000001,0.33354000000000006,9.83943
21979797760,21.65,-0.01918116847941768,-0.05007349623971732,0.0,1.02024,0.15696000000000002,9.85905
21984848265,21.65,0.01064650843716541,0.031956978604016174,-0.004258603374866164,0.8829,0.0981,9.79038
21989898770,21.65,0.05965535383316618,0.10438814256178083,-0.002129301687433082,0.59841,0.22563,9.70209
21994949275,21.65,0.09480628496833199,0.1555262896452147,-0.001064650843716541,0.25506,0.57879,9.760950000000001
21999999780,21.65,0.11185815176031658,0.17364280728091586,-0.004258603374866164,-0.009810000000000001,0.9221400000000001,9.89829
22005050285,21.65,0.11292280260403312,0.14700908289548237,0.0,-0.28449,1.26549,9.74133
22010100790,21.65,0.09161233243718235,0.10332349171806432,-0.002129301687433082,-0.44145,1.51074,9.65304
22015151295,21.65,0.05752605214573309,0.044732788728614664,-0.001064650843716541,-0.51012,1.46169,9.6138
22020201800,21.65,0.013840460968315033,-0.014905111812031574,0.0,-0.51993,1.2556800000000001,9.496080000000001
22025252305,21.65,-0.02982767691658309,-0.05752605214573309,-0.001064650843716541,-0.3924,0.90252,9.46665
22030302810,21.65,-0.05113814708343386,-0.08096582400001695,0.005323254218582705,-0.2943,0.5886,9.5157
22035353315,21.65,-0.05965535383316618,-0.07990117315630041,0.004258603374866164,-0.21582,0.38259000000000004,9.6138
22040403820,21.65,-0.04260348704118158,-0.07777187146886733,0.0,-0.06867000000000001,0.40221,9.78057
22045454325,21.65,-0.011711159280881954,-0.07456046564519776,0.002129301687433082,0.06867000000000001,0.57879,9.888480000000001
22050504830,21.65,0.0170518667919846,-0.07136651311404815,0.001064650843716541,0.31392000000000003,0.79461,9.98658
22055555335,21.65,0.023439771854283843,-0.06710790973918197,0.001064650843716541,0.56898,0.84366,9.95715
22060605840,21.65,0.01811651763570114,-0.044732788728614664,0.0,0.69651,0.73575,9.81
22065656345,21.65,0.005323254218582705,-0.00958185759344887,-0.001064650843716541,0.6768900000000001,0.63765,9.67266
22070706850,21.65,0.005323254218582705,0.02663372438543347,-0.002129301687433082,0.57879,0.5493600000000001,9.69228
22075757355,21.65,0.014905111812031574,0.06284930636431581,0.0,0.36297,0.5591700000000001,9.72171
22080807860,21.65,0.03834488366631542,0.08203047484373349,0.001064650843716541,0.15696000000000002,0.6278400000000001,9.78057
22085858365,21.65,0.05646140130201656,0.10225884087434776,-0.003193952531149623,-0.02943,0.75537,9.819809999999999
22090908870,21.65,0.05965535383316618,0.10012953918691468,-0.002129301687433082,-0.20601000000000003,0.9123300000000001,9.73152
22095959375,21.65,0.05113814708343386,0.07670722062515077,-0.001064650843716541,-0.35316,1.05948,9.66285
22101009880,21.65,0.0404741853537485,0.03621558197888234,-0.001064650843716541,-0.43164,1.1281500000000002,9.633420000000001
22106060385,21.65,0.020245819323134222,-0.014905111812031574,0.001064650843716541,-0.36297,1.15758,9.65304
22111110890,21.65,-0.003193952531149623,-0.05752605214573309,0.0,-0.24525000000000002,1.03986,9.623610000000001
22116161395,21.65,-0.020245819323134222,-0.07030186227033158,-0.001064650843716541,-0.0981,0.87309,9.69228
22121211900,21.65,-0.03089232776029963,-0.05859070298944965,0.001064650843716541,0.019620000000000002,0.57879,9.67266
22126262405,21.65,-0.031956978604016174,-0.05113814708343386,0.001064650843716541,0.04905,0.46107000000000004,9.66285
22131312910,21.65,-0.02556907354171693,-0.03621558197888234,0.0,0.10791,0.46107000000000004,9.72171
22136363415,21.65,-0.004258603374866164,-0.024504422698000388,0.001064650843716541,0.17658,0.5493600000000001,9.80019
22141413920,21.65,0.015987215948268057,-0.02769837522915001,0.0,0.32373,0.7651800000000001,9.908100000000001
22146464425,21.65,0.03089232776029963,-0.02663372438543347,0.0,0.40221,0.9319500000000001,9.96696
22151514930,21.65,0.03728023282259888,-0.01064650843716541,0.001064650843716541,0.44145,0.8829,9.81
22156565435,21.65,0.03089232776029963,0.007452555906015787,-0.002129301687433082,0.44145,0.8142300000000001,9.633420000000001
22161615940,21.65,0.0170518667919846,0.031956978604016174,-0.002129301687433082,0.35316,0.71613,9.5157
22166666445,21.65,0.007452555906015787,0.06284930636431581,0.0,0.16677000000000003,0.6278400000000001,9.46665
22171716950,21.65,0.014905111812031574,0.08203047484373349,0.0,-0.039240000000000004,0.6867000000000001,9.52551
22176767455,21.65,0.024504422698000388,0.07990117315630041,0.001064650843716541,-0.1962,0.8142300000000001,9.68247
22181817960,21.65,0.033021629447732716,0.04366813788489812,0.001064650843716541,-0.27468000000000004,1.02024,9.770760000000001
22186868465,21.65,0.031956978604016174,0.0,0.0,-0.2943,1.1183400000000001,9.84924
22191918970,21.65,0.01918116847941768,-0.031956978604016174,0.0,-0.1962,1.05948,9.85905
22196969475,21.65,-0.011711159280881954,-0.04366813788489812,-0.001064650843716541,-0.0981,0.85347,9.69228
22202019980,21.65,-0.028763026072866547,-0.04366813788489812,0.002129301687433082,-0.009810000000000001,0.6180300000000001,9.6138
22207070485,21.65,-0.028763026072866547,-0.02982767691658309,0.0,-0.009810000000000001,0.52974,9.65304
22212120990,21.65,-0.022375121010567305,-0.01918116847941768,-0.001064650843716541,0.019620000000000002,0.59841,9.70209
22217171495,21.65,0.001064650843716541,-0.033021629447732716,0.004258603374866164,0.13734000000000002,0.7651800000000001,9.82962
22222222000,21.65,0.01918116847941768,-0.03834488366631542,0.002129301687433082,0.25506,0.9123300000000001,9.908100000000001
22227272505,21.65,0.00958185759344887,-0.02769837522915001,-0.001064650843716541,0.3924,0.8338500000000001,9.91791
22232323010,21.65,0.005323254218582705,-0.014905111812031574,-0.001064650843716541,0.3924,0.72594,9.78057
22237373515,21.65,-0.001064650843716541,0.014905111812031574,0.0,0.2943,0.5886,9.79038
22242424020,21.65,-0.001064650843716541,0.03408628029144926,-0.002129301687433082,0.17658,0.51012,9.751140000000001
22247474525,21.65,0.006387905062299246,0.046879543708567686,-0.001064650843716541,0.04905,0.60822,9.80019
22252525030,21.65,0.033021629447732716,0.044732788728614664,-0.001064650843716541,-0.009810000000000001,0.80442,9.78057
22257575535,21.65,0.049008845396000776,0.031956978604016174,0.002129301687433082,-0.039240000000000004,1.04967,9.74133
22262626040,21.65,0.0404741853537485,0.01918116847941768,0.0,-0.009810000000000001,1.15758,9.73152
22267676545,21.65,0.021310470166850764,0.01064650843716541,-0.002129301687433082,0.0,1.08891,9.65304
22272727050,21.65,-0.002129301687433082,0.007452555906015787,0.0,-0.05886,0.8142300000000001,9.59418
22277777555,21.65,-0.03089232776029963,0.003193952531149623,-0.003193952531149623,-0.13734000000000002,0.60822,9.56475
22282828060,21.65,-0.02556907354171693,-0.008517206749732328,0.0,-0.17658,0.5886,9.69228
22287878565,21.65,-0.008517206749732328,-0.01918116847941768,0.0,-0.12753,0.71613,9.72171
22292929070,21.65,0.014905111812031574,-0.03834488366631542,0.002129301687433082,0.019620000000000002,0.9123300000000001,9.770760000000001
22297979575,21.65,0.023439771854283843,-0.033021629447732716,0.0,0.17658,0.9810000000000001,9.74133
22303030080,21.65,0.014905111812031574,-0.011711159280881954,0.001064650843716541,0.21582,0.87309,9.60399
22308080585,21.65,-0.012775810124598492,0.007452555906015787,-0.001064650843716541,0.17658,0.7651800000000001,9.54513
22313131090,21.65,-0.02663372438543347,0.023439771854283843,-0.002129301687433082,0.039240000000000004,0.60822,9.66285
22318181595,21.65,-0.020245819323134222,0.0170518667919846,0.0,-0.05886,0.60822,9.80019
22323232100,21.65,-0.004258603374866164,-0.002129301687433082,0.002129301687433082,-0.04905,0.69651,9.96696
22328282605,21.65,0.01811651763570114,-0.0170518667919846,0.0,0.05886,0.87309,9.96696
22333333110,21.65,0.02663372438543347,-0.01918116847941768,0.0,0.14715,0.9123300000000001,9.83943
22338383615,21.65,0.021310470166850764,-0.008517206749732328,0.0,0.15696000000000002,0.89271,9.68247
22343434120,21.65,-0.001064650843716541,0.003193952531149623,0.0,0.14715,0.7848,9.623610000000001
22348484625,21.65,-0.023439771854283843,0.004258603374866164,0.0,0.06867000000000001,0.69651,9.633420000000001
22353535130,21.65,-0.021310470166850764,-0.01064650843716541,0.0,0.08829,0.69651,9.82962
22358585635,21.65,-0.006387905062299246,-0.011711159280881954,0.002129301687433082,0.12753,0.75537,9.94734
22363636140,21.65,0.013840460968315033,-0.01064650843716541,0.0,0.17658,0.7651800000000001,9.908100000000001
22368686645,21.65,0.02556907354171693,0.003193952531149623,-0.001064650843716541,0.18639,0.7749900000000001,9.79038
22373737150,21.65,0.022375121010567305,0.02663372438543347,-0.001064650843716541,0.12753,0.73575,9.53532
22378787655,21.65,0.01064650843716541,0.0404741853537485,0.0,0.019620000000000002,0.7651800000000001,9.37836
22383838160,21.65,0.001064650843716541,0.03834488366631542,0.0,-0.05886,0.86328,9.4176
22388888665,21.65,0.004258603374866164,0.02769837522915001,0.001064650843716541,-0.0981,1.01043,9.58437
22393939170,21.65,0.007452555906015787,0.004258603374866164,0.0,-0.08829,1.1281500000000002,9.7119
22398989675,21.65,0.004258603374866164,-0.00958185759344887,-0.004258603374866164,-0.05886,1.04967,9.760950000000001
22404040180,21.65,-0.005323254218582705,-0.014905111812031574,0.0,-0.019620000000000002,0.8338500000000001,9.58437
22409090685,21.65,-0.024504422698000388,-0.011711159280881954,0.0,-0.05886,0.6180300000000001,9.39798
22414141190,21.65,-0.03515093113516579,-0.01064650843716541,0.004258603374866164,-0.07848000000000001,0.65727,9.38817
22419191695,21.65,-0.03515093113516579,-0.020245819323134222,0.001064650843716541,0.0,0.79461,9.53532
22424242200,21.65,-0.01811651763570114,-0.02663372438543347,0.0,0.10791,0.9711900000000001,9.760950000000001
22429292705,21.65,-0.007452555906015787,-0.031956978604016174,0.001064650843716541,0.20601000000000003,0.9908100000000001,9.99639
22434343210,21.65,-0.008517206749732328,-0.01918116847941768,-0.001064650843716541,0.26487,0.7651800000000001,9.96696
22439393715,21.65,-0.021310470166850764,-0.007452555906015787,-0.001064650843716541,0.20601000000000003,0.50031,9.81
22444444220,21.65,-0.03515093113516579,0.004258603374866164,0.002129301687433082,0.07848000000000001,0.40221,9.79038
22449494725,21.65,-0.02663372438543347,0.01918116847941768,0.002129301687433082,0.06867000000000001,0.46107000000000004,9.80019
22454545230,21.65,0.001064650843716541,0.020245819323134222,0.001064650843716541,0.0,0.6670800000000001,9.94734
22459595735,21.65,0.024504422698000388,0.01918116847941768,0.0,0.0,0.9319500000000001,10.074869999999999
22464646240,21.65,0.03621558197888234,0.013840460968315033,-0.002129301687433082,0.04905,1.02024,10.05525
22469696745,21.65,0.01918116847941768,0.001064650843716541,-0.001064650843716541,0.05886,0.9711900000000001,9.85905
22474747250,21.65,-0.003193952531149623,-0.01064650843716541,-0.006387905062299246,0.039240000000000004,0.8240400000000001,9.66285
22479797755,21.65,-0.020245819323134222,-0.002129301687433082,0.003193952531149623,0.08829,0.70632,9.53532
22484848260,21.65,-0.031956978604016174,0.004258603374866164,0.0,0.02943,0.65727,9.53532
22489898765,21.65,-0.014905111812031574,0.00958185759344887,0.002129301687433082,-0.009810000000000001,0.7749900000000001,9.67266
22494949270,21.65,0.002129301687433082,0.01064650843716541,0.0,-0.019620000000000002,0.8829,9.73152
22499999775,21.65,0.013840460968315033,0.0,0.001064650843716541,0.02943,0.9711900000000001,9.69228
22505050280,21.65,0.005323254218582705,-0.008517206749732328,-0.001064650843716541,0.05886,0.9613800000000001,9.633420000000001
22510100785,21.65,-0.012775810124598492,-0.004258603374866164,0.0,0.07848000000000001,0.85347,9.52551
22515151290,21.65,-0.031956978604016174,0.015987215948268057,0.0,0.0,0.6867000000000001,9.52551
22520201795,21.65,-0.03621558197888234,0.020245819323134222,-0.001064650843716541,-0.06867000000000001,0.6180300000000001,9.69228
22525252300,21.65,-0.024504422698000388,0.01064650843716541,0.0,-0.14715,0.6670800000000001,9.819809999999999
22530302805,21.65,-0.008517206749732328,-0.012775810124598492,0.0,-0.11772,0.7848,9.89829
22535353310,21.65,0.006387905062299246,-0.028763026072866547,-0.001064650843716541,0.009810000000000001,0.89271,9.82962
22540403815,21.65,0.005323254218582705,-0.02556907354171693,0.001064650843716541,0.12753,0.94176,9.67266
22545454320,21.65,-0.006387905062299246,-0.00958185759344887,0.001064650843716541,0.1962,0.85347,9.53532
22550504825,21.65,-0.02769837522915001,0.005323254218582705,0.0,0.15696000000000002,0.7848,9.496080000000001
22555555330,21.65,-0.03408628029144926,0.00958185759344887,0.003193952531149623,0.04905,0.72594,9.59418
22560605835,21.65,-0.03408628029144926,0.001064650843716541,0.003193952531149623,0.0,0.70632,9.80019
22565656340,21.65,-0.024504422698000388,-0.001064650843716541,0.0,0.009810000000000001,0.6867000000000001,9.96696
22570706845,21.65,-0.006387905062299246,0.001064650843716541,0.0,0.0,0.6768900000000001,9.94734
22575757350,21.65,-0.002129301687433082,-0.001064650843716541,0.0,0.009810000000000001,0.6867000000000001,9.82962
22580807855,21.65,-0.006387905062299246,0.0,0.0,0.02943,0.71613,9.79038
22585858360,21.65,-0.01064650843716541,0.0,0.0,0.019620000000000002,0.7651800000000001,9.72171
22590908865,21.65,-0.014905111812031574,-0.003193952531149623,-0.001064650843716541,0.06867000000000001,0.84366,9.78057
22595959370,21.65,-0.01064650843716541,-0.003193952531149623,0.0,0.07848000000000001,0.90252,9.84924
22601009875,21.65,-0.006387905062299246,-0.004258603374866164,0.0,0.13734000000000002,0.84366,9.89829
22606060380,21.65,-0.015987215948268057,-0.001064650843716541,0.0,0.0981,0.71613,9.81
22611110885,21.65,-0.021310470166850764,0.0,0.0,0.04905,0.59841,9.751140000000001
22616161390,21.65,-0.02663372438543347,0.006387905062299246,-0.001064650843716541,0.02943,0.5493600000000001,9.65304
22621211895,21.65,-0.020245819323134222,0.013840460968315033,0.0,-0.019620000000000002,0.63765,9.73152
22626262400,21.65,-0.00958185759344887,0.01918116847941768,0.0,-0.009810000000000001,0.7651800000000001,9.83943
22631312905,21.65,0.004258603374866164,0.008517206749732328,0.0,-0.039240000000000004,0.9221400000000001,9.87867
22636363410,21.65,0.007452555906015787,-0.005323254218582705,-0.002129301687433082,0.019620000000000002,0.94176,9.85905
22641413915,21.65,0.0,-0.002129301687433082,-0.004258603374866164,0.02943,0.90252,9.67266
22646464420,21.65,-0.006387905062299246,0.0,0.003193952531149623,0.02943,0.80442,9.496080000000001
22651514925,21.65,-0.024504422698000388,0.011711159280881954,0.002129301687433082,0.0,0.75537,9.45684
22656565430,21.65,-0.033021629447732716,0.01811651763570114,0.0,-0.05886,0.74556,9.5157
22661615935,21.65,-0.02556907354171693,0.004258603374866164,0.001064650843716541,-0.06867000000000001,0.7749900000000001,9.60399
22666666440,21.65,-0.024504422698000388,-0.014905111812031574,-0.001064650843716541,-0.019620000000000002,0.85347,9.67266
22671716945,21.65,-0.01918116847941768,-0.020245819323134222,-0.002129301687433082,0.019620000000000002,0.8829,9.770760000000001
22676767450,21.65,-0.0170518667919846,-0.00958185759344887,0.002129301687433082,0.06867000000000001,0.8142300000000001,9.7119
22681817955,21.65,-0.01918116847941768,-0.002129301687433082,0.0,0.039240000000000004,0.71613,9.67266
22686868460,21.65,-0.022375121010567305,0.0,0.004258603374866164,0.05886,0.64746,9.65304
22691918965,21.65,-0.03515093113516579,0.003193952531149623,0.0,0.0,0.6670800000000001,9.623610000000001
22696969470,21.65,-0.02982767691658309,-0.003193952531149623,0.0,0.009810000000000001,0.72594,9.69228
22702019975,21.65,-0.022375121010567305,-0.003193952531149623,0.0,0.02943,0.8338500000000001,9.81
22707070480,21.65,-0.01918116847941768,-0.001064650843716541,0.0,0.05886,0.8240400000000001,9.83943
22712120985,21.65,-0.020245819323134222,-0.004258603374866164,-0.002129301687433082,0.05886,0.7651800000000001,9.89829
22717171490,21.65,-0.01918116847941768,-0.008517206749732328,0.001064650843716541,0.04905,0.6867000000000001,9.819809999999999
22722221995,21.65,-0.023439771854283843,-0.004258603374866164,0.002129301687433082,0.05886,0.5886,9.760950000000001
22727272500,21.65,-0.03408628029144926,0.006387905062299246,0.0,0.009810000000000001,0.56898,9.74133
22732323005,21.65,-0.02556907354171693,0.020245819323134222,0.001064650843716541,-0.009810000000000001,0.5886,9.751140000000001
22737373510,21.65,-0.012775810124598492,0.024504422698000388,0.0,-0.08829,0.71613,9.80019
22742424015,21.65,-0.002129301687433082,0.006387905062299246,0.0,-0.06867000000000001,0.90252,9.81
22747474520,21.65,0.001064650843716541,-0.006387905062299246,-0.002129301687433082,-0.02943,0.9908100000000001,9.81
22752525025,21.65,-0.01064650843716541,-0.021310470166850764,0.0,0.05886,0.9613800000000001,9.73152
22757575530,21.65,-0.03089232776029963,-0.013840460968315033,0.0,0.0981,0.7651800000000001,9.623610000000001
22762626035,21.65,-0.044732788728614664,0.005323254218582705,-0.002129301687433082,0.05886,0.5395500000000001,9.56475
22767676540,21.65,-0.05007349623971732,0.015987215948268057,0.0,-0.05886,0.45126,9.59418
22772727045,21.65,-0.03515093113516579,0.0170518667919846,0.0,-0.10791,0.56898,9.68247
22777777550,21.65,-0.013840460968315033,0.012775810124598492,-0.002129301687433082,-0.15696000000000002,0.79461,9.79038
22782828055,21.65,0.002129301687433082,0.003193952531149623,0.0,-0.05886,0.9810000000000001,9.84924
22787878560,21.65,-0.002129301687433082,-0.012775810124598492,-0.002129301687433082,-0.009810000000000001,0.9810000000000001,9.79038
22792929065,21.65,-0.01918116847941768,-0.013840460968315033,-0.002129301687433082,0.019620000000000002,0.85347,9.623610000000001
22797979570,21.65,-0.04366813788489812,-0.011711159280881954,-0.001064650843716541,0.019620000000000002,0.70632,9.45684
22803030075,21.65,-0.05539675045830002,-0.013840460968315033,-0.002129301687433082,0.039240000000000004,0.6768900000000001,9.52551
22808080580,21.65,-0.05007349623971732,-0.012775810124598492,0.0,0.05886,0.6768900000000001,9.751140000000001
22813131085,21.65,-0.039409534510031964,-0.013840460968315033,0.001064650843716541,0.07848000000000001,0.6670800000000001,9.83943
22818181590,21.65,-0.03089232776029963,-0.021310470166850764,0.0,0.11772,0.64746,9.92772
22823232095,21.65,-0.02769837522915001,-0.01064650843716541,-0.001064650843716541,0.14715,0.57879,9.85905
22828282600,21.65,-0.02663372438543347,0.0,0.0,0.10791,0.5886,9.7119
22833333105,21.65,-0.02982767691658309,0.014905111812031574,-0.001064650843716541,0.07848000000000001,0.6180300000000001,9.78057
22838383610,21.65,-0.022375121010567305,0.02769837522915001,0.0,0.019620000000000002,0.65727,9.82962
22843434115,21.65,-0.013840460968315033,0.023439771854283843,0.0,-0.009810000000000001,0.69651,9.888480000000001
22848484620,21.65,-0.013840460968315033,0.023439771854283843,-0.003193952531149623,-0.0981,0.72594,9.89829
22853535125,21.65,-0.007452555906015787,0.021310470166850764,0.0,-0.11772,0.7651800000000001,9.751140000000001
22858585630,21.65,-0.006387905062299246,0.013840460968315033,0.002129301687433082,-0.13734000000000002,0.8240400000000001,9.60399
22863636135,21.65,-0.022375121010567305,0.003193952531149623,0.0,-0.13734000000000002,0.90252,9.67266
22868686640,21.65,-0.031956978604016174,-0.00958185759344887,0.0,-0.0981,0.79461,9.66285
22873737145,21.65,-0.046879543708567686,-0.0170518667919846,-0.002129301687433082,-0.039240000000000004,0.6867000000000001,9.69228
22878787650,21.65,-0.05007349623971732,-0.023439771854283843,-0.001064650843716541,-0.039240000000000004,0.60822,9.68247
22883838155,21.65,-0.04581489286485115,-0.0170518667919846,0.001064650843716541,-0.009810000000000001,0.63765,9.751140000000001
22888888660,21.65,-0.03621558197888234,-0.015987215948268057,0.0,0.019620000000000002,0.65727,9.74133
22893939165,21.65,-0.028763026072866547,-0.023439771854283843,0.0,0.10791,0.6670800000000001,9.78057
22898989670,21.65,-0.031956978604016174,-0.013840460968315033,-0.001064650843716541,0.15696000000000002,0.6278400000000001,9.67266
22904040175,21.65,-0.02769837522915001,0.0,0.0,0.12753,0.6768900000000001,9.56475
22909090680,21.65,-0.02663372438543347,0.0170518667919846,0.0,0.07848000000000001,0.75537,9.58437
22914141185,21.65,-0.023439771854283843,0.023439771854283843,0.0,0.04905,0.79461,9.69228
22919191690,21.65,-0.03089232776029963,0.013840460968315033,0.0,0.0,0.7651800000000001,9.760950000000001
22924242195,21.65,-0.03621558197888234,0.002129301687433082,-0.001064650843716541,-0.009810000000000001,0.70632,9.78057
22929292700,21.65,-0.03834488366631542,0.006387905062299246,-0.001064650843716541,-0.02943,0.6278400000000001,9.7119
22934343205,21.65,-0.039409534510031964,0.0170518667919846,0.0,-0.08829,0.60822,9.66285
22939393710,21.65,-0.033021629447732716,0.01918116847941768,-0.001064650843716541,-0.16677000000000003,0.6278400000000001,9.70209
22944444215,21.65,-0.033021629447732716,0.003193952531149623,0.003193952531149623,-0.17658,0.71613,9.770760000000001
22949494720,21.65,-0.033021629447732716,-0.022375121010567305,0.001064650843716541,-0.0981,0.7848,9.79038
22954545225,21.65,-0.03621558197888234,-0.028763026072866547,-0.001064650843716541,0.0,0.8142300000000001,9.85905
22959595730,21.65,-0.03834488366631542,-0.00958185759344887,0.002129301687433082,0.04905,0.6768900000000001,9.83943
22964646235,21.65,-0.044732788728614664,0.0,0.004258603374866164,-0.009810000000000001,0.50031,9.81
22969696740,21.65,-0.05220279792715039,-0.007452555906015787,-0.001064650843716541,-0.05886,0.45126,9.82962
22974747245,21.65,-0.05113814708343386,-0.01811651763570114,0.003193952531149623,-0.04905,0.50031,9.83943
22979797750,21.65,-0.03834488366631542,-0.024504422698000388,0.0,0.05886,0.6180300000000001,9.89829
22984848255,21.65,-0.020245819323134222,-0.020245819323134222,0.0,0.12753,0.73575,9.95715
22989898760,21.65,-0.012775810124598492,-0.004258603374866164,0.0,0.22563,0.75537,9.87867
22994949265,21.65,-0.015987215948268057,0.00958185759344887,0.0,0.16677000000000003,0.72594,9.751140000000001
22999999770,21.65,-0.02982767691658309,0.015987215948268057,0.0,0.10791,0.6278400000000001,9.70209
23005050275,21.65,-0.04366813788489812,0.024504422698000388,0.0,0.039240000000000004,0.50031,9.6138
23010100780,21.65,-0.04581489286485115,0.02982767691658309,0.0,-0.06867000000000001,0.49050000000000005,9.64323
23015151285,21.65,-0.023439771854283843,0.02556907354171693,0.0,-0.12753,0.64746,9.72171
23020201790,21.65,-0.008517206749732328,0.02663372438543347,0.0,-0.15696000000000002,0.8142300000000001,9.81
23025252295,21.65,-0.004258603374866164,0.008517206749732328,0.0,-0.13734000000000002,0.87309,9.770760000000001
23030302800,21.65,-0.01811651763570114,-0.01064650843716541,0.0,-0.12753,0.8240400000000001,9.633420000000001
23035353305,21.65,-0.04153883619746504,-0.013840460968315033,0.0,-0.08829,0.74556,9.47646
23040403810,21.65,-0.05539675045830002,-0.012775810124598492,0.0,-0.04905,0.65727,9.4176
23045454315,21.65,-0.060720004676882725,-0.011711159280881954,0.0,-0.02943,0.63765,9.57456
23050504820,21.65,-0.05859070298944965,-0.00958185759344887,0.0,-0.019620000000000002,0.60822,9.67266
23055555325,21.65,-0.05220279792715039,-0.015987215948268057,0.0,-0.04905,0.5886,9.751140000000001
23060605830,21.65,-0.0404741853537485,-0.0170518667919846,0.0,0.04905,0.6180300000000001,9.751140000000001
23065656335,21.65,-0.039409534510031964,-0.005323254218582705,0.0,0.04905,0.60822,9.70209
23070706840,21.65,-0.04153883619746504,-0.004258603374866164,0.0,0.039240000000000004,0.60822,9.7119
23075757345,21.65,-0.039409534510031964,-0.002129301687433082,0.0,0.04905,0.63765,9.74133
23080807850,21.65,-0.04153883619746504,0.005323254218582705,0.0,0.04905,0.64746,9.751140000000001
23085858355,21.65,-0.04581489286485115,0.0170518667919846,0.0,-0.019620000000000002,0.57879,9.82962
23090908860,21.65,-0.04581489286485115,0.01918116847941768,0.0,-0.08829,0.5493600000000001,9.937529999999999
23095959365,21.65,-0.03728023282259888,0.014905111812031574,0.0,-0.12753,0.5493600000000001,9.94734
23101009870,21.65,-0.03621558197888234,0.0,0.0,-0.14715,0.56898,9.908100000000001
23106060375,21.65,-0.03621558197888234,-0.0170518667919846,0.0,-0.06867000000000001,0.6278400000000001,9.888480000000001
23111110880,21.65,-0.03621558197888234,-0.022375121010567305,0.0,0.0,0.64746,9.86886
23116161385,21.65,-0.033021629447732716,-0.01064650843716541,0.0,0.05886,0.65727,9.82962
23121211890,21.65,-0.03515093113516579,0.002129301687433082,0.0,0.039240000000000004,0.5886,9.82962
23126262395,21.65,-0.04260348704118158,0.007452555906015787,0.0,-0.009810000000000001,0.50031,9.78057
23131312900,21.65,-0.046879543708567686,0.0,0.0,-0.02943,0.48069000000000006,9.760950000000001
23136363405,21.65,-0.039409534510031964,-0.001064650843716541,0.0,-0.019620000000000002,0.5493600000000001,9.74133
23141413910,21.65,-0.033021629447732716,0.0,0.0,-0.009810000000000001,0.59841,9.69228
23146464415,21.65,-0.031956978604016174,0.003193952531149623,0.0,0.0,0.74556,9.69228
23151514920,21.65,-0.02556907354171693,0.001064650843716541,0.0,0.019620000000000002,0.8142300000000001,9.70209
23156565425,21.65,-0.024504422698000388,0.004258603374866164,0.0,0.04905,0.72594,9.633420000000001
23161615930,21.65,-0.044732788728614664,0.007452555906015787,0.0,0.0,0.6278400000000001,9.48627
23166666435,21.65,-0.05646140130201656,0.008517206749732328,0.0,-0.05886,0.5395500000000001,9.50589
23171716940,21.65,-0.05646140130201656,0.01064650843716541,0.0,-0.08829,0.5591700000000001,9.54513
23176767445,21.65,-0.046879543708567686,0.002129301687433082,0.0,-0.10791,0.65727,9.6138
23181817950,21.65,-0.04153883619746504,-0.006387905062299246,0.0,-0.05886,0.7651800000000001,9.74133
23186868455,21.65,-0.0404741853537485,-0.020245819323134222,0.0,-0.02943,0.71613,9.770760000000001
23191918960,21.65,-0.05326744877086694,-0.01064650843716541,0.0,-0.009810000000000001,0.51993,9.74133
23196969465,21.65,-0.06284930636431581,0.013840460968315033,0.0,-0.07848000000000001,0.3924,9.69228
23202019970,21.65,-0.06604325889546543,0.02556907354171693,0.0,-0.20601000000000003,0.33354000000000006,9.69228
23207070475,21.65,-0.060720004676882725,0.01811651763570114,0.0,-0.24525000000000002,0.41202000000000005,9.91791
23212120980,21.65,-0.04260348704118158,-0.001064650843716541,0.0,-0.22563,0.56898,10.025820000000001
23217171485,21.65,-0.02769837522915001,-0.022375121010567305,0.0,-0.14715,0.70632,10.05525
23222221990,21.65,-0.028763026072866547,-0.03728023282259888,0.0,-0.019620000000000002,0.72594,10.01601
23227272495,21.65,-0.03834488366631542,-0.031956978604016174,0.0,0.04905,0.60822,9.888480000000001
23232323000,21.65,-0.05859070298944965,-0.01918116847941768,0.0,0.10791,0.48069000000000006,9.7119
23237373505,21.65,-0.06391395720803235,-0.003193952531149623,0.0,0.05886,0.38259000000000004,9.68247
23242424010,21.65,-0.06710790973918197,0.005323254218582705,0.0,0.019620000000000002,0.32373,9.82962
23247474515,21.65,-0.05326744877086694,0.002129301687433082,0.0,0.019620000000000002,0.40221,9.86886
23252525020,21.65,-0.03089232776029963,-0.002129301687433082,0.0,0.039240000000000004,0.5591700000000001,9.94734
23257575525,21.65,-0.013840460968315033,-0.006387905062299246,0.0,0.07848000000000001,0.6867000000000001,9.84924
23262626030,21.65,-0.01811651763570114,-0.005323254218582705,0.0,0.15696000000000002,0.73575,9.70209
23267676535,21.65,-0.02982767691658309,0.007452555906015787,-0.005323254218582705,0.14715,0.63765,9.6138
23272727040,21.65,-0.04260348704118158,0.039409534510031964,0.0,0.019620000000000002,0.51012,9.5157
23277777545,21.65,-0.05220279792715039,0.060720004676882725,0.0,-0.14715,0.42183,9.46665
23282828050,21.65,-0.05007349623971732,0.06923721142661506,0.0,-0.30411,0.49050000000000005,9.65304
23287878555,21.65,-0.03621558197888234,0.04366813788489812,0.003193952531149623,-0.43164,0.57879,9.7119
23292929060,21.65,-0.031956978604016174,0.005323254218582705,-0.001064650843716541,-0.41202000000000005,0.72594,9.74133
23297979565,21.65,-0.033021629447732716,-0.04153883619746504,0.001064650843716541,-0.31392000000000003,0.8240400000000001,9.760950000000001
23303030070,21.65,-0.05007349623971732,-0.06391395720803235,0.002129301687433082,-0.10791,0.79461,9.760950000000001
23308080575,21.65,-0.07456046564519776,-0.07349581480148122,-0.003193952531149623,0.0981,0.59841,9.68247
23313131080,21.65,-0.08841837990603273,-0.054332099614583476,-0.002129301687433082,0.14715,0.38259000000000004,9.65304
23318181585,21.65,-0.08628907821859966,-0.023439771854283843,-0.001064650843716541,0.15696000000000002,0.1962,9.70209
23323232090,21.65,-0.08096582400001695,0.007452555906015787,0.001064650843716541,0.11772,0.10791,9.81
23328282595,21.65,-0.05859070298944965,0.03089232776029963,-0.001064650843716541,0.0,0.15696000000000002,9.91791
23333333100,21.65,-0.023439771854283843,0.05220279792715039,0.003193952531149623,-0.06867000000000001,0.31392000000000003,9.95715
23338383605,21.65,-0.01064650843716541,0.031956978604016174,0.002129301687433082,-0.15696000000000002,0.59841,9.908100000000001
23343434110,21.65,-0.008517206749732328,0.002129301687433082,0.0,-0.13734000000000002,0.86328,9.89829
23348484615,21.65,-0.012775810124598492,-0.021310470166850764,-0.002129301687433082,0.02943,0.87309,9.92772
23353535120,21.65,-0.044732788728614664,-0.02982767691658309,-0.003193952531149623,0.08829,0.75537,9.70209
23358585625,21.65,-0.07136651311404815,-0.01811651763570114,-0.003193952531149623,0.08829,0.51012,9.59418
23363636130,21.65,-0.0756251164889143,0.013840460968315033,0.002129301687433082,0.009810000000000001,0.24525000000000002,9.6138
23368686635,21.65,-0.07349581480148122,0.04366813788489812,0.0,-0.13734000000000002,0.15696000000000002,9.633420000000001
23373737140,21.65,-0.05965535383316618,0.05007349623971732,0.003193952531149623,-0.23544,0.24525000000000002,9.79038
23378787645,21.65,-0.031956978604016174,0.049008845396000776,0.0,-0.37278,0.36297,9.86886
23383838150,21.65,-0.023439771854283843,0.023439771854283843,0.001064650843716541,-0.41202000000000005,0.5886,9.908100000000001
23388888655,21.65,-0.021310470166850764,-0.0170518667919846,-0.002129301687433082,-0.32373,0.8240400000000001,9.89829
23393939160,21.65,-0.024504422698000388,-0.04260348704118158,0.0,-0.20601000000000003,0.8338500000000001,9.937529999999999
23398989665,21.65,-0.04366813788489812,-0.06284930636431581,0.002129301687433082,-0.06867000000000001,0.69651,9.73152
23404040170,21.65,-0.07990117315630041,-0.05965535383316618,0.0,0.08829,0.50031,9.60399
23409090675,21.65,-0.08735372906231618,-0.04581489286485115,0.003193952531149623,0.15696000000000002,0.28449,9.60399
23414141180,21.65,-0.08841837990603273,-0.03515093113516579,0.003193952531149623,0.17658,0.23544,9.60399
23419191685,21.65,-0.07883652231258387,-0.02982767691658309,0.001064650843716541,0.23544,0.37278,9.7119
23424242190,21.65,-0.046879543708567686,-0.006387905062299246,0.0,0.2943,0.33354000000000006,9.92772
23429292695,21.65,-0.03728023282259888,0.021310470166850764,0.0,0.21582,0.37278,9.908100000000001
23434343200,21.65,-0.028763026072866547,0.04260348704118158,-0.003193952531149623,0.13734000000000002,0.34335000000000004,9.819809999999999
23439393705,21.65,-0.028763026072866547,0.08415977653116657,-0.001064650843716541,-0.039240000000000004,0.32373,9.84924
23444444210,21.65,-0.02982767691658309,0.0852244273748831,-0.001064650843716541,-0.25506,0.32373,9.74133
23449494715,21.65,-0.023439771854283843,0.07990117315630041,0.0,-0.41202000000000005,0.50031,9.70209
23454545220,21.65,-0.01811651763570114,0.06710790973918197,0.0,-0.52974,0.69651,9.70209
23459595725,21.65,-0.013840460968315033,0.02556907354171693,0.003193952531149623,-0.56898,0.85347,9.751140000000001
23464646230,21.65,-0.03515093113516579,-0.0170518667919846,0.0,-0.51993,0.89271,9.751140000000001
23469696735,21.65,-0.06178465552059926,-0.05965535383316618,0.0,-0.35316,0.71613,9.760950000000001
23474747240,21.65,-0.09800023749948161,-0.10119419003063122,0.004258603374866164,-0.20601000000000003,0.50031,9.74133
23479797745,21.65,-0.11079350091660004,-0.12250466019748199,0.0,-0.009810000000000001,0.35316,9.78057
23484848250,21.65,-0.11292280260403312,-0.1171814059788993,0.003193952531149623,0.26487,0.11772,9.908100000000001
23489898755,21.65,-0.10759954838545042,-0.08841837990603273,0.003193952531149623,0.45126,0.06867000000000001,9.908100000000001
23494949260,21.65,-0.08203047484373349,-0.05326744877086694,0.0,0.5395500000000001,0.0981,9.83943
23499999765,21.65,-0.04794419455228423,-0.008517206749732328,0.001064650843716541,0.57879,0.04905,9.74133
23505050270,21.65,-0.02663372438543347,0.02556907354171693,0.0,0.5395500000000001,0.25506,9.7119
23510100775,21.65,-0.01918116847941768,0.06497860805174888,-0.004258603374866164,0.45126,0.32373,9.78057
23515151280,21.65,-0.007452555906015787,0.10332349171806432,0.0,0.1962,0.38259000000000004,9.84924
23520201785,21.65,-0.002129301687433082,0.12144000935376545,-0.001064650843716541,-0.07848000000000001,0.50031,9.819809999999999
23525252290,21.65,-0.006387905062299246,0.12144000935376545,-0.004258603374866164,-0.31392000000000003,0.5493600000000001,9.86886
23530302795,21.65,-0.01064650843716541,0.09800023749948161,0.0,-0.52974,0.6180300000000001,9.79038
23535353300,21.65,-0.01918116847941768,0.060720004676882725,0.001064650843716541,-0.64746,0.69651,9.67266
23540403805,21.65,-0.03515093113516579,0.024504422698000388,0.0,-0.64746,0.74556,9.64323
23545454310,21.65,-0.05539675045830002,-0.014905111812031574,0.0,-0.63765,0.6670800000000001,9.60399
23550504815,21.65,-0.08096582400001695,-0.05220279792715039,-0.001064650843716541,-0.5493600000000001,0.51012,9.67266
23555555320,21.65,-0.09693558665576507,-0.08415977653116657,0.001064650843716541,-0.41202000000000005,0.41202000000000005,9.760950000000001
23560605825,21.65,-0.10119419003063122,-0.10653489754173388,0.0,-0.21582,0.27468000000000004,9.908100000000001
23565656330,21.65,-0.09480628496833199,-0.10759954838545042,0.003193952531149623,0.0,0.22563,9.96696
23570706835,21.65,-0.07990117315630041,-0.10545279340549739,0.0,0.24525000000000002,0.21582,9.91791
23575757340,21.65,-0.06817256058289851,-0.08309512568745003,0.001064650843716541,0.48069000000000006,0.24525000000000002,9.84924
23580807845,21.65,-0.06178465552059926,-0.044732788728614664,-0.001064650843716541,0.6180300000000001,0.24525000000000002,9.7119
23585858350,21.65,-0.05326744877086694,0.001064650843716541,0.0,0.57879,0.17658,9.6138
23590908855,21.65,-0.04581489286485115,0.046879543708567686,-0.002129301687433082,0.49050000000000005,0.23544,9.64323
23595959360,21.65,-0.03408628029144926,0.07883652231258387,0.001064650843716541,0.28449,0.23544,9.84924
23601009865,21.65,-0.02769837522915001,0.08841837990603273,0.0,0.06867000000000001,0.37278,9.97677
23606060370,21.65,-0.013840460968315033,0.08203047484373349,0.0,-0.0981,0.40221,9.95715
23611110875,21.65,-0.01064650843716541,0.06604325889546543,0.0,-0.27468000000000004,0.45126,9.87867
23616161380,21.65,-0.021310470166850764,0.04153883619746504,-0.002129301687433082,-0.31392000000000003,0.5493600000000001,9.68247
23621211885,21.65,-0.02663372438543347,0.02663372438543347,-0.002129301687433082,-0.35316,0.65727,9.56475
23626262390,21.65,-0.04260348704118158,0.007452555906015787,0.0,-0.34335000000000004,0.6867000000000001,9.60399
23631312895,21.65,-0.05752605214573309,-0.01918116847941768,0.001064650843716541,-0.2943,0.60822,9.633420000000001
23636363400,21.65,-0.08096582400001695,-0.033021629447732716,0.0,-0.23544,0.3924,9.72171
23641413905,21.65,-0.09693558665576507,-0.04581489286485115,0.001064650843716541,-0.23544,0.16677000000000003,9.751140000000001
23646464410,21.65,-0.09800023749948161,-0.05539675045830002,0.003193952531149623,-0.16677000000000003,0.11772,9.82962
23651514915,21.65,-0.0852244273748831,-0.05859070298944965,0.001064650843716541,-0.039240000000000004,0.16677000000000003,9.91791
23656565420,21.65,-0.05859070298944965,-0.06284930636431581,0.0,0.11772,0.28449,9.91791
23661615925,21.65,-0.044732788728614664,-0.06178465552059926,0.0,0.33354000000000006,0.37278,9.937529999999999
23666666430,21.65,-0.044732788728614664,-0.039409534510031964,0.0,0.49050000000000005,0.37278,9.770760000000001
23671716935,21.65,-0.05007349623971732,-0.0,-0.002129301687433082,0.47088,0.27468000000000004,9.60399
23676767440,21.65,-0.05539675045830002,0.04153883619746504,0.001064650843716541,0.32373,0.20601000000000003,9.60399
23681817945,21.65,-0.05220279792715039,0.07243116395776468,0.0,0.15696000000000002,0.20601000000000003,9.770760000000001
23686868450,21.65,-0.04153883619746504,0.07777187146886733,0.002129301687433082,-0.06867000000000001,0.18639,9.87867
23691918955,21.65,-0.03408628029144926,0.0756251164889143,0.001064650843716541,-0.21582,0.30411,9.91791
23696969460,21.65,-0.01811651763570114,0.060720004676882725,0.0,-0.32373,0.40221,9.751140000000001
23702019965,21.65,-0.012775810124598492,0.05965535383316618,0.0,-0.40221,0.50031,9.69228
23707070470,21.65,-0.023439771854283843,0.049008845396000776,0.0,-0.47088,0.5886,9.58437
23712120975,21.65,-0.039409534510031964,0.03408628029144926,0.0,-0.52974,0.57879,9.59418
23717171480,21.65,-0.06497860805174888,0.011711159280881954,0.001064650843716541,-0.56898,0.42183,9.68247
23722221985,21.65,-0.08628907821859966,-0.013840460968315033,-0.002129301687433082,-0.59841,0.2943,9.78057
23727272490,21.65,-0.09374163412461543,-0.02982767691658309,0.001064650843716541,-0.57879,0.1962,9.86886
23732322995,21.65,-0.08415977653116657,-0.054332099614583476,0.002129301687433082,-0.51012,0.16677000000000003,10.025820000000001
23737373500,21.65,-0.07243116395776468,-0.08735372906231618,0.003193952531149623,-0.34335000000000004,0.22563,10.025820000000001
23742424005,21.65,-0.06391395720803235,-0.11292280260403312,0.0,-0.04905,0.33354000000000006,10.01601
23747474510,21.65,-0.06284930636431581,-0.11824605682261582,0.001064650843716541,0.25506,0.36297,9.99639
23752525015,21.65,-0.07456046564519776,-0.09693558665576507,-0.002129301687433082,0.5493600000000001,0.24525000000000002,9.86886
23757575520,21.65,-0.08309512568745003,-0.054332099614583476,0.001064650843716541,0.6180300000000001,0.16677000000000003,9.74133
23762626025,21.65,-0.08309512568745003,-0.01918116847941768,0.003193952531149623,0.6180300000000001,0.04905,9.819809999999999
23767676530,21.65,-0.06710790973918197,0.004258603374866164,-0.001064650843716541,0.57879,-0.039240000000000004,9.87867
23772727035,21.65,-0.05220279792715039,0.03621558197888234,0.0,0.47088,-0.009810000000000001,9.92772
23777777540,21.65,-0.0170518667919846,0.05859070298944965,0.0,0.33354000000000006,0.05886,9.84924
23782828045,21.65,0.0,0.07777187146886733,0.0,0.1962,0.28449,9.83943
23787878550,21.65,0.005323254218582705,0.08309512568745003,0.0,0.05886,0.48069000000000006,9.81
23792929055,21.65,-0.001064650843716541,0.0756251164889143,0.0,-0.0981,0.51993,9.68247
23797979560,21.65,-0.02556907354171693,0.06923721142661506,0.0,-0.23544,0.5591700000000001,9.59418
23803030065,21.65,-0.03834488366631542,0.05539675045830002,0.0,-0.36297,0.50031,9.59418
23808080570,21.65,-0.05646140130201656,0.04260348704118158,0.0,-0.47088,0.42183,9.69228
23813131075,21.65,-0.06604325889546543,0.0170518667919846,0.0,-0.51012,0.30411,9.7119
23818181580,21.65,-0.06923721142661506,-0.023439771854283843,0.0,-0.51012,0.27468000000000004,9.67266
23823232085,21.65,-0.07030186227033158,-0.05007349623971732,0.0,-0.37278,0.24525000000000002,9.68247
23828282590,21.65,-0.06923721142661506,-0.05539675045830002,0.0,-0.27468000000000004,0.22563,9.633420000000001
23833333095,21.65,-0.06923721142661506,-0.04794419455228423,0.0,-0.17658,0.2943,9.65304
23838383600,21.65,-0.07030186227033158,-0.04794419455228423,0.0,-0.04905,0.28449,9.79038
23843434105,21.65,-0.07136651311404815,-0.049008845396000776,0.0,0.05886,0.24525000000000002,9.82962
23848484610,21.65,-0.07670722062515077,-0.04153883619746504,0.0,0.12753,0.15696000000000002,9.85905
23853535115,21.65,-0.06817256058289851,-0.021310470166850764,0.0,0.14715,0.10791,9.78057
23858585620,21.65,-0.06178465552059926,0.0,0.0,0.12753,0.0981,9.78057
23863636125,21.65,-0.05326744877086694,0.01811651763570114,0.0,0.10791,0.14715,9.87867
23868686630,21.65,-0.04794419455228423,0.020245819323134222,0.0,0.04905,0.17658,9.888480000000001
23873737135,21.65,-0.04794419455228423,0.013840460968315033,0.0,0.04905,0.22563,9.96696
23878787640,21.65,-0.044732788728614664,0.002129301687433082,0.0,0.0,0.27468000000000004,9.94734
23883838145,21.65,-0.05113814708343386,-0.001064650843716541,0.0,0.009810000000000001,0.24525000000000002,9.97677
23888888650,21.65,-0.05326744877086694,-0.007452555906015787,0.0,0.019620000000000002,0.22563,10.01601
23893939155,21.65,-0.05113814708343386,-0.0170518667919846,0.0,0.04905,0.21582,9.95715
23898989660,21.65,-0.054332099614583476,-0.023439771854283843,0.0,0.11772,0.14715,9.888480000000001
23904040165,21.65,-0.05113814708343386,-0.012775810124598492,0.0,0.13734000000000002,0.11772,9.79038
23909090670,21.65,-0.04794419455228423,0.007452555906015787,0.0,0.11772,0.13734000000000002,9.67266
23914141175,21.65,-0.0404741853537485,0.04153883619746504,0.0,0.039240000000000004,0.15696000000000002,9.68247
23919191680,21.65,-0.03621558197888234,0.06391395720803235,0.0,-0.04905,0.17658,9.770760000000001
23924242185,21.65,-0.03408628029144926,0.06710790973918197,0.0,-0.22563,0.20601000000000003,9.760950000000001
23929292690,21.65,-0.02982767691658309,0.06604325889546543,0.0,-0.36297,0.24525000000000002,9.74133
23934343195,21.65,-0.02982767691658309,0.05859070298944965,0.0,-0.44145,0.32373,9.70209
23939393700,21.65,-0.033021629447732716,0.02663372438543347,0.0,-0.5395500000000001,0.3924,9.64323
23944444205,21.65,-0.049008845396000776,-0.0170518667919846,0.0,-0.49050000000000005,0.38259000000000004,9.65304
23949494710,21.65,-0.06391395720803235,-0.06497860805174888,0.0,-0.36297,0.43164,9.623610000000001
23954545215,21.65,-0.07670722062515077,-0.09906488834319814,0.0,-0.12753,0.51012,9.67266
23959595720,21.65,-0.08735372906231618,-0.11824605682261582,0.0,0.13734000000000002,0.42183,9.819809999999999
23964646225,21.65,-0.10545279340549739,-0.11292280260403312,0.0,0.41202000000000005,0.12753,9.84924
23969696730,21.65,-0.11611675513518273,-0.08628907821859966,0.0,0.5591700000000001,-0.05886,9.81
23974747235,21.65,-0.11185815176031658,-0.039409534510031964,0.0,0.5395500000000001,-0.17658,9.83943
23979797740,21.65,-0.08415977653116657,0.011711159280881954,0.0,0.47088,-0.20601000000000003,9.819809999999999
23984848245,21.65,-0.08096582400001695,0.08735372906231618,0.0,0.40221,-0.13734000000000002,9.94734
23989898750,21.65,-0.04581489286485115,0.11931070766633237,0.0,0.14715,-0.14715,9.83943
23994949255,21.65,-0.028763026072866547,0.12676326357234816,0.0,-0.14715,-0.02943,9.83943
23999999760,21.65,-0.014905111812031574,0.10332349171806432,0.0,-0.40221,0.0,9.770760000000001
24005050265,21.65,0.003193952531149623,0.060720004676882725,0.0,-0.51993,0.14715,9.78057
24010100770,21.65,0.013840460968315033,0.01811651763570114,0.0,-0.5886,0.24525000000000002,9.83943
24015151275,21.65,0.008517206749732328,-0.033021629447732716,0.0,-0.51993,0.72594,9.908100000000001
24020201780,21.65,-0.02663372438543347,-0.07030186227033158,0.0,-0.27468000000000004,0.69651,10.163160000000001
24025252285,21.65,-0.044732788728614664,-0.08735372906231618,0.0,-0.05886,0.42183,9.770760000000001
24030302790,21.65,-0.09800023749948161,-0.06817256058289851,0.0,0.009810000000000001,0.24525000000000002,9.46665
24035353295,21.65,-0.10866419922916695,-0.04260348704118158,0.0,0.14715,-0.019620000000000002,9.59418
24040403800,21.65,-0.10119419003063122,-0.03089232776029963,0.0,0.10791,-0.04905,9.819809999999999
24045454305,21.65,-0.09267698328089889,-0.023439771854283843,0.0,0.14715,-0.07848000000000001,10.006200000000002
24050504810,21.65,-0.08309512568745003,-0.014905111812031574,0.0,0.18639,-0.06867000000000001,10.12392
24055555315,21.65,-0.06284930636431581,-0.014905111812031574,0.0,0.23544,-0.12753,9.83943
24060605820,21.65,-0.04153883619746504,-0.006387905062299246,0.0,0.22563,-0.019620000000000002,9.70209
24065656325,21.65,-0.02769837522915001,0.01064650843716541,0.0,0.25506,0.0,9.60399
24070706830,21.65,-0.014905111812031574,0.031956978604016174,0.0,0.20601000000000003,0.05886,9.6138
24075757335,21.65,-0.0170518667919846,0.05113814708343386,0.0,0.08829,0.21582,9.60399
24080807840,21.65,-0.01064650843716541,0.06710790973918197,0.0,-0.009810000000000001,0.2943,9.69228
24085858345,21.65,-0.033021629447732716,0.07990117315630041,0.0,-0.1962,0.34335000000000004,9.80019
24090908850,21.65,-0.03834488366631542,0.05646140130201656,0.0,-0.33354000000000006,0.2943,9.72171
24095959355,21.65,-0.05539675045830002,0.020245819323134222,0.0,-0.40221,0.33354000000000006,9.81
24101009860,21.65,-0.06497860805174888,-0.020245819323134222,0.0,-0.38259000000000004,0.24525000000000002,9.79038
24106060365,21.65,-0.07243116395776468,-0.05646140130201656,0.0,-0.24525000000000002,0.17658,9.81
24111110870,21.65,-0.08735372906231618,-0.07136651311404815,0.0,-0.17658,0.0981,9.82962
24116161375,21.65,-0.08096582400001695,-0.06923721142661506,0.0,0.019620000000000002,-0.04905,9.87867
24121211880,21.65,-0.08309512568745003,-0.049008845396000776,0.0,0.11772,-0.02943,9.87867
24126262385,21.65,-0.07349581480148122,-0.02982767691658309,0.0,0.20601000000000003,-0.07848000000000001,9.908100000000001
24131312890,21.65,-0.0756251164889143,-0.002129301687433082,0.0,0.17658,-0.05886,9.96696
24136363395,21.65,-0.06284930636431581,0.00958185759344887,0.0,0.17658,-0.0981,9.82962
24141413900,21.65,-0.05326744877086694,0.001064650843716541,0.0,0.14715,-0.039240000000000004,9.79038
24146464405,21.65,-0.044732788728614664,0.003193952531149623,0.0,0.13734000000000002,0.0,9.751140000000001
24151514910,21.65,-0.02769837522915001,0.002129301687433082,0.0,0.17658,0.04905,9.770760000000001
24156565415,21.65,-0.01811651763570114,0.012775810124598492,0.0,0.14715,0.22563,9.82962
24161615920,21.65,-0.020245819323134222,0.03621558197888234,0.0,0.0981,0.13734000000000002,9.95715
24166666425,21.65,-0.039409534510031964,0.054332099614583476,0.0,-0.08829,0.07848000000000001,9.80019
24171716930,21.65,-0.05859070298944965,0.05965535383316618,0.0,-0.16677000000000003,0.12753,9.69228
24176767435,21.65,-0.05113814708343386,0.03515093113516579,0.0,-0.2943,0.07848000000000001,9.770760000000001
24181817940,21.65,-0.05113814708343386,0.011711159280881954,0.0,-0.33354000000000006,0.13734000000000002,9.7119
24186868445,21.65,-0.05007349623971732,-0.024504422698000388,0.0,-0.26487,0.25506,9.80019
24191918950,21.65,-0.039409534510031964,-0.05646140130201656,0.0,-0.11772,0.20601000000000003,9.937529999999999
24196969455,21.65,-0.06604325889546543,-0.05326744877086694,0.0,-0.04905,0.0981,9.89829
24202019960,21.65,-0.07777187146886733,-0.03515093113516579,0.0,0.04905,-0.019620000000000002,9.7119
24207070465,21.65,-0.07243116395776468,-0.01811651763570114,0.0,0.04905,-0.05886,9.72171
24212120970,21.65,-0.08735372906231618,-0.001064650843716541,0.0,0.04905,-0.009810000000000001,9.74133
24217171475,21.65,-0.07243116395776468,-0.003193952531149623,0.0,0.06867000000000001,-0.06867000000000001,9.74133
24222221980,21.65,-0.05646140130201656,-0.01064650843716541,0.0,0.06867000000000001,0.0,9.760950000000001
24227272485,21.65,-0.05007349623971732,-0.01064650843716541,0.0,0.13734000000000002,0.0,9.74133
24232322990,21.65,-0.03515093113516579,-0.014905111812031574,0.0,0.15696000000000002,-0.019620000000000002,9.82962
24237373495,21.65,-0.039409534510031964,0.002129301687433082,0.0,0.14715,0.009810000000000001,9.83943
24242424000,21.65,-0.04794419455228423,0.02663372438543347,0.0,0.10791,0.0,9.87867
24247474505,21.65,-0.05539675045830002,0.031956978604016174,0.0,0.0,0.019620000000000002,9.87867
24252525010,21.65,-0.05539675045830002,0.0404741853537485,0.0,-0.06867000000000001,0.0,9.819809999999999
24257575515,21.65,-0.05007349623971732,0.033021629447732716,0.0,-0.12753,0.04905,9.79038
24262626020,21.65,-0.044732788728614664,0.01064650843716541,0.005323254218582705,-0.16677000000000003,0.04905,9.80019
24267676525,21.65,-0.039409534510031964,0.0,0.0,-0.15696000000000002,0.06867000000000001,9.85905
24272727030,21.65,-0.044732788728614664,-0.01064650843716541,0.0,-0.15696000000000002,0.02943,9.937529999999999
24277777535,21.65,-0.05646140130201656,-0.020245819323134222,-0.001064650843716541,-0.14715,0.009810000000000001,9.94734
24282828040,21.65,-0.06391395720803235,-0.012775810124598492,-0.001064650843716541,-0.0981,-0.009810000000000001,9.89829
24287878545,21.65,-0.06604325889546543,-0.020245819323134222,0.002129301687433082,-0.05886,-0.009810000000000001,9.770760000000001
24292929050,21.65,-0.06710790973918197,-0.02769837522915001,0.001064650843716541,0.039240000000000004,0.0,9.69228
24297979555,21.65,-0.05326744877086694,-0.022375121010567305,0.002129301687433082,0.08829,0.0,9.68247
24303030060,21.65,-0.044732788728614664,-0.01811651763570114,0.0,0.14715,0.0,9.68247
24308080565,21.65,-0.04260348704118158,-0.011711159280881954,0.002129301687433082,0.16677000000000003,0.0,9.819809999999999
24313131070,21.65,-0.05007349623971732,-0.004258603374866164,-0.002129301687433082,0.16677000000000003,-0.009810000000000001,9.85905
24318181575,21.65,-0.06604325889546543,0.006387905062299246,0.0,0.13734000000000002,-0.019620000000000002,9.888480000000001
24323232080,21.65,-0.06817256058289851,0.012775810124598492,0.0,0.0981,-0.039240000000000004,9.87867
24328282585,21.65,-0.06178465552059926,0.02556907354171693,0.0,0.10791,-0.02943,9.78057
24333333090,21.65,-0.049008845396000776,0.03408628029144926,0.0,0.0,-0.02943,9.760950000000001
24338383595,21.65,-0.04153883619746504,0.03089232776029963,0.0,-0.06867000000000001,-0.019620000000000002,9.79038
24343434100,21.65,-0.04366813788489812,0.015987215948268057,-0.002129301687433082,-0.10791,-0.039240000000000004,9.81
24348484605,21.65,-0.05113814708343386,0.0,0.0,-0.10791,-0.039240000000000004,9.79038
24353535110,21.65,-0.05752605214573309,-0.006387905062299246,0.001064650843716541,-0.13734000000000002,-0.019620000000000002,9.83943
24358585615,21.65,-0.05752605214573309,-0.006387905062299246,0.0,-0.06867000000000001,-0.02943,9.84924
24363636120,21.65,-0.05113814708343386,-0.01064650843716541,0.001064650843716541,-0.05886,-0.02943,9.80019
24368686625,21.65,-0.04366813788489812,-0.011711159280881954,0.0,-0.04905,-0.02943,9.82962
24373737130,21.65,-0.04153883619746504,-0.00958185759344887,-0.002129301687433082,-0.009810000000000001,0.0,9.81
24378787635,21.65,-0.046879543708567686,0.002129301687433082,0.0,0.0,-0.02943,9.73152
24383838140,21.65,-0.05752605214573309,-0.003193952531149623,0.002129301687433082,0.0,-0.019620000000000002,9.751140000000001
24388888645,21.65,-0.06284930636431581,-0.005323254218582705,0.0,0.019620000000000002,-0.04905,9.7119
24393939150,21.65,-0.060720004676882725,-0.015987215948268057,0.0,0.019620000000000002,-0.039240000000000004,9.81
24398989655,21.65,-0.05752605214573309,-0.01918116847941768,-0.005323254218582705,0.05886,-0.04905,9.95715
24404040160,21.65,-0.05113814708343386,-0.013840460968315033,0.0,0.10791,-0.07848000000000001,9.97677
24409090665,21.65,-0.05007349623971732,-0.001064650843716541,0.0,0.07848000000000001,-0.08829,9.97677
24414141170,21.65,-0.05752605214573309,0.002129301687433082,-0.001064650843716541,0.08829,-0.08829,9.84924
24419191675,21.65,-0.05965535383316618,0.011711159280881954,0.001064650843716541,0.0981,-0.08829,9.7119
24424242180,21.65,-0.060720004676882725,0.006387905062299246,0.002129301687433082,0.05886,-0.0981,9.64323
24429292685,21.65,-0.05539675045830002,0.007452555906015787,-0.002129301687433082,0.04905,-0.08829,9.79038
24434343190,21.65,-0.04581489286485115,0.013840460968315033,0.0,-0.009810000000000001,-0.08829,9.86886
24439393695,21.65,-0.04260348704118158,0.012775810124598492,0.001064650843716541,-0.039240000000000004,-0.0981,9.937529999999999
24444444200,21.65,-0.03834488366631542,0.007452555906015787,0.0,-0.07848000000000001,-0.08829,9.91791
24449494705,21.65,-0.044732788728614664,0.007452555906015787,0.0,-0.07848000000000001,-0.0981,9.79038
24454545210,21.65,-0.049008845396000776,0.013840460968315033,0.001064650843716541,-0.08829,-0.05886,9.65304
24459595715,21.65,-0.049008845396000776,0.014905111812031574,0.002129301687433082,-0.06867000000000001,-0.039240000000000004,9.64323
24464646220,21.65,-0.044732788728614664,0.00958185759344887,0.001064650843716541,-0.14715,-0.04905,9.633420000000001
24469696725,21.65,-0.044732788728614664,-0.006387905062299246,-0.001064650843716541,-0.13734000000000002,-0.009810000000000001,9.760950000000001
24474747230,21.65,-0.05007349623971732,-0.033021629447732716,0.0,-0.07848000000000001,-0.02943,9.86886
24479797735,21.65,-0.05007349623971732,-0.04260348704118158,-0.002129301687433082,0.009810000000000001,-0.05886,9.91791
24484848240,21.65,-0.05965535383316618,-0.03621558197888234,-0.002129301687433082,0.11772,-0.0981,9.89829
24489898745,21.65,-0.06284930636431581,-0.014905111812031574,0.0,0.11772,-0.10791,9.91791
24494949250,21.65,-0.06497860805174888,-0.004258603374866164,0.001064650843716541,0.12753,-0.12753,9.83943
24499999755,21.65,-0.06710790973918197,-0.001064650843716541,0.001064650843716541,0.15696000000000002,-0.14715,9.78057
24505050260,21.65,-0.06284930636431581,0.003193952531149623,-0.001064650843716541,0.15696000000000002,-0.15696000000000002,9.760950000000001
24510100765,21.65,-0.05859070298944965,0.014905111812031574,0.0,0.12753,-0.14715,9.74133
24515151270,21.65,-0.05220279792715039,0.02556907354171693,0.0,0.08829,-0.16677000000000003,9.84924
24520201775,21.65,-0.05113814708343386,0.022375121010567305,0.0,0.0,-0.16677000000000003,9.937529999999999
24525252280,21.65,-0.05326744877086694,0.015987215948268057,0.002129301687433082,-0.05886,-0.17658,9.937529999999999
24530302785,21.65,-0.05326744877086694,0.005323254218582705,0.0,-0.039240000000000004,-0.16677000000000003,9.819809999999999
24535353290,21.65,-0.04794419455228423,0.008517206749732328,0.001064650843716541,-0.08829,-0.14715,9.70209
24540403795,21.65,-0.03728023282259888,0.011711159280881954,0.001064650843716541,-0.08829,-0.10791,9.64323
24545454300,21.65,-0.03515093113516579,0.003193952531149623,0.0,-0.07848000000000001,-0.10791,9.65304
24550504805,21.65,-0.03621558197888234,-0.013840460968315033,0.0,-0.08829,-0.07848000000000001,9.819809999999999
24555555310,21.65,-0.04153883619746504,-0.02556907354171693,0.0,-0.02943,-0.07848000000000001,9.87867
24560605815,21.65,-0.05113814708343386,-0.024504422698000388,-0.001064650843716541,0.019620000000000002,-0.0981,9.92772
24565656320,21.65,-0.05965535383316618,-0.00958185759344887,0.001064650843716541,0.02943,-0.12753,9.91791
24570706825,21.65,-0.05646140130201656,0.001064650843716541,0.002129301687433082,0.05886,-0.11772,9.86886
24575757330,21.65,-0.05113814708343386,0.0,0.001064650843716541,0.05886,-0.12753,9.83943
24580807835,21.65,-0.05113814708343386,0.0,0.0,0.06867000000000001,-0.15696000000000002,9.84924
24585858340,21.65,-0.05113814708343386,-0.0,-0.001064650843716541,0.06867000000000001,-0.16677000000000003,9.7119
24590908845,21.65,-0.05859070298944965,0.005323254218582705,-0.001064650843716541,0.04905,-0.16677000000000003,9.7119
24595959350,21.65,-0.05965535383316618,0.012775810124598492,0.001064650843716541,0.039240000000000004,-0.1962,9.82962
24601009855,21.65,-0.05965535383316618,0.007452555906015787,0.0,-0.009810000000000001,-0.18639,9.85905
24606060360,21.65,-0.05326744877086694,0.0,0.001064650843716541,-0.019620000000000002,-0.21582,9.888480000000001
24611110865,21.65,-0.05007349623971732,-0.012775810124598492,-0.003193952531149623,0.0,-0.17658,9.85905
24616161370,21.65,-0.04366813788489812,-0.013840460968315033,0.001064650843716541,0.019620000000000002,-0.1962,9.74133
24621211875,21.65,-0.039409534510031964,0.008517206749732328,0.004258603374866164,0.04905,-0.17658,9.64323
24626262380,21.65,-0.03728023282259888,0.01918116847941768,0.002129301687433082,0.009810000000000001,-0.16677000000000003,9.69228
24631312885,21.65,-0.04581489286485115,0.014905111812031574,0.0,-0.009810000000000001,-0.16677000000000003,9.68247
24636363390,21.65,-0.05113814708343386,0.001064650843716541,0.002129301687433082,-0.04905,-0.13734000000000002,9.81
24641413895,21.65,-0.05539675045830002,-0.008517206749732328,-0.003193952531149623,-0.06867000000000001,-0.17658,9.91791
24646464400,21.65,-0.049008845396000776,-0.007452555906015787,0.0,-0.02943,-0.17658,9.94734
24651514905,21.65,-0.046879543708567686,-0.0170518667919846,0.0,0.0,-0.17658,9.94734
24656565410,21.65,-0.05113814708343386,-0.014905111812031574,-0.001064650843716541,0.019620000000000002,-0.16677000000000003,9.91791
24661615915,21.65,-0.05220279792715039,-0.012775810124598492,-0.001064650843716541,0.0981,-0.21582,9.819809999999999
24666666420,21.65,-0.05859070298944965,-0.015987215948268057,0.0,0.13734000000000002,-0.21582,9.72171
24671716925,21.65,-0.06284930636431581,-0.005323254218582705,-0.001064650843716541,0.13734000000000002,-0.20601000000000003,9.760950000000001
24676767430,21.65,-0.05539675045830002,0.01064650843716541,0.001064650843716541,0.13734000000000002,-0.21582,9.80019
24681817935,21.65,-0.05113814708343386,0.011711159280881954,0.0,0.08829,-0.23544,9.92772
24686868440,21.65,-0.04794419455228423,0.008517206749732328,-0.002129301687433082,0.02943,-0.23544,9.99639
24691918945,21.65,-0.04794419455228423,0.007452555906015787,-0.001064650843716541,0.019620000000000002,-0.25506,9.91791
24696969450,21.65,-0.05326744877086694,0.008517206749732328,-0.001064650843716541,0.0,-0.23544,9.81
24702019955,21.65,-0.04794419455228423,0.015987215948268057,0.001064650843716541,0.039240000000000004,-0.21582,9.69228
24707070460,21.65,-0.04260348704118158,0.0170518667919846,0.0,0.0,-0.20601000000000003,9.58437
24712120965,21.65,-0.04153883619746504,0.005323254218582705,0.0,-0.05886,-0.1962,9.68247
24717171470,21.65,-0.03515093113516579,-0.0,-0.002129301687433082,-0.02943,-0.18639,9.81
24722221975,21.65,-0.03621558197888234,-0.011711159280881954,0.0,-0.039240000000000004,-0.20601000000000003,9.83943
24727272480,21.65,-0.046879543708567686,-0.01811651763570114,0.0,0.0,-0.1962,9.888480000000001
24732322985,21.65,-0.044732788728614664,-0.011711159280881954,0.0,0.019620000000000002,-0.20601000000000003,9.84924
24737373490,21.65,-0.049008845396000776,-0.007452555906015787,0.0,0.039240000000000004,-0.20601000000000003,9.82962
24742423995,21.65,-0.054332099614583476,-0.013840460968315033,-0.001064650843716541,0.06867000000000001,-0.20601000000000003,9.80019
24747474500,21.65,-0.049008845396000776,-0.013840460968315033,-0.002129301687433082,0.0981,-0.20601000000000003,9.74133
24752525005,21.65,-0.04794419455228423,-0.006387905062299246,0.0,0.13734000000000002,-0.23544,9.7119
24757575510,21.65,-0.05113814708343386,-0.004258603374866164,0.0,0.16677000000000003,-0.21582,9.80019
24762626015,21.65,-0.049008845396000776,0.002129301687433082,0.001064650843716541,0.14715,-0.24525000000000002,9.888480000000001
24767676520,21.65,-0.05326744877086694,0.007452555906015787,0.003193952531149623,0.0981,-0.26487,9.99639
24772727025,21.65,-0.06178465552059926,0.011711159280881954,-0.001064650843716541,0.07848000000000001,-0.25506,9.94734
24777777530,21.65,-0.05326744877086694,0.020245819323134222,-0.002129301687433082,0.02943,-0.28449,9.81
24782828035,21.65,-0.049008845396000776,0.023439771854283843,0.001064650843716541,0.009810000000000001,-0.27468000000000004,9.70209
24787878540,21.65,-0.04260348704118158,0.00958185759344887,0.0,0.0,-0.27468000000000004,9.69228
24792929045,21.65,-0.0404741853537485,0.008517206749732328,-0.002129301687433082,0.0,-0.26487,9.73152
24797979550,21.65,-0.04260348704118158,0.006387905062299246,0.0,-0.039240000000000004,-0.27468000000000004,9.80019
24803030055,21.65,-0.046879543708567686,0.003193952531149623,0.001064650843716541,-0.07848000000000001,-0.24525000000000002,9.83943
24808080560,21.65,-0.04581489286485115,0.003193952531149623,0.0,-0.08829,-0.25506,9.84924
24813131065,21.65,-0.046879543708567686,-0.014905111812031574,0.0,-0.039240000000000004,-0.26487,9.83943
24818181570,21.65,-0.044732788728614664,-0.02769837522915001,0.001064650843716541,0.0,-0.27468000000000004,9.87867
24823232075,21.65,-0.03728023282259888,-0.02982767691658309,0.0,0.08829,-0.25506,9.85905
24828282580,21.65,-0.0404741853537485,-0.023439771854283843,0.0,0.13734000000000002,-0.24525000000000002,9.81
24833333085,21.65,-0.05007349623971732,-0.013840460968315033,0.001064650843716541,0.15696000000000002,-0.23544,9.80019
24838383590,21.65,-0.04366813788489812,-0.004258603374866164,0.003193952531149623,0.17658,-0.25506,9.79038
24843434095,21.65,-0.05007349623971732,0.003193952531149623,0.0,0.15696000000000002,-0.2943,9.86886
24848484600,21.65,-0.04794419455228423,0.006387905062299246,0.001064650843716541,0.15696000000000002,-0.27468000000000004,9.96696
24853535105,21.65,-0.046879543708567686,0.01064650843716541,0.0,0.11772,-0.28449,9.92772
24858585610,21.65,-0.04153883619746504,0.021310470166850764,0.003193952531149623,0.0981,-0.30411,9.84924
24863636115,21.65,-0.044732788728614664,0.01918116847941768,-0.001064650843716541,0.04905,-0.2943,9.770760000000001
24868686620,21.65,-0.05007349623971732,0.01811651763570114,0.0,0.009810000000000001,-0.27468000000000004,9.69228
24873737125,21.65,-0.04581489286485115,0.012775810124598492,0.0,0.0,-0.2943,9.68247
24878787630,21.65,-0.03834488366631542,0.00958185759344887,0.002129301687433082,-0.009810000000000001,-0.31392000000000003,9.79038
24883838135,21.65,-0.04260348704118158,0.004258603374866164,0.0,-0.009810000000000001,-0.30411,9.81
24888888640,21.65,-0.046879543708567686,-0.002129301687433082,-0.001064650843716541,-0.02943,-0.27468000000000004,9.82962
24893939145,21.65,-0.03621558197888234,-0.008517206749732328,0.0,-0.039240000000000004,-0.28449,9.81
24898989650,21.65,-0.03728023282259888,-0.006387905062299246,0.002129301687433082,0.0,-0.32373,9.74133
24904040155,21.65,-0.046879543708567686,-0.006387905062299246,0.0,0.019620000000000002,-0.28449,9.74133
24909090660,21.65,-0.03728023282259888,-0.006387905062299246,0.0,0.039240000000000004,-0.30411,9.78057
24914141165,21.65,-0.03834488366631542,-0.00958185759344887,0.0,0.039240000000000004,-0.27468000000000004,9.78057
24919191670,21.65,-0.05007349623971732,-0.01811651763570114,0.0,0.07848000000000001,-0.31392000000000003,9.78057
24924242175,21.65,-0.05007349623971732,-0.02769837522915001,0.0,0.10791,-0.33354000000000006,9.86886
24929292680,21.65,-0.044732788728614664,-0.020245819323134222,0.0,0.16677000000000003,-0.33354000000000006,9.95715
24934343185,21.65,-0.04794419455228423,-0.007452555906015787,0.0,0.18639,-0.31392000000000003,10.006200000000002
24939393690,21.65,-0.049008845396000776,0.003193952531149623,0.0,0.16677000000000003,-0.36297,9.99639
24944444195,21.65,-0.04581489286485115,0.008517206749732328,0.0,0.15696000000000002,-0.35316,9.87867
24949494700,21.65,-0.04794419455228423,0.01064650843716541,0.0,0.14715,-0.34335000000000004,9.72171
24954545205,21.65,-0.05007349623971732,0.014905111812031574,0.0,0.13734000000000002,-0.36297,9.74133
24959595710,21.65,-0.04153883619746504,0.02556907354171693,0.0,0.08829,-0.37278,9.79038
24964646215,21.65,-0.03621558197888234,0.02982767691658309,0.0,0.019620000000000002,-0.35316,9.86886
24969696720,21.65,-0.039409534510031964,0.024504422698000388,0.0,-0.04905,-0.36297,9.97677
24974747225,21.65,-0.04153883619746504,0.003193952531149623,0.0,-0.08829,-0.34335000000000004,9.84924
24979797730,21.65,-0.03408628029144926,-0.011711159280881954,0.0,-0.05886,-0.37278,9.73152
24984848235,21.65,-0.031956978604016174,-0.01811651763570114,0.0,0.009810000000000001,-0.35316,9.68247
24989898740,21.65,-0.03515093113516579,-0.011711159280881954,0.0,0.02943,-0.31392000000000003,9.67266
24994949245,21.65,-0.02982767691658309,-0.006387905062299246,0.0,0.05886,-0.30411,9.73152
24999999750,21.65,-0.02769837522915001,-0.006387905062299246,0.0,0.05886,-0.2943,9.81
25005050255,21.65,-0.03515093113516579,-0.011711159280881954,0.0,0.06867000000000001,-0.30411,9.72171
25010100760,21.65,-0.044732788728614664,-0.014905111812031574,0.0,0.0981,-0.30411,9.81
25015151265,21.65,-0.0404741853537485,-0.00958185759344887,0.0,0.10791,-0.32373,9.87867
25020201770,21.65,-0.039409534510031964,0.005323254218582705,0.0,0.12753,-0.33354000000000006,9.82962
25025252275,21.65,-0.04260348704118158,0.00958185759344887,0.0,0.08829,-0.33354000000000006,9.89829
25030302780,21.65,-0.04794419455228423,0.004258603374866164,0.0,0.04905,-0.33354000000000006,9.888480000000001
25035353285,21.65,-0.046879543708567686,-0.002129301687433082,0.0,0.07848000000000001,-0.37278,9.80019
25040403790,21.65,-0.05539675045830002,0.0,0.0,0.07848000000000001,-0.34335000000000004,9.81
25045454295,21.65,-0.06178465552059926,0.002129301687433082,0.0,0.06867000000000001,-0.38259000000000004,9.91791
25050504800,21.65,-0.044732788728614664,0.002129301687433082,0.0,0.07848000000000001,-0.41202000000000005,9.92772
25055555305,21.65,-0.0404741853537485,0.0,0.0,0.039240000000000004,-0.41202000000000005,9.97677
25060605810,21.65,-0.0404741853537485,-0.005323254218582705,0.0,0.05886,-0.42183,9.95715
25065656315,21.65,-0.04260348704118158,-0.008517206749732328,0.0,0.07848000000000001,-0.45126,9.83943
25070706820,21.65,-0.04366813788489812,-0.005323254218582705,0.0,0.10791,-0.41202000000000005,9.751140000000001
25075757325,21.65,-0.0404741853537485,-0.002129301687433082,0.0,0.12753,-0.41202000000000005,9.74133
25080807830,21.65,-0.033021629447732716,0.004258603374866164,0.0,0.13734000000000002,-0.41202000000000005,9.7119
25085858335,21.65,-0.02663372438543347,0.002129301687433082,0.0,0.08829,-0.41202000000000005,9.84924
25090908840,21.65,-0.021310470166850764,0.0,0.0,0.06867000000000001,-0.42183,9.97677
25095959345,21.65,-0.021310470166850764,0.002129301687433082,0.0,0.10791,-0.37278,9.83943
25101009850,21.65,-0.024504422698000388,0.00958185759344887,0.0,0.07848000000000001,-0.36297,9.72171
25106060355,21.65,-0.03089232776029963,0.004258603374866164,0.0,0.07848000000000001,-0.36297,9.65304
25111110860,21.65,-0.02769837522915001,-0.002129301687433082,0.0,0.07848000000000001,-0.34335000000000004,9.65304
25116161365,21.65,-0.022375121010567305,0.0,0.0,0.07848000000000001,-0.33354000000000006,9.68247
25121211870,21.65,-0.02556907354171693,0.01064650843716541,0.0,0.04905,-0.33354000000000006,9.770760000000001
25126262375,21.65,-0.031956978604016174,0.008517206749732328,0.0,0.04905,-0.33354000000000006,9.82962
25131312880,21.65,-0.04153883619746504,-0.007452555906015787,0.0,0.02943,-0.33354000000000006,9.89829
25136363385,21.65,-0.04153883619746504,-0.01064650843716541,0.0,0.02943,-0.34335000000000004,9.79038
25141413890,21.65,-0.05007349623971732,-0.005323254218582705,0.0,0.07848000000000001,-0.36297,9.74133
25146464395,21.65,-0.049008845396000776,-0.002129301687433082,0.0,0.11772,-0.41202000000000005,9.82962
25151514900,21.65,-0.04366813788489812,-0.003193952531149623,0.0,0.07848000000000001,-0.40221,9.92772
25156565405,21.65,-0.046879543708567686,0.002129301687433082,0.0,0.07848000000000001,-0.42183,9.91791
25161615910,21.65,-0.05007349623971732,-0.002129301687433082,0.0,0.05886,-0.46107000000000004,9.92772
25166666415,21.65,-0.05539675045830002,-0.013840460968315033,0.0,0.10791,-0.48069000000000006,9.908100000000001
25171716920,21.65,-0.04794419455228423,-0.0170518667919846,0.0,0.13734000000000002,-0.47088,9.888480000000001
25176767425,21.65,-0.04153883619746504,-0.014905111812031574,0.0,0.16677000000000003,-0.49050000000000005,9.91791
25181817930,21.65,-0.033021629447732716,-0.007452555906015787,0.0,0.16677000000000003,-0.48069000000000006,9.89829
25186868435,21.65,-0.02663372438543347,-0.003193952531149623,0.0,0.1962,-0.50031,9.888480000000001
25191918940,21.65,-0.021310470166850764,0.011711159280881954,0.0,0.18639,-0.47088,9.87867
25196969445,21.65,-0.02769837522915001,0.021310470166850764,0.0,0.13734000000000002,-0.48069000000000006,9.82962
25202019950,21.65,-0.024504422698000388,0.01064650843716541,0.0,0.12753,-0.45126,9.78057
25207070455,21.65,-0.02769837522915001,0.0,0.0,0.08829,-0.44145,9.73152
25212120960,21.65,-0.012775810124598492,-0.004258603374866164,0.0,0.11772,-0.38259000000000004,9.78057
25217171465,21.65,-0.006387905062299246,-0.006387905062299246,0.0,0.13734000000000002,-0.40221,9.80019
25222221970,21.65,-0.006387905062299246,-0.001064650843716541,0.0,0.13734000000000002,-0.33354000000000006,9.85905
25227272475,21.65,-0.014905111812031574,0.012775810124598492,0.0,0.11772,-0.38259000000000004,9.81
25232322980,21.65,-0.02663372438543347,0.033021629447732716,0.0,0.039240000000000004,-0.34335000000000004,9.70209
25237373485,21.65,-0.028763026072866547,0.03834488366631542,0.0,-0.039240000000000004,-0.36297,9.633420000000001
25242423990,21.65,-0.03515093113516579,0.02769837522915001,0.0,-0.08829,-0.38259000000000004,9.58437
25247474495,21.65,-0.03728023282259888,-0.006387905062299246,0.0,-0.07848000000000001,-0.36297,9.68247
25252525000,21.65,-0.03515093113516579,-0.04260348704118158,0.0,-0.02943,-0.38259000000000004,9.81
25257575505,21.65,-0.03408628029144926,-0.046879543708567686,0.0,0.04905,-0.3924,9.87867
25262626010,21.65,-0.03728023282259888,-0.039409534510031964,0.0,0.15696000000000002,-0.44145,9.87867
25267676515,21.65,-0.049008845396000776,-0.03408628029144926,0.0,0.23544,-0.43164,9.92772
25272727020,21.65,-0.04794419455228423,-0.011711159280881954,0.0,0.26487,-0.47088,9.86886
25277777525,21.65,-0.05113814708343386,0.01064650843716541,0.0,0.23544,-0.50031,9.79038
25282828030,21.65,-0.046879543708567686,0.023439771854283843,0.0,0.22563,-0.49050000000000005,9.81
25287878535,21.65,-0.0404741853537485,0.02556907354171693,0.0,0.11772,-0.49050000000000005,9.83943
25292929040,21.65,-0.03089232776029963,0.014905111812031574,0.0,0.07848000000000001,-0.52974,9.91791
25297979545,21.65,-0.02982767691658309,-0.008517206749732328,0.0,0.06867000000000001,-0.5493600000000001,10.08468
25303030050,21.65,-0.031956978604016174,-0.024504422698000388,0.0,0.14715,-0.5591700000000001,10.143540000000002
25308080555,21.65,-0.03089232776029963,-0.012775810124598492,0.0,0.15696000000000002,-0.5493600000000001,10.09449
25313131060,21.65,-0.024504422698000388,0.0170518667919846,0.0,0.16677000000000003,-0.5493600000000001,9.97677
25318181565,21.65,-0.01918116847941768,0.0404741853537485,0.0,0.10791,-0.51993,9.82962
25323232070,21.65,-0.011711159280881954,0.03621558197888234,0.0,0.009810000000000001,-0.51012,9.73152
25328282575,21.65,-0.00958185759344887,0.021310470166850764,0.0,-0.02943,-0.50031,9.760950000000001
25333333080,21.65,-0.008517206749732328,-0.001064650843716541,0.0,-0.009810000000000001,-0.48069000000000006,9.751140000000001
25338383585,21.65,-0.014905111812031574,-0.023439771854283843,0.0,-0.009810000000000001,-0.46107000000000004,9.80019
25343434090,21.65,-0.008517206749732328,-0.04366813788489812,0.0,0.02943,-0.43164,9.89829
25348484595,21.65,-0.001064650843716541,-0.05646140130201656,0.0,0.1962,-0.42183,9.86886
25353535100,21.65,-0.003193952531149623,-0.05859070298944965,0.0,0.33354000000000006,-0.42183,9.83943
25358585605,21.65,-0.003193952531149623,-0.03515093113516579,0.0,0.43164,-0.41202000000000005,9.78057
25363636110,21.65,-0.00958185759344887,0.003193952531149623,0.0,0.41202000000000005,-0.3924,9.64323
25368686615,21.65,-0.024504422698000388,0.05859070298944965,0.0,0.36297,-0.3924,9.58437
25373737120,21.65,-0.03089232776029963,0.07990117315630041,0.0,0.17658,-0.38259000000000004,9.67266
25378787625,21.65,-0.031956978604016174,0.0756251164889143,0.0,0.009810000000000001,-0.37278,9.79038
25383838130,21.65,-0.03089232776029963,0.05539675045830002,0.0,-0.12753,-0.43164,9.908100000000001
25388888635,21.65,-0.02663372438543347,0.020245819323134222,0.0,-0.20601000000000003,-0.43164,10.025820000000001
25393939140,21.65,-0.03089232776029963,-0.011711159280881954,0.0,-0.20601000000000003,-0.45126,9.83943
25398989645,21.65,-0.039409534510031964,-0.03728023282259888,0.0,-0.08829,-0.48069000000000006,9.760950000000001
25404040150,21.65,-0.04153883619746504,-0.060720004676882725,0.0,0.02943,-0.51012,9.59418
25409090655,21.65,-0.04153883619746504,-0.06284930636431581,0.0,0.17658,-0.51993,9.623610000000001
25414141160,21.65,-0.03621558197888234,-0.06178465552059926,0.0,0.32373,-0.5395500000000001,9.72171
25419191665,21.65,-0.02769837522915001,-0.04794419455228423,0.0,0.38259000000000004,-0.5493600000000001,10.006200000000002
25424242170,21.65,-0.021310470166850764,-0.02663372438543347,0.0,0.41202000000000005,-0.56898,10.12392
25429292675,21.65,-0.024504422698000388,0.00958185759344887,0.0,0.41202000000000005,-0.56898,10.13373
25434343180,21.65,-0.01918116847941768,0.04260348704118158,0.0,0.2943,-0.5591700000000001,10.045440000000001
25439393685,21.65,-0.02982767691658309,0.08309512568745003,0.0,0.20601000000000003,-0.5591700000000001,9.86886
25444444190,21.65,-0.024504422698000388,0.09800023749948161,0.0,0.0,-0.5591700000000001,9.770760000000001
25449494695,21.65,-0.020245819323134222,0.08415977653116657,0.0,-0.16677000000000003,-0.50031,9.73152
25454545200,21.65,-0.006387905062299246,0.046879543708567686,0.0,-0.28449,-0.49050000000000005,9.760950000000001
25459595705,21.65,0.003193952531149623,-0.003193952531149623,0.0,-0.31392000000000003,-0.48069000000000006,9.81
25464646210,21.65,-0.004258603374866164,-0.05007349623971732,0.0,-0.22563,-0.47088,9.89829
25469696715,21.65,-0.007452555906015787,-0.0756251164889143,0.0,-0.06867000000000001,-0.48069000000000006,9.937529999999999
25474747220,21.65,-0.01918116847941768,-0.08948303074974927,0.0,0.0981,-0.50031,9.89829
25479797725,21.65,-0.012775810124598492,-0.09906488834319814,0.0,0.30411,-0.50031,9.82962
25484848230,21.65,-0.008517206749732328,-0.09161233243718235,0.0,0.51993,-0.47088,9.70209
25489898735,21.65,0.0,-0.06923721142661506,0.0,0.6670800000000001,-0.46107000000000004,9.70209
25494949240,21.65,-0.003193952531149623,-0.0170518667919846,0.0,0.72594,-0.48069000000000006,9.82962
25499999745,21.65,-0.00958185759344887,0.03834488366631542,0.0,0.6768900000000001,-0.46107000000000004,9.937529999999999
25505050250,21.65,-0.0170518667919846,0.09374163412461543,0.0,0.45126,-0.49050000000000005,10.01601
25510100755,21.65,-0.03089232776029963,0.13102186694721432,0.0,0.16677000000000003,-0.48069000000000006,10.074869999999999
25515151260,21.65,-0.033021629447732716,0.13102186694721432,0.0,-0.08829,-0.46107000000000004,9.92772
25520201765,21.65,-0.02769837522915001,0.11824605682261582,0.0,-0.31392000000000003,-0.48069000000000006,9.86886
25525252270,21.65,-0.023439771854283843,0.0852244273748831,0.0,-0.49050000000000005,-0.48069000000000006,9.78057
25530302775,21.65,-0.01918116847941768,0.04366813788489812,0.0,-0.56898,-0.49050000000000005,9.7119
25535353280,21.65,-0.01811651763570114,-0.007452555906015787,0.0,-0.5886,-0.52974,9.7119
25540403785,21.65,-0.024504422698000388,-0.054332099614583476,0.0,-0.47088,-0.52974,9.69228
25545454290,21.65,-0.02663372438543347,-0.09374163412461543,0.0,-0.26487,-0.5395500000000001,9.751140000000001
25550504795,21.65,-0.023439771854283843,-0.11931070766633237,0.0,-0.04905,-0.5395500000000001,9.72171
25555555300,21.65,-0.01064650843716541,-0.1278279144160647,0.0,0.20601000000000003,-0.5493600000000001,9.79038
25560605805,21.65,0.001064650843716541,-0.11611675513518273,0.0,0.45126,-0.56898,9.81
25565656310,21.65,0.002129301687433082,-0.08948303074974927,0.0,0.65727,-0.5591700000000001,9.82962
25570706815,21.65,0.001064650843716541,-0.05007349623971732,0.0,0.75537,-0.5493600000000001,9.83943
25575757320,21.65,-0.003193952531149623,0.005323254218582705,0.0,0.7651800000000001,-0.52974,9.83943
25580807825,21.65,-0.006387905062299246,0.054332099614583476,0.0,0.6670800000000001,-0.50031,9.89829
25585858330,21.65,-0.003193952531149623,0.07670722062515077,0.0,0.50031,-0.49050000000000005,9.888480000000001
25590908835,21.65,0.0,0.08309512568745003,0.0,0.30411,-0.46107000000000004,9.888480000000001
25595959340,21.65,0.001064650843716541,0.07883652231258387,0.0,0.11772,-0.45126,9.87867
25601009845,21.65,0.002129301687433082,0.07777187146886733,0.0,-0.039240000000000004,-0.43164,9.84924
25606060350,21.65,-0.002129301687433082,0.07349581480148122,0.0,-0.15696000000000002,-0.44145,9.79038
25611110855,21.65,-0.014905111812031574,0.05752605214573309,0.0,-0.27468000000000004,-0.45126,9.751140000000001
25616161360,21.65,-0.02663372438543347,0.02769837522915001,0.0,-0.33354000000000006,-0.45126,9.81
25621211865,21.65,-0.02556907354171693,0.0,0.0,-0.34335000000000004,-0.49050000000000005,9.85905
25626262370,21.65,-0.02769837522915001,-0.02556907354171693,0.0,-0.33354000000000006,-0.52974,9.96696
25631312875,21.65,-0.024504422698000388,-0.05007349623971732,0.0,-0.20601000000000003,-0.5493600000000001,10.045440000000001
25636363380,21.65,-0.01918116847941768,-0.07349581480148122,0.0,-0.07848000000000001,-0.5886,10.045440000000001
25641413885,21.65,-0.020245819323134222,-0.08096582400001695,0.0,0.07848000000000001,-0.6278400000000001,9.98658
25646464390,21.65,-0.01918116847941768,-0.06604325889546543,0.0,0.23544,-0.63765,9.888480000000001
25651514895,21.65,-0.013840460968315033,-0.03621558197888234,0.0,0.36297,-0.63765,9.82962
25656565400,21.65,-0.006387905062299246,-0.01064650843716541,0.0,0.37278,-0.60822,9.770760000000001
25661615905,21.65,0.0,0.006387905062299246,0.0,0.3924,-0.5886,9.79038
25666666410,21.65,0.01064650843716541,0.020245819323134222,0.0,0.32373,-0.57879,9.81
25671716915,21.65,0.01811651763570114,0.03408628029144926,0.0,0.24525000000000002,-0.5395500000000001,9.74133
25676767420,21.65,0.023439771854283843,0.04366813788489812,0.0,0.17658,-0.50031,9.69228
25681817925,21.65,0.01918116847941768,0.05113814708343386,0.0,0.08829,-0.45126,9.66285
25686868430,21.65,0.01811651763570114,0.05326744877086694,0.0,-0.019620000000000002,-0.41202000000000005,9.633420000000001
25691918935,21.65,0.01918116847941768,0.04581489286485115,0.0,-0.13734000000000002,-0.3924,9.633420000000001
25696969440,21.65,0.013840460968315033,0.031956978604016174,0.0,-0.17658,-0.3924,9.60399
25702019945,21.65,0.008517206749732328,0.014905111812031574,0.0,-0.24525000000000002,-0.36297,9.65304
25707070450,21.65,-0.003193952531149623,0.0,0.0,-0.26487,-0.35316,9.70209
25712120955,21.65,-0.003193952531149623,-0.03515093113516579,0.0,-0.16677000000000003,-0.36297,9.760950000000001
25717171460,21.65,-0.013840460968315033,-0.08415977653116657,0.0,-0.08829,-0.40221,9.73152
25722221965,21.65,-0.01811651763570114,-0.13955652698946658,0.0,0.1962,-0.43164,9.65304
25727272470,21.65,-0.02982767691658309,-0.15978489302008084,0.0,0.56898,-0.50031,9.633420000000001
25732322975,21.65,-0.02769837522915001,-0.14700908289548237,0.0,0.9221400000000001,-0.48069000000000006,9.770760000000001
25737373480,21.65,-0.02556907354171693,-0.1097288500728835,0.0,1.0987200000000001,-0.5395500000000001,9.94734
25742423985,21.65,-0.02556907354171693,-0.03834488366631542,0.0,1.16739,-0.60822,10.1043
25747474490,21.65,-0.033021629447732716,0.03621558197888234,0.0,1.08891,-0.6278400000000001,10.24164
25752524995,21.65,-0.04153883619746504,0.12356931104119852,0.0,0.87309,-0.63765,10.320120000000001
25757575500,21.65,-0.03515093113516579,0.2162462943220974,0.0,0.45126,-0.6867000000000001,10.25145
25762626005,21.65,-0.02556907354171693,0.2482032729261136,0.0,-0.06867000000000001,-0.69651,10.19259
25767676510,21.65,-0.020245819323134222,0.22903955773921586,0.0,-0.51993,-0.64746,10.05525
25772727015,21.65,-0.007452555906015787,0.17151350559348277,0.0,-0.87309,-0.64746,9.98658
25777777520,21.65,0.01064650843716541,0.11292280260403312,0.0,-1.0791000000000002,-0.65727,9.908100000000001
25782828025,21.65,0.00958185759344887,0.03728023282259888,0.0,-1.16739,-0.63765,9.78057
25787878530,21.65,0.015987215948268057,-0.04153883619746504,0.0,-1.08891,-0.60822,9.74133
25792929035,21.65,0.013840460968315033,-0.11611675513518273,0.0,-0.90252,-0.5886,9.68247
25797979540,21.65,0.020245819323134222,-0.18854791909294744,0.0,-0.51012,-0.5886,9.73152
25803030045,21.65,0.03728023282259888,-0.23862141533266473,0.0,-0.02943,-0.56898,9.58437
25808080550,21.65,0.04366813788489812,-0.25139722545726323,0.0,0.46107000000000004,-0.5493600000000001,9.6138
25813131055,21.65,0.05220279792715039,-0.22263419938439669,0.0,0.95157,-0.47088,9.58437
25818181560,21.65,0.05326744877086694,-0.1629788455512305,0.0,1.29492,-0.44145,9.58437
25823232065,21.65,0.046879543708567686,-0.08628907821859966,0.0,1.46169,-0.37278,9.58437
25828282570,21.65,0.03834488366631542,0.006387905062299246,0.0,1.49112,-0.36297,9.623610000000001
25833333075,21.65,0.02769837522915001,0.11185815176031658,0.0,1.2851100000000002,-0.32373,9.67266
25838383580,21.65,0.01918116847941768,0.18109536318693162,0.0,0.90252,-0.26487,9.74133
25843434085,21.65,0.01064650843716541,0.22263419938439669,0.0,0.43164,-0.27468000000000004,9.79038
25848484590,21.65,0.002129301687433082,0.2279749068954993,0.0,-0.04905,-0.25506,9.760950000000001
25853535095,21.65,-0.014905111812031574,0.20666443672864854,0.0,-0.47088,-0.30411,9.74133
25858585600,21.65,-0.03408628029144926,0.1629788455512305,0.0,-0.8142300000000001,-0.36297,9.79038
25863636105,21.65,-0.05113814708343386,0.11505210429146619,0.0,-1.04967,-0.45126,9.85905
25868686610,21.65,-0.06391395720803235,0.04366813788489812,0.005323254218582705,-1.16739,-0.52974,9.95715
25873737115,21.65,-0.06604325889546543,-0.03728023282259888,0.001064650843716541,-1.1281500000000002,-0.59841,10.03563
25878787620,21.65,-0.060720004676882725,-0.11824605682261582,0.0,-0.9319500000000001,-0.69651,9.98658
25883838125,21.65,-0.049008845396000776,-0.177901410655782,0.0,-0.57879,-0.7651800000000001,10.01601
25888888630,21.65,-0.03834488366631542,-0.20772908757236508,0.001064650843716541,-0.14715,-0.8240400000000001,10.006200000000002
25893939135,21.65,-0.02556907354171693,-0.2162462943220974,0.003193952531149623,0.31392000000000003,-0.8829,10.03563
25898989640,21.65,-0.011711159280881954,-0.20453513504121545,0.001064650843716541,0.73575,-0.8829,10.03563
25904040145,21.65,0.006387905062299246,-0.17683675981206545,-0.002129301687433082,1.1183400000000001,-0.87309,9.99639
25909090650,21.65,0.031956978604016174,-0.11931070766633237,0.0,1.3635900000000003,-0.80442,10.006200000000002
25914141155,21.65,0.05539675045830002,-0.03089232776029963,-0.003193952531149623,1.44207,-0.75537,10.045440000000001
25919191660,21.65,0.06604325889546543,0.05965535383316618,-0.005323254218582705,1.3635900000000003,-0.6278400000000001,10.09449
25924242165,21.65,0.07777187146886733,0.14062117783318315,-0.003193952531149623,1.08891,-0.5591700000000001,10.01601
25929292670,21.65,0.07990117315630041,0.19493582415524666,-0.001064650843716541,0.6867000000000001,-0.43164,9.83943
25934343175,21.65,0.07243116395776468,0.2354274628015151,-0.002129301687433082,0.24525000000000002,-0.35316,9.73152
25939393680,21.65,0.07136651311404815,0.2428800187075309,-0.001064650843716541,-0.26487,-0.27468000000000004,9.67266
25944444185,21.65,0.060720004676882725,0.2236988502281132,0.0,-0.70632,-0.25506,9.66285
25949494690,21.65,0.04581489286485115,0.1757721089683489,0.0,-1.0791000000000002,-0.1962,9.819809999999999
25954545195,21.65,0.033021629447732716,0.09267698328089889,0.0,-1.2851100000000002,-0.27468000000000004,9.760950000000001
25959595700,21.65,0.007452555906015787,-0.01811651763570114,-0.001064650843716541,-1.29492,-0.27468000000000004,9.73152
25964646205,21.65,-0.007452555906015787,-0.11931070766633237,0.002129301687433082,-1.0791000000000002,-0.30411,9.60399
25969696710,21.65,-0.024504422698000388,-0.20453513504121545,0.004258603374866164,-0.72594,-0.37278,9.57456
25974747215,21.65,-0.028763026072866547,-0.26099653634323206,0.001064650843716541,-0.1962,-0.44145,9.64323
25979797720,21.65,-0.028763026072866547,-0.2844188549049959,0.0,0.38259000000000004,-0.52974,9.78057
25984848225,21.65,-0.022375121010567305,-0.25459117798841285,-0.001064650843716541,0.9613800000000001,-0.6180300000000001,9.908100000000001
25989898730,21.65,-0.023439771854283843,-0.17896606149949854,0.0,1.3635900000000003,-0.65727,9.86886
25994949235,21.65,-0.023439771854283843,-0.06497860805174888,-0.005323254218582705,1.5499800000000001,-0.6867000000000001,9.888480000000001
25999999740,21.65,-0.00958185759344887,0.05965535383316618,0.003193952531149623,1.46169,-0.6867000000000001,9.819809999999999
26005050245,21.65,0.0,0.1672549022186166,-0.001064650843716541,1.13796,-0.64746,9.751140000000001
26010100750,21.65,0.013840460968315033,0.23223351027036546,-0.001064650843716541,0.65727,-0.6180300000000001,9.760950000000001
26015151255,21.65,0.022375121010567305,0.25780258381208243,0.001064650843716541,0.13734000000000002,-0.5493600000000001,9.751140000000001
26020201760,21.65,0.03621558197888234,0.23223351027036546,0.001064650843716541,-0.35316,-0.50031,9.760950000000001
26025252265,21.65,0.03621558197888234,0.177901410655782,-0.003193952531149623,-0.75537,-0.50031,9.84924
26030302770,21.65,0.02982767691658309,0.09480628496833199,0.0,-0.9810000000000001,-0.45126,9.91791
26035353275,21.65,0.02982767691658309,-0.004258603374866164,0.002129301687433082,-1.01043,-0.44145,9.89829
26040403780,21.65,0.02663372438543347,-0.0756251164889143,-0.003193952531149623,-0.85347,-0.44145,9.91791
26045454285,21.65,0.02769837522915001,-0.11931070766633237,0.0,-0.60822,-0.46107000000000004,9.89829
26050504790,21.65,0.01811651763570114,-0.14275047952061623,-0.003193952531149623,-0.34335000000000004,-0.45126,9.87867
26055555295,21.65,0.015987215948268057,-0.1480737337391989,-0.001064650843716541,0.0,-0.51993,9.84924
26060605800,21.65,0.007452555906015787,-0.13955652698946658,0.0,0.25506,-0.50031,9.86886
26065656305,21.65,0.007452555906015787,-0.12144000935376545,0.001064650843716541,0.51993,-0.51993,9.81
26070706810,21.65,0.012775810124598492,-0.09267698328089889,-0.001064650843716541,0.71613,-0.5395500000000001,9.85905
26075757315,21.65,0.0170518667919846,-0.054332099614583476,0.0,0.84366,-0.5395500000000001,9.94734
26080807820,21.65,0.022375121010567305,-0.012775810124598492,-0.004258603374866164,0.87309,-0.5591700000000001,9.99639
26085858325,21.65,0.031956978604016174,0.028763026072866547,0.0,0.8240400000000001,-0.52974,9.97677
26090908830,21.65,0.02769837522915001,0.08203047484373349,-0.002129301687433082,0.6768900000000001,-0.50031,9.89829
26095959335,21.65,0.02556907354171693,0.12463396188491506,-0.002129301687433082,0.43164,-0.48069000000000006,9.74133
26101009840,21.65,0.01918116847941768,0.16191419470751395,0.001064650843716541,0.0981,-0.46107000000000004,9.68247
26106060345,21.65,0.024504422698000388,0.16191419470751395,0.002129301687433082,-0.24525000000000002,-0.44145,9.66285
26111110850,21.65,0.020245819323134222,0.11824605682261582,-0.001064650843716541,-0.51993,-0.41202000000000005,9.64323
26116161355,21.65,0.02556907354171693,0.05113814708343386,0.0,-0.63765,-0.40221,9.7119
26121211860,21.65,0.02663372438543347,-0.013840460968315033,0.0,-0.64746,-0.3924,9.73152
26126262365,21.65,0.02556907354171693,-0.06604325889546543,-0.001064650843716541,-0.51012,-0.45126,9.760950000000001
26131312870,21.65,0.023439771854283843,-0.09161233243718235,-0.003193952531149623,-0.30411,-0.43164,9.81
26136363375,21.65,0.0170518667919846,-0.09267698328089889,0.001064650843716541,-0.15696000000000002,-0.44145,9.770760000000001
26141413880,21.65,0.00958185759344887,-0.08309512568745003,0.004258603374866164,0.07848000000000001,-0.49050000000000005,9.751140000000001
26146464385,21.65,0.002129301687433082,-0.07777187146886733,0.0,0.22563,-0.49050000000000005,9.79038
26151514890,21.65,0.004258603374866164,-0.060720004676882725,0.002129301687433082,0.35316,-0.50031,9.760950000000001
26156565395,21.65,0.01811651763570114,-0.046879543708567686,0.0,0.41202000000000005,-0.51993,9.83943
26161615900,21.65,0.024504422698000388,-0.0404741853537485,0.0,0.51993,-0.52974,9.94734
26166666405,21.65,0.023439771854283843,-0.023439771854283843,-0.002129301687433082,0.5591700000000001,-0.51993,10.03563
26171716910,21.65,0.01918116847941768,0.00958185759344887,-0.005323254218582705,0.50031,-0.5395500000000001,10.09449
26176767415,21.65,0.01918116847941768,0.049008845396000776,-0.006387905062299246,0.46107000000000004,-0.5395500000000001,10.03563
26181817920,21.65,0.015987215948268057,0.08203047484373349,0.002129301687433082,0.30411,-0.5395500000000001,9.908100000000001
26186868425,21.65,0.013840460968315033,0.10119419003063122,0.0,0.07848000000000001,-0.51993,9.80019
26191918930,21.65,0.024504422698000388,0.09267698328089889,0.001064650843716541,-0.10791,-0.49050000000000005,9.79038
26196969435,21.65,0.03834488366631542,0.06284930636431581,0.001064650843716541,-0.20601000000000003,-0.48069000000000006,9.78057
26202019940,21.65,0.03515093113516579,0.021310470166850764,0.0,-0.31392000000000003,-0.47088,9.87867
26207070445,21.65,0.03621558197888234,-0.00958185759344887,-0.003193952531149623,-0.31392000000000003,-0.50031,9.98658
26212120950,21.65,0.03089232776029963,-0.024504422698000388,0.0,-0.24525000000000002,-0.46107000000000004,9.95715
26217171455,21.65,0.02556907354171693,-0.03515093113516579,0.0,-0.1962,-0.50031,9.888480000000001
26222221960,21.65,0.022375121010567305,-0.039409534510031964,-0.003193952531149623,-0.05886,-0.47088,9.72171
26227272465,21.65,0.03408628029144926,-0.0404741853537485,0.001064650843716541,0.04905,-0.45126,9.6138
26232322970,21.65,0.04153883619746504,-0.049008845396000776,0.001064650843716541,0.16677000000000003,-0.44145,9.56475
26237373475,21.65,0.04153883619746504,-0.04794419455228423,0.0,0.25506,-0.41202000000000005,9.67266
26242423980,21.65,0.0404741853537485,-0.03834488366631542,0.0,0.2943,-0.43164,9.770760000000001
26247474485,21.65,0.03089232776029963,-0.028763026072866547,0.0,0.34335000000000004,-0.43164,9.908100000000001
26252524990,21.65,0.023439771854283843,0.0,-0.003193952531149623,0.35316,-0.41202000000000005,9.97677
26257575495,21.65,0.02769837522915001,0.02556907354171693,-0.002129301687433082,0.31392000000000003,-0.41202000000000005,9.819809999999999
26262626000,21.65,0.03408628029144926,0.03834488366631542,0.001064650843716541,0.22563,-0.42183,9.70209
26267676505,21.65,0.03834488366631542,0.04153883619746504,0.0,0.14715,-0.3924,9.57456
26272727010,21.65,0.03089232776029963,0.033021629447732716,0.0,0.11772,-0.38259000000000004,9.55494
26277777515,21.65,0.023439771854283843,0.033021629447732716,-0.001064650843716541,0.0,-0.37278,9.72171
26282828020,21.65,0.015987215948268057,0.03621558197888234,0.001064650843716541,-0.06867000000000001,-0.3924,9.86886
26287878525,21.65,0.008517206749732328,0.03515093113516579,-0.001064650843716541,-0.17658,-0.43164,9.99639
26292929030,21.65,0.005323254218582705,0.006387905062299246,-0.001064650843716541,-0.20601000000000003,-0.45126,10.05525
26297979535,21.65,0.01064650843716541,-0.023439771854283843,0.0,-0.15696000000000002,-0.45126,9.97677
26303030040,21.65,0.015987215948268057,-0.039409534510031964,0.0,-0.05886,-0.47088,9.80019
26308080545,21.65,0.021310470166850764,-0.03728023282259888,-0.002129301687433082,0.04905,-0.48069000000000006,9.7119
26313131050,21.65,0.023439771854283843,-0.01811651763570114,0.0,0.0981,-0.46107000000000004,9.72171
26318181555,21.65,0.0170518667919846,-0.001064650843716541,0.0,0.0981,-0.50031,9.78057
26323232060,21.65,0.01918116847941768,-0.002129301687433082,0.001064650843716541,0.08829,-0.51993,9.937529999999999
26328282565,21.65,0.01811651763570114,-0.0170518667919846,0.0,0.08829,-0.49050000000000005,10.03563
26333333070,21.65,0.02663372438543347,-0.02556907354171693,0.0,0.0981,-0.51012,9.97677
26338383575,21.65,0.0404741853537485,-0.02982767691658309,-0.001064650843716541,0.20601000000000003,-0.48069000000000006,9.95715
26343434080,21.65,0.05113814708343386,-0.011711159280881954,-0.002129301687433082,0.27468000000000004,-0.45126,9.82962
26348484585,21.65,0.05326744877086694,0.013840460968315033,-0.002129301687433082,0.28449,-0.43164,9.70209
26353535090,21.65,0.04794419455228423,0.02982767691658309,0.0,0.20601000000000003,-0.44145,9.79038
26358585595,21.65,0.03515093113516579,0.03728023282259888,0.0,0.12753,-0.3924,9.83943
26363636100,21.65,0.02769837522915001,0.02769837522915001,-0.001064650843716541,0.039240000000000004,-0.37278,9.87867
26368686605,21.65,0.03728023282259888,0.015987215948268057,0.0,0.0,-0.36297,9.92772
26373737110,21.65,0.05113814708343386,0.006387905062299246,0.001064650843716541,-0.019620000000000002,-0.36297,9.95715
26378787615,21.65,0.05113814708343386,0.001064650843716541,0.0,-0.009810000000000001,-0.3924,9.908100000000001
26383838120,21.65,0.04366813788489812,-0.001064650843716541,-0.001064650843716541,-0.009810000000000001,-0.3924,9.908100000000001
26388888625,21.65,0.028763026072866547,0.002129301687433082,0.0,0.0,-0.40221,9.74133
26393939130,21.65,0.01918116847941768,0.014905111812031574,0.002129301687433082,-0.02943,-0.40221,9.56475
26398989635,21.65,0.020245819323134222,0.008517206749732328,0.001064650843716541,-0.02943,-0.40221,9.55494
26404040140,21.65,0.023439771854283843,-0.005323254218582705,0.0,-0.039240000000000004,-0.41202000000000005,9.74133
26409090645,21.65,0.03621558197888234,-0.033021629447732716,0.001064650843716541,0.0,-0.43164,9.95715
26414141150,21.65,0.03834488366631542,-0.044732788728614664,-0.003193952531149623,0.08829,-0.41202000000000005,10.045440000000001
26419191655,21.65,0.03621558197888234,-0.023439771854283843,-0.002129301687433082,0.12753,-0.41202000000000005,9.91791
26424242160,21.65,0.028763026072866547,-0.005323254218582705,-0.001064650843716541,0.14715,-0.41202000000000005,9.64323
26429292665,21.65,0.023439771854283843,-0.001064650843716541,0.0,0.18639,-0.40221,9.55494
26434343170,21.65,0.023439771854283843,0.0,-0.003193952531149623,0.17658,-0.40221,9.56475
26439393675,21.65,0.03515093113516579,0.008517206749732328,0.001064650843716541,0.18639,-0.40221,9.68247
26444444180,21.65,0.049008845396000776,0.02769837522915001,-0.002129301687433082,0.12753,-0.37278,9.92772
26449494685,21.65,0.04581489286485115,0.04153883619746504,-0.002129301687433082,0.009810000000000001,-0.37278,9.99639
26454545190,21.65,0.03728023282259888,0.028763026072866547,0.0,-0.08829,-0.38259000000000004,9.97677
26459595695,21.65,0.023439771854283843,0.01064650843716541,0.0,-0.06867000000000001,-0.41202000000000005,9.87867
26464646200,21.65,0.022375121010567305,-0.006387905062299246,-0.001064650843716541,-0.05886,-0.3924,9.72171
26469696705,21.65,0.033021629447732716,-0.003193952531149623,0.0,0.0,-0.40221,9.6138
26474747210,21.65,0.046879543708567686,-0.00958185759344887,0.0,0.0,-0.36297,9.751140000000001
26479797715,21.65,0.04581489286485115,-0.022375121010567305,0.0,0.019620000000000002,-0.37278,9.84924
26484848220,21.65,0.03728023282259888,-0.039409534510031964,0.0,0.0981,-0.40221,9.87867
26489898725,21.65,0.02663372438543347,-0.03834488366631542,0.001064650843716541,0.16677000000000003,-0.38259000000000004,9.99639
26494949230,21.65,0.024504422698000388,-0.01811651763570114,0.001064650843716541,0.20601000000000003,-0.41202000000000005,9.99639
26499999735,21.65,0.02769837522915001,0.002129301687433082,0.004258603374866164,0.20601000000000003,-0.41202000000000005,9.94734
26505050240,21.65,0.033021629447732716,0.012775810124598492,0.0,0.17658,-0.41202000000000005,9.937529999999999
26510100745,21.65,0.04581489286485115,0.012775810124598492,-0.002129301687433082,0.14715,-0.41202000000000005,9.85905
26515151250,21.65,0.04581489286485115,0.00958185759344887,-0.002129301687433082,0.13734000000000002,-0.42183,9.80019
26520201755,21.65,0.03728023282259888,0.015987215948268057,-0.001064650843716541,0.08829,-0.40221,9.85905
26525252260,21.65,0.02982767691658309,0.03089232776029963,-0.002129301687433082,0.039240000000000004,-0.3924,9.86886
26530302765,21.65,0.03089232776029963,0.03408628029144926,-0.001064650843716541,-0.019620000000000002,-0.41202000000000005,9.83943
26535353270,21.65,0.03728023282259888,0.021310470166850764,-0.003193952531149623,-0.12753,-0.41202000000000005,9.92772
26540403775,21.65,0.04260348704118158,-0.003193952531149623,-0.003193952531149623,-0.06867000000000001,-0.3924,9.86886
26545454280,21.65,0.05113814708343386,-0.028763026072866547,-0.001064650843716541,-0.009810000000000001,-0.34335000000000004,9.78057
26550504785,21.65,0.05646140130201656,-0.024504422698000388,-0.001064650843716541,0.019620000000000002,-0.36297,9.67266
26555555290,21.65,0.05326744877086694,-0.004258603374866164,-0.001064650843716541,0.07848000000000001,-0.32373,9.59418
26560605795,21.65,0.04794419455228423,-0.004258603374866164,-0.002129301687433082,0.08829,-0.27468000000000004,9.6138
26565656300,21.65,0.04366813788489812,-0.00958185759344887,-0.001064650843716541,0.10791,-0.31392000000000003,9.760950000000001
26570706805,21.65,0.04366813788489812,-0.00958185759344887,-0.001064650843716541,0.0981,-0.2943,9.79038
26575757310,21.65,0.044732788728614664,0.0,-0.001064650843716541,0.10791,-0.2943,9.81
26580807815,21.65,0.04581489286485115,0.007452555906015787,-0.001064650843716541,0.06867000000000001,-0.2943,9.87867
26585858320,21.65,0.04581489286485115,0.00958185759344887,0.0,0.04905,-0.26487,9.760950000000001
26590908825,21.65,0.04366813788489812,0.008517206749732328,0.0,0.02943,-0.26487,9.633420000000001
26595959330,21.65,0.03621558197888234,0.004258603374866164,0.0,0.04905,-0.30411,9.60399
26601009835,21.65,0.02556907354171693,0.0,0.0,0.02943,-0.28449,9.64323
26606060340,21.65,0.031956978604016174,-0.001064650843716541,0.001064650843716541,0.02943,-0.30411,9.81
26611110845,21.65,0.033021629447732716,-0.004258603374866164,0.0,0.0,-0.34335000000000004,9.96696
26616161350,21.65,0.028763026072866547,-0.011711159280881954,-0.003193952531149623,0.019620000000000002,-0.35316,10.006200000000002
26621211855,21.65,0.024504422698000388,-0.020245819323134222,0.0,0.05886,-0.35316,10.045440000000001
26626262360,21.65,0.022375121010567305,-0.014905111812031574,-0.001064650843716541,0.07848000000000001,-0.3924,9.97677
26631312865,21.65,0.02663372438543347,0.004258603374866164,0.0,0.10791,-0.38259000000000004,9.84924
26636363370,21.65,0.02556907354171693,0.01811651763570114,-0.003193952531149623,0.0981,-0.40221,9.84924
26641413875,21.65,0.031956978604016174,0.022375121010567305,-0.001064650843716541,0.039240000000000004,-0.41202000000000005,9.95715
26646464380,21.65,0.039409534510031964,0.02556907354171693,-0.001064650843716541,-0.009810000000000001,-0.42183,9.94734
26651514885,21.65,0.04153883619746504,0.014905111812031574,0.0,-0.05886,-0.40221,9.94734
26656565390,21.65,0.03728023282259888,0.01064650843716541,-0.001064650843716541,-0.05886,-0.40221,9.97677
26661615895,21.65,0.049008845396000776,-0.004258603374866164,0.0,-0.07848000000000001,-0.3924,9.908100000000001
26666666400,21.65,0.06284930636431581,-0.007452555906015787,0.002129301687433082,-0.039240000000000004,-0.3924,9.80019
26671716905,21.65,0.06178465552059926,-0.020245819323134222,-0.002129301687433082,0.0,-0.33354000000000006,9.78057
26676767410,21.65,0.06284930636431581,-0.02556907354171693,-0.001064650843716541,0.07848000000000001,-0.2943,9.67266
26681817915,21.65,0.06497860805174888,-0.02769837522915001,0.0,0.10791,-0.27468000000000004,9.65304
26686868420,21.65,0.06817256058289851,-0.015987215948268057,0.0,0.17658,-0.26487,9.70209
26691918925,21.65,0.06178465552059926,-0.003193952531149623,0.0,0.1962,-0.20601000000000003,9.7119
26696969430,21.65,0.06391395720803235,0.003193952531149623,0.0,0.14715,-0.20601000000000003,9.78057
26702019935,21.65,0.06497860805174888,0.012775810124598492,0.0,0.13734000000000002,-0.1962,9.770760000000001
26707070440,21.65,0.05326744877086694,0.021310470166850764,0.0,0.10791,-0.14715,9.69228
26712120945,21.65,0.044732788728614664,0.024504422698000388,0.0,0.02943,-0.16677000000000003,9.66285
26717171450,21.65,0.044732788728614664,0.01918116847941768,0.0,-0.019620000000000002,-0.1962,9.64323
26722221955,21.65,0.039409534510031964,0.005323254218582705,0.0,-0.02943,-0.1962,9.67266
26727272460,21.65,0.02769837522915001,0.003193952531149623,0.0,-0.02943,-0.22563,9.81
26732322965,21.65,0.02556907354171693,0.002129301687433082,0.0,-0.06867000000000001,-0.23544,9.92772
26737373470,21.65,0.015987215948268057,-0.006387905062299246,0.0,-0.05886,-0.2943,9.94734
26742423975,21.65,0.00958185759344887,-0.01064650843716541,0.0,-0.02943,-0.31392000000000003,9.97677
26747474480,21.65,0.0170518667919846,-0.00958185759344887,0.0,0.009810000000000001,-0.36297,9.95715
26752524985,21.65,0.021310470166850764,-0.014905111812031574,0.0,0.019620000000000002,-0.38259000000000004,9.908100000000001
26757575490,21.65,0.022375121010567305,-0.0170518667919846,0.0,0.07848000000000001,-0.40221,9.87867
26762625995,21.65,0.03089232776029963,-0.005323254218582705,0.0,0.11772,-0.41202000000000005,9.888480000000001
26767676500,21.65,0.033021629447732716,0.001064650843716541,0.0,0.11772,-0.3924,9.83943
26772727005,21.65,0.04260348704118158,0.0,0.0,0.11772,-0.3924,9.91791
26777777510,21.65,0.05113814708343386,0.003193952531149623,0.0,0.07848000000000001,-0.36297,9.98658
26782828015,21.65,0.05859070298944965,0.011711159280881954,0.0,0.0981,-0.34335000000000004,9.96696
26787878520,21.65,0.06497860805174888,0.00958185759344887,0.0,0.05886,-0.32373,9.87867
26792929025,21.65,0.06604325889546543,0.0170518667919846,0.0,0.02943,-0.26487,9.760950000000001
26797979530,21.65,0.07670722062515077,0.022375121010567305,0.0,-0.009810000000000001,-0.23544,9.633420000000001
26803030035,21.65,0.07777187146886733,0.01811651763570114,0.0,-0.02943,-0.21582,9.66285
26808080540,21.65,0.07670722062515077,0.00958185759344887,0.0,-0.05886,-0.17658,9.67266
26813131045,21.65,0.07349581480148122,0.0,0.0,-0.06867000000000001,-0.13734000000000002,9.760950000000001
26818181550,21.65,0.060720004676882725,-0.008517206749732328,0.0,-0.07848000000000001,-0.10791,9.82962
26823232055,21.65,0.05646140130201656,-0.011711159280881954,0.0,-0.009810000000000001,-0.11772,9.80019
26828282560,21.65,0.05113814708343386,-0.014905111812031574,0.0,0.0,-0.11772,9.770760000000001
26833333065,21.65,0.04153883619746504,-0.012775810124598492,0.0,0.019620000000000002,-0.12753,9.819809999999999
26838383570,21.65,0.03621558197888234,-0.013840460968315033,0.0,0.08829,-0.17658,9.81
26843434075,21.65,0.03728023282259888,-0.011711159280881954,0.0,0.0981,-0.1962,9.73152
26848484580,21.65,0.02982767691658309,-0.001064650843716541,0.0,0.0981,-0.21582,9.79038
26853535085,21.65,0.023439771854283843,0.006387905062299246,0.0,0.07848000000000001,-0.25506,9.82962
26858585590,21.65,0.023439771854283843,0.015987215948268057,0.0,0.06867000000000001,-0.25506,9.888480000000001
26863636095,21.65,0.02556907354171693,0.0170518667919846,0.0,0.0,-0.28449,9.92772
26868686600,21.65,0.02982767691658309,0.013840460968315033,0.0,-0.019620000000000002,-0.27468000000000004,9.86886
26873737105,21.65,0.031956978604016174,0.00958185759344887,0.0,-0.019620000000000002,-0.2943,9.81
26878787610,21.65,0.04260348704118158,0.0,0.0,-0.019620000000000002,-0.31392000000000003,9.760950000000001
26883838115,21.65,0.046879543708567686,0.002129301687433082,0.0,-0.019620000000000002,-0.27468000000000004,9.7119
26888888620,21.65,0.05113814708343386,0.006387905062299246,0.0,-0.019620000000000002,-0.27468000000000004,9.78057
26893939125,21.65,0.05646140130201656,0.001064650843716541,0.0,-0.02943,-0.28449,9.82962
26898989630,21.65,0.05965535383316618,-0.006387905062299246,0.0,-0.019620000000000002,-0.24525000000000002,9.82962
26904040135,21.65,0.06178465552059926,-0.011711159280881954,0.0,-0.019620000000000002,-0.22563,9.85905
26909090640,21.65,0.06923721142661506,-0.01064650843716541,0.0,0.0,-0.20601000000000003,9.82962
26914141145,21.65,0.06817256058289851,-0.00958185759344887,0.0,0.02943,-0.16677000000000003,9.80019
26919191650,21.65,0.06391395720803235,0.003193952531149623,0.0,0.02943,-0.13734000000000002,9.81
26924242155,21.65,0.05646140130201656,0.004258603374866164,0.0,0.0,-0.13734000000000002,9.85905
26929292660,21.65,0.05220279792715039,-0.007452555906015787,0.0,0.019620000000000002,-0.11772,9.82962
26934343165,21.65,0.049008845396000776,-0.011711159280881954,0.0,0.039240000000000004,-0.14715,9.82962
26939393670,21.65,0.05007349623971732,-0.012775810124598492,0.0,0.05886,-0.13734000000000002,9.92772
26944444175,21.65,0.04366813788489812,-0.002129301687433082,0.0,0.05886,-0.13734000000000002,9.888480000000001
26949494680,21.65,0.04260348704118158,0.006387905062299246,0.0,0.07848000000000001,-0.17658,9.87867
26954545185,21.65,0.044732788728614664,0.012775810124598492,0.0,0.039240000000000004,-0.1962,9.85905
26959595690,21.65,0.03834488366631542,0.005323254218582705,0.0,0.009810000000000001,-0.18639,9.74133
26964646195,21.65,0.03621558197888234,0.005323254218582705,0.0,0.009810000000000001,-0.21582,9.66285
26969696700,21.65,0.04153883619746504,0.00958185759344887,0.0,0.0,-0.21582,9.760950000000001
26974747205,21.65,0.046879543708567686,0.0170518667919846,0.0,-0.02943,-0.20601000000000003,9.80019
26979797710,21.65,0.05326744877086694,0.021310470166850764,0.0,-0.06867000000000001,-0.18639,9.81
26984848215,21.65,0.054332099614583476,0.01064650843716541,0.0,-0.11772,-0.22563,9.84924
26989898720,21.65,0.05326744877086694,-0.012775810124598492,0.0,-0.10791,-0.15696000000000002,9.751140000000001
26994949225,21.65,0.05326744877086694,-0.0170518667919846,0.0,-0.04905,-0.18639,9.69228
26999999730,21.65,0.05965535383316618,-0.00958185759344887,0.0,0.0,-0.16677000000000003,9.760950000000001
27005050235,21.65,0.05965535383316618,-0.006387905062299246,0.0,0.039240000000000004,-0.13734000000000002,9.74133
27010100740,21.65,0.05539675045830002,-0.003193952531149623,0.0,0.0,-0.14715,9.81
27015151245,21.65,0.05220279792715039,-0.012775810124598492,0.0,0.0,-0.12753,9.888480000000001
27020201750,21.65,0.05646140130201656,-0.020245819323134222,0.0,0.039240000000000004,-0.15696000000000002,9.86886
27025252255,21.65,0.05007349623971732,-0.01918116847941768,0.0,0.08829,-0.12753,9.908100000000001
27030302760,21.65,0.05220279792715039,0.002129301687433082,0.0,0.0981,-0.11772,9.937529999999999
27035353265,21.65,0.05113814708343386,0.02769837522915001,0.0,0.06867000000000001,-0.12753,9.81
27040403770,21.65,0.049008845396000776,0.03408628029144926,0.0,0.0,-0.13734000000000002,9.80019
27045454275,21.65,0.046879543708567686,0.02982767691658309,0.0,-0.08829,-0.14715,9.81
27050504780,21.65,0.04260348704118158,0.01811651763570114,0.0,-0.10791,-0.12753,9.751140000000001
27055555285,21.65,0.0404741853537485,0.002129301687433082,0.0,-0.12753,-0.12753,9.80019
27060605790,21.65,0.05113814708343386,-0.01064650843716541,0.0,-0.13734000000000002,-0.14715,9.83943
27065656295,21.65,0.05646140130201656,-0.01811651763570114,0.0,-0.08829,-0.12753,9.760950000000001
27070706800,21.65,0.05539675045830002,-0.02556907354171693,0.0,-0.02943,-0.12753,9.81
27075757305,21.65,0.05752605214573309,-0.03089232776029963,0.0,0.02943,-0.10791,9.819809999999999
27080807810,21.65,0.05113814708343386,-0.021310470166850764,0.0,0.10791,-0.12753,9.751140000000001
27085858315,21.65,0.05007349623971732,-0.012775810124598492,0.0,0.14715,-0.0981,9.760950000000001
27090908820,21.65,0.054332099614583476,0.004258603374866164,0.0,0.13734000000000002,-0.11772,9.751140000000001
27095959325,21.65,0.05859070298944965,0.011711159280881954,0.0,0.11772,-0.10791,9.770760000000001
27101009830,21.65,0.060720004676882725,0.015987215948268057,0.0,0.039240000000000004,-0.0981,9.908100000000001
27106060335,21.65,0.054332099614583476,0.028763026072866547,-0.005323254218582705,0.0,-0.10791,9.97677
27111110840,21.65,0.05220279792715039,0.02769837522915001,0.0,-0.06867000000000001,-0.0981,9.91791
27116161345,21.65,0.046879543708567686,0.01811651763570114,0.0,-0.0981,-0.10791,9.819809999999999
27121211850,21.65,0.049008845396000776,0.00958185759344887,0.0,-0.10791,-0.11772,9.74133
27126262355,21.65,0.05113814708343386,0.0,-0.003193952531149623,-0.07848000000000001,-0.10791,9.7119
27131312860,21.65,0.05646140130201656,-0.003193952531149623,-0.002129301687433082,-0.10791,-0.0981,9.73152
27136363365,21.65,0.05646140130201656,0.005323254218582705,-0.001064650843716541,-0.10791,-0.11772,9.84924
27141413870,21.65,0.05539675045830002,-0.005323254218582705,0.0,-0.11772,-0.11772,9.81
27146464375,21.65,0.05113814708343386,-0.01918116847941768,0.001064650843716541,-0.07848000000000001,-0.08829,9.82962
27151514880,21.65,0.05220279792715039,-0.02769837522915001,-0.002129301687433082,-0.009810000000000001,-0.08829,9.78057
27156565385,21.65,0.05113814708343386,-0.031956978604016174,0.0,0.05886,-0.06867000000000001,9.7119
27161615890,21.65,0.05326744877086694,-0.01918116847941768,0.0,0.13734000000000002,-0.07848000000000001,9.74133
27166666395,21.65,0.06497860805174888,0.001064650843716541,-0.001064650843716541,0.10791,-0.06867000000000001,9.83943
27171716900,21.65,0.060720004676882725,0.008517206749732328,-0.003193952531149623,0.08829,-0.039240000000000004,9.84924
27176767405,21.65,0.04794419455228423,0.015987215948268057,-0.003193952531149623,0.02943,-0.04905,9.89829
27181817910,21.65,0.04581489286485115,0.011711159280881954,-0.002129301687433082,0.019620000000000002,-0.05886,9.888480000000001
27186868415,21.65,0.03728023282259888,0.01064650843716541,-0.001064650843716541,0.0,-0.06867000000000001,9.83943
27191918920,21.65,0.04581489286485115,0.005323254218582705,0.0,-0.02943,-0.05886,9.86886
27196969425,21.65,0.060720004676882725,0.006387905062299246,0.0,-0.05886,-0.06867000000000001,9.86886
27202019930,21.65,0.060720004676882725,0.006387905062299246,-0.004258603374866164,-0.02943,-0.06867000000000001,9.85905
27207070435,21.65,0.060720004676882725,0.004258603374866164,0.0,-0.04905,-0.07848000000000001,9.85905
27212120940,21.65,0.05220279792715039,0.01811651763570114,-0.001064650843716541,-0.06867000000000001,-0.039240000000000004,9.760950000000001
27217171445,21.65,0.044732788728614664,0.021310470166850764,0.001064650843716541,-0.0981,-0.04905,9.69228
27222221950,21.65,0.046879543708567686,0.007452555906015787,0.0,-0.13734000000000002,-0.039240000000000004,9.69228
27227272455,21.65,0.06178465552059926,-0.005323254218582705,0.001064650843716541,-0.11772,-0.04905,9.74133
27232322960,21.65,0.07243116395776468,-0.02982767691658309,0.001064650843716541,-0.07848000000000001,-0.019620000000000002,9.83943
27237373465,21.65,0.07349581480148122,-0.03408628029144926,-0.004258603374866164,-0.02943,-0.019620000000000002,9.85905
27242423970,21.65,0.06604325889546543,-0.015987215948268057,-0.002129301687433082,0.02943,-0.02943,9.86886
27247474475,21.65,0.054332099614583476,0.003193952531149623,0.0,0.02943,0.0,9.81
27252524980,21.65,0.04366813788489812,0.015987215948268057,-0.002129301687433082,0.0,-0.019620000000000002,9.770760000000001
27257575485,21.65,0.044732788728614664,0.01811651763570114,0.001064650843716541,-0.039240000000000004,-0.02943,9.79038
27262625990,21.65,0.049008845396000776,0.0,0.001064650843716541,-0.06867000000000001,-0.039240000000000004,9.770760000000001
27267676495,21.65,0.05646140130201656,-0.014905111812031574,0.0,0.0,-0.009810000000000001,9.87867
27272727000,21.65,0.06391395720803235,-0.024504422698000388,-0.001064650843716541,0.02943,0.0,9.86886
27277777505,21.65,0.06178465552059926,-0.020245819323134222,0.0,0.02943,-0.009810000000000001,9.888480000000001
27282828010,21.65,0.05646140130201656,0.002129301687433082,-0.002129301687433082,0.08829,-0.04905,9.87867
27287878515,21.65,0.05113814708343386,0.022375121010567305,-0.002129301687433082,0.07848000000000001,-0.02943,9.819809999999999
27292929020,21.65,0.04260348704118158,0.04153883619746504,-0.001064650843716541,-0.019620000000000002,-0.019620000000000002,9.770760000000001
27297979525,21.65,0.046879543708567686,0.04794419455228423,0.0,-0.15696000000000002,-0.06867000000000001,9.72171
27303030030,21.65,0.05752605214573309,0.04260348704118158,0.0,-0.22563,-0.019620000000000002,9.70209
27308080535,21.65,0.05752605214573309,0.007452555906015787,0.0,-0.25506,-0.009810000000000001,9.751140000000001
27313131040,21.65,0.06604325889546543,-0.024504422698000388,0.0,-0.25506,0.0,9.86886
27318181545,21.65,0.06604325889546543,-0.04794419455228423,-0.005323254218582705,-0.13734000000000002,0.019620000000000002,9.87867
27323232050,21.65,0.060720004676882725,-0.05220279792715039,0.0,-0.009810000000000001,0.0,9.89829
27328282555,21.65,0.05539675045830002,-0.039409534510031964,0.0,0.08829,0.0,9.86886
27333333060,21.65,0.05539675045830002,-0.002129301687433082,-0.001064650843716541,0.11772,0.009810000000000001,9.82962
27338383565,21.65,0.05646140130201656,0.02663372438543347,0.002129301687433082,0.05886,0.0,9.78057
27343434070,21.65,0.05752605214573309,0.04366813788489812,0.001064650843716541,-0.02943,0.0,9.770760000000001
27348484575,21.65,0.05539675045830002,0.0404741853537485,-0.002129301687433082,-0.11772,0.009810000000000001,9.770760000000001
27353535080,21.65,0.05326744877086694,0.008517206749732328,0.001064650843716541,-0.18639,0.009810000000000001,9.81
27358585585,21.65,0.05113814708343386,-0.02556907354171693,-0.002129301687433082,-0.12753,0.019620000000000002,9.819809999999999
27363636090,21.65,0.05646140130201656,-0.046879543708567686,-0.002129301687433082,-0.009810000000000001,0.009810000000000001,9.81
27368686595,21.65,0.06604325889546543,-0.049008845396000776,0.0,0.08829,0.039240000000000004,9.819809999999999
27373737100,21.65,0.060720004676882725,-0.024504422698000388,-0.005323254218582705,0.17658,0.02943,9.82962
27378787605,21.65,0.06497860805174888,0.011711159280881954,-0.002129301687433082,0.16677000000000003,0.04905,9.751140000000001
27383838110,21.65,0.05965535383316618,0.044732788728614664,0.0,0.02943,0.05886,9.70209
27388888615,21.65,0.05326744877086694,0.06817256058289851,0.0,-0.039240000000000004,0.06867000000000001,9.66285
27393939120,21.65,0.05220279792715039,0.06497860805174888,0.001064650843716541,-0.20601000000000003,0.04905,9.72171
27398989625,21.65,0.05113814708343386,0.05539675045830002,-0.003193952531149623,-0.31392000000000003,0.06867000000000001,9.82962
27404040130,21.65,0.05859070298944965,0.02982767691658309,0.0,-0.40221,0.04905,9.94734
27409090635,21.65,0.05859070298944965,-0.002129301687433082,-0.001064650843716541,-0.44145,0.04905,9.97677
27414141140,21.65,0.05539675045830002,-0.04794419455228423,-0.002129301687433082,-0.36297,0.04905,9.95715
27419191645,21.65,0.05220279792715039,-0.0756251164889143,0.001064650843716541,-0.16677000000000003,0.04905,9.83943
27424242150,21.65,0.05113814708343386,-0.08309512568745003,0.0,0.0,0.05886,9.68247
27429292655,21.65,0.049008845396000776,-0.06817256058289851,0.002129301687433082,0.18639,0.04905,9.7119
27434343160,21.65,0.05326744877086694,-0.05113814708343386,0.0,0.30411,0.039240000000000004,9.81
27439393665,21.65,0.06284930636431581,-0.02982767691658309,-0.001064650843716541,0.36297,0.04905,9.888480000000001
27444444170,21.65,0.06391395720803235,0.0,-0.001064650843716541,0.35316,0.04905,9.96696
27449494675,21.65,0.06284930636431581,0.04366813788489812,-0.003193952531149623,0.21582,0.039240000000000004,9.87867
27454545180,21.65,0.05965535383316618,0.09480628496833199,-0.002129301687433082,0.12753,0.05886,9.78057
27459595685,21.65,0.060720004676882725,0.11931070766633237,-0.003193952531149623,-0.13734000000000002,0.05886,9.74133
27464646190,21.65,0.06710790973918197,0.11079350091660004,0.001064650843716541,-0.37278,0.07848000000000001,9.623610000000001
27469696695,21.65,0.06604325889546543,0.07883652231258387,0.0,-0.5493600000000001,0.0981,9.66285
27474747200,21.65,0.06604325889546543,0.02769837522915001,0.0,-0.64746,0.11772,9.74133
27479797705,21.65,0.06497860805174888,-0.028763026072866547,-0.002129301687433082,-0.6180300000000001,0.13734000000000002,9.85905
27484848210,21.65,0.06284930636431581,-0.07670722062515077,0.0,-0.47088,0.16677000000000003,9.89829
27489898715,21.65,0.05752605214573309,-0.1171814059788993,0.001064650843716541,-0.23544,0.15696000000000002,9.908100000000001
27494949220,21.65,0.05326744877086694,-0.1374272253020335,0.0,0.02943,0.10791,9.89829
27499999725,21.65,0.05859070298944965,-0.1374272253020335,0.0,0.33354000000000006,0.16677000000000003,9.81
27505050230,21.65,0.05752605214573309,-0.11185815176031658,-0.001064650843716541,0.6180300000000001,0.28449,9.81
27510100735,21.65,0.03834488366631542,-0.04366813788489812,0.0,0.8338500000000001,0.11772,9.888480000000001
27515151240,21.65,0.04366813788489812,0.01064650843716541,0.0,0.73575,0.009810000000000001,9.57456
27520201745,21.65,0.0404741853537485,0.054332099614583476,-0.002129301687433082,0.56898,0.04905,9.66285
27525252250,21.65,0.04794419455228423,0.09800023749948161,-0.002129301687433082,0.40221,0.019620000000000002,9.86886
27530302755,21.65,0.06391395720803235,0.1331511686346474,-0.001064650843716541,0.12753,0.02943,9.89829
27535353260,21.65,0.06710790973918197,0.14913838458291545,-0.003193952531149623,-0.16677000000000003,0.07848000000000001,9.908100000000001
27540403765,21.65,0.07456046564519776,0.12995721610349775,0.0,-0.46107000000000004,0.08829,9.770760000000001
27545454270,21.65,0.0756251164889143,0.10545279340549739,-0.003193952531149623,-0.6670800000000001,0.11772,9.65304
27550504775,21.65,0.07243116395776468,0.07136651311404815,0.0,-0.80442,0.14715,9.64323
27555555280,21.65,0.06923721142661506,0.0170518667919846,0.002129301687433082,-0.86328,0.17658,9.70209
27560605785,21.65,0.07030186227033158,-0.033021629447732716,0.0,-0.8240400000000001,0.18639,9.819809999999999
27565656290,21.65,0.06604325889546543,-0.08415977653116657,0.001064650843716541,-0.64746,0.20601000000000003,9.94734
27570706795,21.65,0.06817256058289851,-0.1278279144160647,0.002129301687433082,-0.42183,0.20601000000000003,9.92772
27575757300,21.65,0.06497860805174888,-0.15126768627034853,0.0,-0.08829,0.2943,9.86886
27580807805,21.65,0.05965535383316618,-0.14913838458291545,0.004258603374866164,0.23544,0.41202000000000005,9.89829
27585858310,21.65,0.039409534510031964,-0.1171814059788993,0.0,0.64746,0.23544,9.937529999999999
27590908815,21.65,0.01811651763570114,-0.06284930636431581,0.0,0.7749900000000001,0.10791,9.64323
27595959320,21.65,0.012775810124598492,-0.011711159280881954,-0.001064650843716541,0.69651,0.0,9.64323
27601009825,21.65,0.03621558197888234,0.024504422698000388,-0.001064650843716541,0.60822,0.0,9.760950000000001
27606060330,21.65,0.04153883619746504,0.07243116395776468,-0.002129301687433082,0.48069000000000006,0.009810000000000001,10.025820000000001
27611110835,21.65,0.06391395720803235,0.09800023749948161,-0.002129301687433082,0.32373,-0.009810000000000001,10.01601
27616161340,21.65,0.06284930636431581,0.11824605682261582,-0.003193952531149623,0.0,0.019620000000000002,9.98658
27621211845,21.65,0.07349581480148122,0.12250466019748199,0.0,-0.18639,0.039240000000000004,9.72171
27626262350,21.65,0.08096582400001695,0.10012953918691468,0.002129301687433082,-0.41202000000000005,0.10791,9.6138
27631312855,21.65,0.08735372906231618,0.05965535383316618,-0.001064650843716541,-0.50031,0.20601000000000003,9.60399
27636363360,21.65,0.09587093581204853,0.01064650843716541,-0.003193952531149623,-0.57879,0.21582,9.69228
27641413865,21.65,0.09693558665576507,-0.03089232776029963,-0.001064650843716541,-0.51993,0.2943,9.819809999999999
27646464370,21.65,0.09374163412461543,-0.05965535383316618,-0.001064650843716541,-0.40221,0.44145,9.92772
27651514875,21.65,0.0852244273748831,-0.06604325889546543,0.0,-0.22563,0.41202000000000005,9.91791
27656565380,21.65,0.05326744877086694,-0.06710790973918197,0.001064650843716541,-0.07848000000000001,0.3924,9.81
27661615885,21.65,0.033021629447732716,-0.07136651311404815,-0.001064650843716541,0.07848000000000001,0.30411,9.60399
27666666390,21.65,0.03728023282259888,-0.07136651311404815,-0.001064650843716541,0.22563,0.26487,9.64323
27671716895,21.65,0.02769837522915001,-0.04581489286485115,-0.001064650843716541,0.36297,0.25506,9.69228
27676767400,21.65,0.03515093113516579,-0.03089232776029963,0.0,0.41202000000000005,0.15696000000000002,9.760950000000001
27681817905,21.65,0.0404741853537485,-0.006387905062299246,0.0,0.41202000000000005,0.05886,9.81
27686868410,21.65,0.03834488366631542,0.015987215948268057,-0.003193952531149623,0.2943,0.07848000000000001,9.83943
27691918915,21.65,0.044732788728614664,0.04153883619746504,-0.001064650843716541,0.2943,0.07848000000000001,9.96696
27696969420,21.65,0.05646140130201656,0.06178465552059926,-0.001064650843716541,0.12753,0.04905,9.89829
27702019925,21.65,0.05326744877086694,0.08415977653116657,-0.003193952531149623,-0.02943,0.0981,9.84924
27707070430,21.65,0.07136651311404815,0.08309512568745003,-0.003193952531149623,-0.17658,0.10791,9.78057
27712120935,21.65,0.08096582400001695,0.07030186227033158,-0.003193952531149623,-0.3924,0.1962,9.82962
27717171440,21.65,0.08415977653116657,0.05326744877086694,-0.004258603374866164,-0.46107000000000004,0.1962,9.87867
27722221945,21.65,0.08841837990603273,0.03408628029144926,-0.003193952531149623,-0.5395500000000001,0.24525000000000002,9.98658
27727272450,21.65,0.08203047484373349,0.024504422698000388,-0.002129301687433082,-0.5886,0.27468000000000004,9.98658
27732322955,21.65,0.07456046564519776,0.003193952531149623,-0.004258603374866164,-0.6180300000000001,0.27468000000000004,9.98658
27737373460,21.65,0.07243116395776468,-0.024504422698000388,0.0,-0.60822,0.26487,9.85905
27742423965,21.65,0.07136651311404815,-0.04366813788489812,0.0,-0.45126,0.42183,9.78057
27747474470,21.65,0.07030186227033158,-0.05965535383316618,-0.002129301687433082,-0.25506,0.46107000000000004,9.68247
27752524975,21.65,0.06497860805174888,-0.06923721142661506,0.0,-0.12753,0.5395500000000001,9.67266
27757575480,21.65,0.049008845396000776,-0.07456046564519776,0.001064650843716541,0.05886,0.41202000000000005,9.69228
27762625985,21.65,0.023439771854283843,-0.06923721142661506,-0.001064650843716541,0.17658,0.2943,9.60399
27767676490,21.65,0.012775810124598492,-0.06178465552059926,0.0,0.32373,0.11772,9.7119
27772726995,21.65,0.020245819323134222,-0.04153883619746504,0.0,0.33354000000000006,0.07848000000000001,9.770760000000001
27777777500,21.65,0.033021629447732716,-0.03089232776029963,0.0,0.40221,0.039240000000000004,9.81
27782828005,21.65,0.05113814708343386,-0.012775810124598492,0.001064650843716541,0.41202000000000005,0.08829,9.87867
27787878510,21.65,0.07243116395776468,0.002129301687433082,0.0,0.46107000000000004,0.0981,9.72171
27792929015,21.65,0.08096582400001695,0.02769837522915001,-0.002129301687433082,0.3924,0.18639,9.67266
27797979520,21.65,0.08309512568745003,0.05007349623971732,-0.003193952531149623,0.31392000000000003,0.2943,9.67266
27803030025,21.65,0.08628907821859966,0.07136651311404815,-0.003193952531149623,0.16677000000000003,0.38259000000000004,9.7119
27808080530,21.65,0.07777187146886733,0.07456046564519776,0.0,0.0,0.42183,9.770760000000001
27813131035,21.65,0.07990117315630041,0.06178465552059926,0.0,-0.15696000000000002,0.44145,9.760950000000001
27818181540,21.65,0.07349581480148122,0.054332099614583476,0.0,-0.28449,0.3924,9.770760000000001
27823232045,21.65,0.06497860805174888,0.04581489286485115,0.0,-0.35316,0.37278,9.72171
27828282550,21.65,0.054332099614583476,0.02982767691658309,-0.001064650843716541,-0.43164,0.36297,9.67266
27833333055,21.65,0.046879543708567686,0.014905111812031574,-0.004258603374866164,-0.46107000000000004,0.32373,9.74133
27838383560,21.65,0.044732788728614664,-0.014905111812031574,0.001064650843716541,-0.43164,0.34335000000000004,9.751140000000001
27843434065,21.65,0.0404741853537485,-0.033021629447732716,0.0,-0.34335000000000004,0.30411,9.87867
27848484570,21.65,0.039409534510031964,-0.0404741853537485,0.0,-0.25506,0.27468000000000004,9.96696
27853535075,21.65,0.0404741853537485,-0.04581489286485115,0.0,-0.21582,0.20601000000000003,9.97677
27858585580,21.65,0.04366813788489812,-0.04581489286485115,0.003193952531149623,-0.0981,0.15696000000000002,10.006200000000002
27863636085,21.65,0.05007349623971732,-0.04581489286485115,0.0,-0.009810000000000001,0.20601000000000003,9.91791
27868686590,21.65,0.05646140130201656,-0.039409534510031964,0.0,0.05886,0.25506,9.89829
27873737095,21.65,0.06710790973918197,-0.03089232776029963,0.0,0.18639,0.34335000000000004,9.84924
27878787600,21.65,0.06710790973918197,-0.008517206749732328,0.0,0.24525000000000002,0.33354000000000006,9.83943
27883838105,21.65,0.06178465552059926,-0.001064650843716541,0.0,0.21582,0.30411,9.81
27888888610,21.65,0.05752605214573309,0.006387905062299246,0.0,0.21582,0.31392000000000003,9.79038
27893939115,21.65,0.060720004676882725,0.005323254218582705,0.0,0.15696000000000002,0.30411,9.82962
27898989620,21.65,0.06817256058289851,0.0,0.0,0.12753,0.3924,9.74133
27904040125,21.65,0.07030186227033158,0.0,0.0,0.20601000000000003,0.42183,9.751140000000001
27909090630,21.65,0.06817256058289851,0.015987215948268057,0.0,0.17658,0.41202000000000005,9.67266
27914141135,21.65,0.06817256058289851,0.02769837522915001,0.0,0.12753,0.3924,9.59418
27919191640,21.65,0.05752605214573309,0.039409534510031964,0.0,0.009810000000000001,0.36297,9.58437
27924242145,21.65,0.05113814708343386,0.05220279792715039,0.0,-0.07848000000000001,0.33354000000000006,9.6138
27929292650,21.65,0.05220279792715039,0.060720004676882725,0.0,-0.21582,0.34335000000000004,9.751140000000001
27934343155,21.65,0.05646140130201656,0.06391395720803235,0.0,-0.3924,0.31392000000000003,9.86886
27939393660,21.65,0.06604325889546543,0.049008845396000776,0.0,-0.52974,0.30411,9.908100000000001
27944444165,21.65,0.07030186227033158,0.022375121010567305,0.0,-0.56898,0.37278,9.888480000000001
27949494670,21.65,0.07243116395776468,-0.007452555906015787,0.0,-0.51993,0.49050000000000005,9.770760000000001
27954545175,21.65,0.06923721142661506,-0.04260348704118158,0.0,-0.41202000000000005,0.56898,9.70209
27959595680,21.65,0.05326744877086694,-0.07777187146886733,0.0,-0.23544,0.6768900000000001,9.70209
27964646185,21.65,0.03515093113516579,-0.10332349171806432,0.0,0.019620000000000002,0.6670800000000001,9.760950000000001
27969696690,21.65,0.021310470166850764,-0.10759954838545042,0.0,0.27468000000000004,0.51993,9.81
27974747195,21.65,0.006387905062299246,-0.10119419003063122,0.0,0.51012,0.28449,9.79038
27979797700,21.65,0.006387905062299246,-0.06604325889546543,0.0,0.6180300000000001,0.11772,9.760950000000001
27984848205,21.65,0.012775810124598492,-0.01064650843716541,0.0,0.5886,-0.04905,9.81
27989898710,21.65,0.0404741853537485,0.03728023282259888,0.0,0.45126,0.02943,9.78057
27994949215,21.65,0.06178465552059926,0.08628907821859966,0.0,0.33354000000000006,0.0981,9.92772
27999999720,21.65,0.08628907821859966,0.11931070766633237,0.0,0.07848000000000001,0.11772,9.82962
28005050225,21.65,0.09800023749948161,0.1331511686346474,0.0,-0.22563,0.24525000000000002,9.81
28010100730,21.65,0.1171814059788993,0.10653489754173388,0.0,-0.44145,0.41202000000000005,9.81
28015151235,21.65,0.12463396188491506,0.054332099614583476,0.0,-0.59841,0.8338500000000001,9.89829
28020201740,21.65,0.10653489754173388,0.004258603374866164,0.0,-0.48069000000000006,0.94176,10.143540000000002
28025252245,21.65,0.08948303074974927,-0.05007349623971732,0.0,-0.41202000000000005,0.80442,9.819809999999999
28030302750,21.65,0.039409534510031964,-0.06178465552059926,0.0,-0.24525000000000002,0.70632,9.57456
28035353255,21.65,0.01811651763570114,-0.0756251164889143,0.0,-0.06867000000000001,0.47088,9.496080000000001
28040403760,21.65,0.004258603374866164,-0.06710790973918197,0.0,-0.009810000000000001,0.33354000000000006,9.55494
28045454265,21.65,0.0,-0.04366813788489812,0.0,0.08829,0.17658,9.74133
28050504770,21.65,0.015987215948268057,-0.028763026072866547,0.0,0.11772,0.05886,9.819809999999999
28055555275,21.65,0.039409534510031964,-0.015987215948268057,0.0,0.0981,0.15696000000000002,9.89829
28060605780,21.65,0.06710790973918197,-0.008517206749732328,0.0,0.17658,0.30411,9.888480000000001
28065656285,21.65,0.08415977653116657,-0.014905111812031574,0.0,0.23544,0.50031,9.84924
28070706790,21.65,0.09161233243718235,-0.006387905062299246,0.0,0.31392000000000003,0.6670800000000001,9.73152
28075757295,21.65,0.07777187146886733,0.011711159280881954,0.0,0.35316,0.60822,9.6138
28080807800,21.65,0.06284930636431581,0.03621558197888234,0.0,0.22563,0.5591700000000001,9.50589
28085858305,21.65,0.049008845396000776,0.06391395720803235,0.0,0.07848000000000001,0.46107000000000004,9.55494
28090908810,21.65,0.03834488366631542,0.08841837990603273,0.0,-0.10791,0.28449,9.78057
28095959315,21.65,0.03728023282259888,0.0756251164889143,0.0,-0.35316,0.24525000000000002,9.86886
28101009820,21.65,0.046879543708567686,0.044732788728614664,0.0,-0.50031,0.30411,9.95715
28106060325,21.65,0.06178465552059926,0.013840460968315033,0.0,-0.51993,0.40221,9.99639
28111110830,21.65,0.07883652231258387,-0.03728023282259888,0.0,-0.43164,0.63765,9.89829
28116161335,21.65,0.08096582400001695,-0.06604325889546543,0.0,-0.21582,0.8142300000000001,9.83943
28121211840,21.65,0.05965535383316618,-0.07670722062515077,0.0,0.009810000000000001,0.75537,9.78057
28126262345,21.65,0.03515093113516579,-0.07243116395776468,0.0,0.1962,0.5493600000000001,9.59418
28131312850,21.65,0.007452555906015787,-0.03515093113516579,0.0,0.22563,0.2943,9.623610000000001
28136363355,21.65,0.012775810124598492,0.002129301687433082,0.0,0.11772,0.15696000000000002,9.60399
28141413860,21.65,0.028763026072866547,0.01811651763570114,0.0,0.06867000000000001,0.16677000000000003,9.80019
28146464365,21.65,0.05752605214573309,0.024504422698000388,0.0,0.019620000000000002,0.28449,9.937529999999999
28151514870,21.65,0.07243116395776468,0.00958185759344887,0.0,0.019620000000000002,0.51012,9.888480000000001
28156565375,21.65,0.08841837990603273,-0.007452555906015787,0.0,0.10791,0.64746,9.79038
28161615880,21.65,0.08096582400001695,-0.002129301687433082,0.0,0.16677000000000003,0.71613,9.770760000000001
28166666385,21.65,0.06604325889546543,0.0,0.0,0.17658,0.6768900000000001,9.60399
28171716890,21.65,0.044732788728614664,0.008517206749732328,0.0,0.10791,0.5395500000000001,9.6138
28176767395,21.65,0.031956978604016174,0.028763026072866547,0.0,0.039240000000000004,0.36297,9.7119
28181817900,21.65,0.031956978604016174,0.03515093113516579,0.0,-0.05886,0.28449,9.770760000000001
28186868405,21.65,0.039409534510031964,0.03834488366631542,0.0,-0.20601000000000003,0.2943,9.87867
28191918910,21.65,0.060720004676882725,0.023439771854283843,0.0,-0.26487,0.37278,9.86886
28196969415,21.65,0.07030186227033158,0.004258603374866164,0.0,-0.24525000000000002,0.57879,9.80019
28202019920,21.65,0.07883652231258387,-0.021310470166850764,0.0,-0.13734000000000002,0.73575,9.83943
28207070425,21.65,0.06497860805174888,-0.02556907354171693,0.0,-0.0981,0.71613,9.84924
28212120930,21.65,0.04794419455228423,-0.011711159280881954,0.0,-0.02943,0.5591700000000001,9.73152
28217171435,21.65,0.03834488366631542,0.006387905062299246,0.0,-0.06867000000000001,0.42183,9.623610000000001
28222221940,21.65,0.03621558197888234,0.003193952531149623,0.0,-0.12753,0.38259000000000004,9.66285
28227272445,21.65,0.0404741853537485,-0.006387905062299246,0.0,-0.11772,0.49050000000000005,9.69228
28232322950,21.65,0.05220279792715039,-0.024504422698000388,0.0,-0.039240000000000004,0.6180300000000001,9.760950000000001
28237373455,21.65,0.054332099614583476,-0.0404741853537485,0.0,0.0981,0.6867000000000001,9.81
28242423960,21.65,0.05113814708343386,-0.033021629447732716,0.0,0.1962,0.6867000000000001,9.751140000000001
28247474465,21.65,0.04366813788489812,-0.012775810124598492,0.0,0.23544,0.51993,9.73152
28252524970,21.65,0.02982767691658309,0.011711159280881954,0.0,0.16677000000000003,0.35316,9.7119
28257575475,21.65,0.028763026072866547,0.02769837522915001,0.0,0.04905,0.26487,9.69228
28262625980,21.65,0.03728023282259888,0.03408628029144926,0.0,-0.039240000000000004,0.27468000000000004,9.84924
28267676485,21.65,0.05220279792715039,0.031956978604016174,0.0,-0.0981,0.45126,9.86886
28272726990,21.65,0.0852244273748831,0.020245819323134222,0.0,-0.0981,0.65727,9.888480000000001
28277777495,21.65,0.09161233243718235,0.00958185759344887,0.0,-0.08829,0.7749900000000001,9.89829
28282828000,21.65,0.07349581480148122,0.004258603374866164,0.0,-0.039240000000000004,0.79461,9.81
28287878505,21.65,0.05220279792715039,0.001064650843716541,0.0,-0.02943,0.64746,9.64323
28292929010,21.65,0.02982767691658309,0.00958185759344887,0.0,-0.0981,0.47088,9.67266
28297979515,21.65,0.023439771854283843,0.002129301687433082,0.0,-0.18639,0.42183,9.67266
28303030020,21.65,0.028763026072866547,-0.004258603374866164,0.0,-0.1962,0.40221,9.770760000000001
28308080525,21.65,0.04794419455228423,-0.013840460968315033,0.0,-0.13734000000000002,0.52974,9.819809999999999
28313131030,21.65,0.05752605214573309,-0.02769837522915001,0.0,-0.06867000000000001,0.6768900000000001,9.81
28318181535,21.65,0.06178465552059926,-0.02769837522915001,0.0,0.06867000000000001,0.72594,9.69228
28323232040,21.65,0.05326744877086694,-0.023439771854283843,0.0,0.17658,0.6670800000000001,9.70209
28328282545,21.65,0.03621558197888234,-0.0170518667919846,0.0,0.15696000000000002,0.5886,9.59418
28333333050,21.65,0.02556907354171693,-0.005323254218582705,0.0,0.20601000000000003,0.50031,9.6138
28338383555,21.65,0.028763026072866547,0.008517206749732328,0.0,0.11772,0.41202000000000005,9.760950000000001
28343434060,21.65,0.039409534510031964,0.03089232776029963,0.0,0.02943,0.40221,9.79038
28348484565,21.65,0.049008845396000776,0.03621558197888234,0.0,-0.04905,0.46107000000000004,9.80019
28353535070,21.65,0.05752605214573309,0.03408628029144926,0.0,-0.11772,0.5591700000000001,9.82962
28358585575,21.65,0.06391395720803235,0.0170518667919846,0.0,-0.17658,0.6278400000000001,9.84924
28363636080,21.65,0.05646140130201656,-0.001064650843716541,0.0,-0.16677000000000003,0.73575,9.74133
28368686585,21.65,0.04794419455228423,-0.008517206749732328,0.0,-0.08829,0.74556,9.82962
28373737090,21.65,0.044732788728614664,-0.012775810124598492,0.0,-0.05886,0.64746,9.83943
28378787595,21.65,0.03408628029144926,-0.011711159280881954,0.0,-0.039240000000000004,0.5591700000000001,9.78057
28383838100,21.65,0.02982767691658309,-0.00958185759344887,0.0,-0.07848000000000001,0.44145,9.770760000000001
28388888605,21.65,0.039409534510031964,-0.007452555906015787,0.0,-0.019620000000000002,0.43164,9.770760000000001
28393939110,21.65,0.04260348704118158,-0.011711159280881954,0.0,0.009810000000000001,0.52974,9.65304
28398989615,21.65,0.04260348704118158,-0.014905111812031574,0.0,0.07848000000000001,0.6670800000000001,9.81
28404040120,21.65,0.05113814708343386,-0.013840460968315033,0.0,0.0981,0.71613,9.79038
28409090625,21.65,0.054332099614583476,-0.011711159280881954,0.0,0.15696000000000002,0.6867000000000001,9.760950000000001
28414141130,21.65,0.04260348704118158,0.002129301687433082,0.0,0.12753,0.56898,9.770760000000001
28419191635,21.65,0.039409534510031964,0.01064650843716541,0.0,0.05886,0.51993,9.68247
28424242140,21.65,0.04366813788489812,0.00958185759344887,0.0,0.039240000000000004,0.50031,9.60399
28429292645,21.65,0.04153883619746504,0.015987215948268057,0.0,0.02943,0.5886,9.66285
28434343150,21.65,0.05326744877086694,0.021310470166850764,0.0,-0.009810000000000001,0.70632,9.68247
28439393655,21.65,0.05539675045830002,0.022375121010567305,0.0,-0.02943,0.7848,9.69228
28444444160,21.65,0.05539675045830002,0.022375121010567305,0.0,-0.06867000000000001,0.73575,9.78057
28449494665,21.65,0.0404741853537485,0.020245819323134222,0.0,-0.14715,0.64746,9.74133
28454545170,21.65,0.02556907354171693,0.00958185759344887,0.0,-0.16677000000000003,0.52974,9.74133
28459595675,21.65,0.023439771854283843,-0.002129301687433082,0.0,-0.1962,0.48069000000000006,9.79038
28464646180,21.65,0.02663372438543347,-0.003193952531149623,0.0,-0.1962,0.50031,9.84924
28469696685,21.65,0.044732788728614664,-0.014905111812031574,0.0,-0.14715,0.59841,9.84924
28474747190,21.65,0.054332099614583476,-0.021310470166850764,0.0,-0.06867000000000001,0.74556,9.888480000000001
28479797695,21.65,0.05220279792715039,-0.02982767691658309,0.0,0.05886,0.73575,9.82962
28484848200,21.65,0.03728023282259888,-0.039409534510031964,0.0,0.12753,0.73575,9.70209
28489898705,21.65,0.02663372438543347,-0.03089232776029963,0.0,0.1962,0.63765,9.70209
28494949210,21.65,0.021310470166850764,-0.013840460968315033,0.0,0.22563,0.51012,9.72171
28499999715,21.65,0.023439771854283843,0.006387905062299246,0.0,0.18639,0.46107000000000004,9.72171
28505050220,21.65,0.033021629447732716,0.023439771854283843,0.0,0.06867000000000001,0.43164,9.81
28510100725,21.65,0.05326744877086694,0.02663372438543347,0.0,0.019620000000000002,0.51993,9.80019
28515151230,21.65,0.06710790973918197,0.01918116847941768,0.0,0.0,0.70632,9.72171
28520201735,21.65,0.06817256058289851,0.01918116847941768,0.0,0.019620000000000002,0.8240400000000001,9.69228
28525252240,21.65,0.05965535383316618,0.02663372438543347,0.0,0.0,0.8338500000000001,9.623610000000001
28530302745,21.65,0.05113814708343386,0.02663372438543347,0.0,-0.039240000000000004,0.84366,9.58437
28535353250,21.65,0.03621558197888234,0.028763026072866547,0.0,-0.14715,0.70632,9.6138
28540403755,21.65,0.02769837522915001,0.00958185759344887,0.0,-0.20601000000000003,0.64746,9.6138
28545454260,21.65,0.02556907354171693,-0.012775810124598492,0.0,-0.1962,0.69651,9.67266
28550504765,21.65,0.03621558197888234,-0.023439771854283843,0.0,-0.11772,0.69651,9.70209
28555555270,21.65,0.02663372438543347,-0.021310470166850764,0.0,-0.02943,0.6670800000000001,9.72171
28560605775,21.65,0.022375121010567305,-0.022375121010567305,0.0,-0.009810000000000001,0.63765,9.7119
28565656280,21.65,0.022375121010567305,-0.022375121010567305,0.0,0.02943,0.65727,9.770760000000001
28570706785,21.65,0.023439771854283843,-0.023439771854283843,0.0,0.06867000000000001,0.63765,9.819809999999999
28575757290,21.65,0.023439771854283843,-0.020245819323134222,0.0,0.13734000000000002,0.60822,9.85905
28580807795,21.65,0.02556907354171693,-0.005323254218582705,0.0,0.18639,0.52974,9.937529999999999
28585858300,21.65,0.03408628029144926,0.007452555906015787,0.0,0.11772,0.49050000000000005,9.84924
28590908805,21.65,0.04260348704118158,0.023439771854283843,0.0,0.06867000000000001,0.52974,9.78057
28595959310,21.65,0.05113814708343386,0.024504422698000388,0.0,0.009810000000000001,0.65727,9.78057
28601009815,21.65,0.049008845396000776,0.015987215948268057,0.0,-0.02943,0.7651800000000001,9.760950000000001
28606060320,21.65,0.05220279792715039,0.003193952531149623,0.0,0.019620000000000002,0.87309,9.79038
28611110825,21.65,0.05326744877086694,0.015987215948268057,0.0,0.039240000000000004,0.84366,9.81
28616161330,21.65,0.03834488366631542,0.01811651763570114,0.0,-0.039240000000000004,0.72594,9.7119
28621211835,21.65,0.024504422698000388,0.006387905062299246,0.0,-0.0981,0.6180300000000001,9.66285
28626262340,21.65,0.02556907354171693,0.001064650843716541,0.0,-0.11772,0.5591700000000001,9.68247
28631312845,21.65,0.02769837522915001,-0.004258603374866164,0.0,-0.0981,0.63765,9.65304
28636363350,21.65,0.033021629447732716,-0.007452555906015787,0.0,-0.019620000000000002,0.74556,9.70209
28641413855,21.65,0.03834488366631542,-0.013840460968315033,0.0,0.02943,0.7651800000000001,9.79038
28646464360,21.65,0.04260348704118158,-0.014905111812031574,0.0,0.05886,0.79461,9.69228
28651514865,21.65,0.03621558197888234,-0.015987215948268057,0.0,0.11772,0.8142300000000001,9.55494
28656565370,21.65,0.023439771854283843,-0.007452555906015787,0.0,0.14715,0.72594,9.6138
28661615875,21.65,0.014905111812031574,0.007452555906015787,0.0,0.0981,0.57879,9.6138
28666666380,21.65,0.020245819323134222,0.0170518667919846,0.0,0.02943,0.59841,9.66285
28671716885,21.65,0.028763026072866547,0.023439771854283843,0.0,-0.02943,0.64746,9.68247
28676767390,21.65,0.039409534510031964,0.0170518667919846,0.0,-0.05886,0.71613,9.73152
28681817895,21.65,0.03621558197888234,0.00958185759344887,0.0,-0.02943,0.7749900000000001,9.79038
28686868400,21.65,0.033021629447732716,0.00958185759344887,0.0,-0.06867000000000001,0.7651800000000001,9.81
28691918905,21.65,0.028763026072866547,0.003193952531149623,0.0,-0.0981,0.74556,9.751140000000001
28696969410,21.65,0.020245819323134222,-0.004258603374866164,0.0,-0.06867000000000001,0.72594,9.82962
28702019915,21.65,0.015987215948268057,-0.012775810124598492,0.0,-0.02943,0.6180300000000001,9.87867
28707070420,21.65,0.01918116847941768,-0.021310470166850764,0.0,-0.039240000000000004,0.59841,9.79038
28712120925,21.65,0.02556907354171693,-0.02663372438543347,0.0,0.039240000000000004,0.64746,9.81
28717171430,21.65,0.03089232776029963,-0.022375121010567305,0.0,0.10791,0.75537,9.81
28722221935,21.65,0.03408628029144926,-0.011711159280881954,0.0,0.1962,0.72594,9.79038
28727272440,21.65,0.03728023282259888,-0.001064650843716541,0.0,0.21582,0.69651,9.81
28732322945,21.65,0.02663372438543347,0.002129301687433082,0.0,0.16677000000000003,0.6180300000000001,9.74133
28737373450,21.65,0.01918116847941768,0.007452555906015787,0.0,0.10791,0.57879,9.68247
28742423955,21.65,0.028763026072866547,0.01918116847941768,0.0,0.05886,0.6180300000000001,9.770760000000001
28747474460,21.65,0.04581489286485115,0.03408628029144926,0.0,-0.009810000000000001,0.70632,9.79038
28752524965,21.65,0.05326744877086694,0.02982767691658309,0.0,-0.04905,0.8142300000000001,9.751140000000001
28757575470,21.65,0.05007349623971732,0.006387905062299246,0.0,-0.05886,0.8829,9.69228
28762625975,21.65,0.03728023282259888,-0.004258603374866164,0.0,-0.02943,0.89271,9.57456
28767676480,21.65,0.020245819323134222,0.0,0.0,0.0,0.87309,9.47646
28772726985,21.65,0.01811651763570114,0.007452555906015787,0.0,-0.039240000000000004,0.8338500000000001,9.59418
28777777490,21.65,0.011711159280881954,0.004258603374866164,0.0,-0.05886,0.71613,9.7119
28782827995,21.65,0.003193952531149623,-0.0170518667919846,0.0,-0.04905,0.6278400000000001,9.760950000000001
28787878500,21.65,0.00958185759344887,-0.03089232776029963,0.0,0.019620000000000002,0.6278400000000001,9.72171
28792929005,21.65,0.01811651763570114,-0.022375121010567305,0.0,0.06867000000000001,0.69651,9.65304
28797979510,21.65,0.031956978604016174,-0.002129301687433082,0.0,0.0981,0.79461,9.6138
28803030015,21.65,0.033021629447732716,0.013840460968315033,0.0,0.14715,0.80442,9.68247
28808080520,21.65,0.02663372438543347,0.015987215948268057,0.0,0.10791,0.7749900000000001,9.72171
28813131025,21.65,0.0170518667919846,0.001064650843716541,0.0,0.019620000000000002,0.74556,9.65304
28818181530,21.65,0.011711159280881954,-0.003193952531149623,0.0,0.0,0.71613,9.770760000000001
28823232035,21.65,0.014905111812031574,0.00958185759344887,0.0,0.009810000000000001,0.70632,9.81
28828282540,21.65,0.022375121010567305,0.011711159280881954,0.0,-0.019620000000000002,0.71613,9.82962
28833333045,21.65,0.024504422698000388,0.004258603374866164,0.0,-0.04905,0.73575,9.89829
28838383550,21.65,0.01811651763570114,-0.011711159280881954,0.0,-0.009810000000000001,0.6670800000000001,9.86886
28843434055,21.65,0.012775810124598492,-0.020245819323134222,0.0,0.019620000000000002,0.6670800000000001,9.74133
28848484560,21.65,0.01811651763570114,-0.012775810124598492,0.0,0.07848000000000001,0.71613,9.81
28853535065,21.65,0.022375121010567305,-0.006387905062299246,0.0,0.0981,0.8142300000000001,9.819809999999999
28858585570,21.65,0.02663372438543347,-0.008517206749732328,0.0,0.12753,0.8338500000000001,9.888480000000001
28863636075,21.65,0.021310470166850764,-0.013840460968315033,0.0,0.20601000000000003,0.72594,9.937529999999999
28868686580,21.65,0.015987215948268057,-0.006387905062299246,0.0,0.17658,0.60822,9.751140000000001
28873737085,21.65,0.014905111812031574,0.006387905062299246,0.0,0.15696000000000002,0.5493600000000001,9.623610000000001
28878787590,21.65,0.024504422698000388,0.028763026072866547,0.0,0.07848000000000001,0.64746,9.69228
28883838095,21.65,0.039409534510031964,0.03621558197888234,0.0,0.009810000000000001,0.74556,9.69228
28888888600,21.65,0.03834488366631542,0.028763026072866547,0.0,-0.06867000000000001,0.8829,9.760950000000001
28893939105,21.65,0.044732788728614664,0.012775810124598492,0.0,-0.04905,0.9810000000000001,9.770760000000001
28898989610,21.65,0.03621558197888234,0.008517206749732328,0.0,-0.04905,0.9123300000000001,9.66285
28904040115,21.65,0.024504422698000388,0.012775810124598492,0.0,-0.08829,0.79461,9.57456
28909090620,21.65,0.006387905062299246,0.011711159280881954,0.0,-0.15696000000000002,0.71613,9.58437
28914141125,21.65,0.0,0.0,0.0,-0.1962,0.73575,9.55494
28919191630,21.65,0.00958185759344887,-0.020245819323134222,0.0,-0.0981,0.7651800000000001,9.60399
28924242135,21.65,0.01918116847941768,-0.031956978604016174,0.0,0.0,0.9221400000000001,9.69228
28929292640,21.65,0.020245819323134222,-0.03408628029144926,0.0,0.08829,0.9613800000000001,9.68247
28934343145,21.65,0.013840460968315033,-0.02982767691658309,0.0,0.1962,0.89271,9.64323
28939393650,21.65,-0.002129301687433082,-0.024504422698000388,0.0,0.22563,0.69651,9.64323
28944444155,21.65,-0.01811651763570114,-0.004258603374866164,0.0,0.20601000000000003,0.51012,9.64323
28949494660,21.65,-0.013840460968315033,0.003193952531149623,0.0,0.11772,0.44145,9.67266
28954545165,21.65,0.005323254218582705,0.008517206749732328,0.0,0.05886,0.60822,9.83943
28959595670,21.65,0.02663372438543347,0.011711159280881954,0.0,0.06867000000000001,0.7848,9.91791
28964646175,21.65,0.049008845396000776,0.006387905062299246,0.0,0.0981,0.9908100000000001,9.908100000000001
28969696680,21.65,0.046879543708567686,0.008517206749732328,0.0,0.15696000000000002,0.95157,9.82962
28974747185,21.65,0.023439771854283843,0.021310470166850764,0.0,0.06867000000000001,0.7651800000000001,9.60399
28979797690,21.65,-0.005323254218582705,0.03834488366631542,0.0,-0.05886,0.60822,9.54513
28984848195,21.65,-0.007452555906015787,0.028763026072866547,0.0,-0.1962,0.6180300000000001,9.70209
28989898700,21.65,0.002129301687433082,0.005323254218582705,0.0,-0.21582,0.74556,9.888480000000001
28994949205,21.65,0.01918116847941768,-0.028763026072866547,0.0,-0.0981,0.9123300000000001,10.025820000000001
28999999710,21.65,0.03408628029144926,-0.046879543708567686,0.0,0.05886,0.9908100000000001,9.96696
29005050215,21.65,0.031956978604016174,-0.03408628029144926,0.0,0.18639,0.8240400000000001,9.67266
29010100720,21.65,0.007452555906015787,-0.011711159280881954,0.0,0.20601000000000003,0.71613,9.42741
29015151225,21.65,-0.002129301687433082,0.00958185759344887,0.0,0.12753,0.6670800000000001,9.4176
29020201730,21.65,-0.00958185759344887,0.01811651763570114,0.0,0.0981,0.69651,9.58437
29025252235,21.65,0.001064650843716541,0.007452555906015787,0.0,0.07848000000000001,0.7749900000000001,9.81
29030302740,21.65,0.0170518667919846,0.011711159280881954,0.0,0.039240000000000004,0.75537,10.01601
29035353245,21.65,0.02769837522915001,0.013840460968315033,0.0,0.009810000000000001,0.70632,9.87867
29040403750,21.65,0.02769837522915001,0.01064650843716541,0.0,-0.06867000000000001,0.69651,9.72171
29045454255,21.65,0.020245819323134222,0.005323254218582705,0.0,-0.06867000000000001,0.75537,9.6138
29050504760,21.65,0.011711159280881954,0.0,0.0,-0.009810000000000001,0.87309,9.54513
29055555265,21.65,0.011711159280881954,-0.005323254218582705,0.0,0.039240000000000004,0.9908100000000001,9.6138
29060605770,21.65,0.012775810124598492,-0.006387905062299246,0.0,0.07848000000000001,0.9810000000000001,9.74133
29065656275,21.65,0.008517206749732328,-0.005323254218582705,0.0,0.07848000000000001,0.89271,9.770760000000001
29070706780,21.65,0.0,-0.0170518667919846,0.0,0.039240000000000004,0.74556,9.751140000000001
29075757285,21.65,-0.008517206749732328,-0.021310470166850764,0.0,0.07848000000000001,0.56898,9.72171
29080807790,21.65,-0.0170518667919846,-0.015987215948268057,0.0,0.10791,0.51012,9.74133
29085858295,21.65,-0.01064650843716541,-0.007452555906015787,0.0,0.11772,0.5395500000000001,9.760950000000001
29090908800,21.65,0.008517206749732328,0.003193952531149623,0.0,0.14715,0.6768900000000001,9.87867
29095959305,21.65,0.033021629447732716,0.00958185759344887,0.0,0.13734000000000002,0.8829,9.84924
29101009810,21.65,0.0404741853537485,0.00958185759344887,0.0,0.13734000000000002,0.94176,9.85905
29106060315,21.65,0.031956978604016174,0.013840460968315033,0.0,0.13734000000000002,0.9123300000000001,9.7119
29111110820,21.65,0.014905111812031574,0.020245819323134222,0.0,0.039240000000000004,0.8240400000000001,9.53532
29116161325,21.65,0.003193952531149623,0.021310470166850764,0.0,0.009810000000000001,0.79461,9.52551
29121211830,21.65,0.002129301687433082,0.012775810124598492,0.0,-0.02943,0.85347,9.60399
29126262335,21.65,0.003193952531149623,0.0,0.0,-0.019620000000000002,0.87309,9.7119
29131312840,21.65,0.00958185759344887,-0.007452555906015787,0.0,0.019620000000000002,0.87309,9.760950000000001
29136363345,21.65,0.008517206749732328,-0.008517206749732328,0.0,0.04905,0.75537,9.78057
29141413850,21.65,-0.006387905062299246,-0.001064650843716541,0.0,0.019620000000000002,0.6670800000000001,9.70209
29146464355,21.65,-0.007452555906015787,-0.008517206749732328,0.0,0.0,0.6768900000000001,9.68247
29151514860,21.65,-0.004258603374866164,-0.013840460968315033,0.0,0.009810000000000001,0.75537,9.819809999999999
29156565365,21.65,0.001064650843716541,-0.021310470166850764,0.0,0.08829,0.8142300000000001,9.83943
29161615870,21.65,0.013840460968315033,-0.020245819323134222,0.0,0.16677000000000003,0.8240400000000001,9.85905
29166666375,21.65,0.01918116847941768,0.001064650843716541,0.0,0.18639,0.8338500000000001,9.80019
29171716880,21.65,0.0170518667919846,0.012775810124598492,0.0,0.14715,0.74556,9.6138
29176767385,21.65,0.007452555906015787,0.015987215948268057,0.0,0.04905,0.7651800000000001,9.54513
29181817890,21.65,0.004258603374866164,0.008517206749732328,0.0,0.039240000000000004,0.80442,9.59418
29186868395,21.65,0.001064650843716541,0.002129301687433082,0.0,0.06867000000000001,0.85347,9.64323
29191918900,21.65,0.003193952531149623,-0.001064650843716541,0.0,0.07848000000000001,0.9319500000000001,9.770760000000001
29196969405,21.65,0.003193952531149623,0.0,0.0,0.11772,0.87309,9.81
29202019910,21.65,0.004258603374866164,0.0,0.0,0.08829,0.7749900000000001,9.7119
29207070415,21.65,-0.001064650843716541,0.001064650843716541,0.0,0.05886,0.65727,9.68247
29212120920,21.65,-0.00958185759344887,0.002129301687433082,0.0,0.0,0.64746,9.59418
29217171425,21.65,-0.007452555906015787,0.003193952531149623,0.0,0.02943,0.71613,9.6138
29222221930,21.65,-0.003193952531149623,0.0,0.0,0.039240000000000004,0.86328,9.78057
29227272435,21.65,0.00958185759344887,-0.00958185759344887,0.0,0.0981,0.94176,9.84924
29232322940,21.65,0.01064650843716541,-0.0170518667919846,0.0,0.14715,0.90252,9.82962
29237373445,21.65,-0.001064650843716541,-0.011711159280881954,0.0,0.15696000000000002,0.74556,9.83943
29242423950,21.65,-0.012775810124598492,0.005323254218582705,0.0,0.07848000000000001,0.56898,9.74133
29247474455,21.65,-0.015987215948268057,0.015987215948268057,0.0,0.039240000000000004,0.45126,9.70209
29252524960,21.65,-0.005323254218582705,0.011711159280881954,0.0,-0.02943,0.65727,9.73152
29257575465,21.65,0.01064650843716541,0.0,0.0,-0.019620000000000002,0.86328,9.89829
29262625970,21.65,0.024504422698000388,-0.022375121010567305,0.0,0.10791,1.06929,9.888480000000001
29267676475,21.65,0.020245819323134222,-0.02982767691658309,0.0,0.23544,1.03986,9.908100000000001
29272726980,21.65,0.002129301687433082,-0.01811651763570114,0.0,0.2943,0.8240400000000001,9.72171
29277777485,21.65,-0.021310470166850764,0.002129301687433082,0.0,0.20601000000000003,0.57879,9.60399
29282827990,21.65,-0.02663372438543347,0.01811651763570114,0.0,0.0981,0.47088,9.60399
29287878495,21.65,-0.012775810124598492,0.03408628029144926,0.0,0.009810000000000001,0.49050000000000005,9.68247
29292929000,21.65,0.01064650843716541,0.028763026072866547,0.0,-0.04905,0.7651800000000001,9.78057
29297979505,21.65,0.031956978604016174,0.01811651763570114,0.0,-0.08829,1.03986,9.85905
29303030010,21.65,0.039409534510031964,0.004258603374866164,0.0,0.039240000000000004,1.13796,9.80019
29308080515,21.65,0.014905111812031574,-0.020245819323134222,0.0,0.07848000000000001,1.1183400000000001,9.64323
29313131020,21.65,-0.013840460968315033,-0.024504422698000388,0.0,0.13734000000000002,0.9221400000000001,9.55494
29318181525,21.65,-0.039409534510031964,-0.012775810124598492,0.0,0.16677000000000003,0.6867000000000001,9.52551
29323232030,21.65,-0.039409534510031964,-0.001064650843716541,0.0,0.10791,0.5395500000000001,9.623610000000001
29328282535,21.65,-0.028763026072866547,0.01811651763570114,0.0,0.019620000000000002,0.51993,9.770760000000001
29333333040,21.65,-0.001064650843716541,0.023439771854283843,0.0,-0.039240000000000004,0.6180300000000001,9.83943
29338383545,21.65,0.01918116847941768,0.006387905062299246,0.0,-0.02943,0.79461,9.83943
29343434050,21.65,0.01918116847941768,-0.01811651763570114,0.0,0.05886,1.00062,9.819809999999999
29348484555,21.65,0.006387905062299246,-0.03621558197888234,0.0,0.16677000000000003,1.05948,9.81
29353535060,21.65,-0.012775810124598492,-0.044732788728614664,0.0,0.32373,0.9810000000000001,9.78057
29358585565,21.65,-0.028763026072866547,-0.04581489286485115,0.0,0.41202000000000005,0.7749900000000001,9.83943
29363636070,21.65,-0.0404741853537485,-0.02556907354171693,0.0,0.41202000000000005,0.49050000000000005,9.80019
29368686575,21.65,-0.02663372438543347,0.003193952531149623,0.0,0.34335000000000004,0.30411,9.81
29373737080,21.65,-0.003193952531149623,0.02982767691658309,0.0,0.17658,0.34335000000000004,9.73152
29378787585,21.65,0.01918116847941768,0.05539675045830002,0.0,0.11772,0.5493600000000001,9.74133
29383838090,21.65,0.039409534510031964,0.07030186227033158,0.0,-0.02943,0.86328,9.770760000000001
29388888595,21.65,0.04794419455228423,0.06391395720803235,0.0,-0.10791,1.08891,9.819809999999999
29393939100,21.65,0.03621558197888234,0.03728023282259888,0.0,-0.11772,1.19682,9.73152
29398989605,21.65,0.013840460968315033,0.003193952531149623,0.0,-0.18639,1.1477700000000002,9.65304
29404040110,21.65,-0.006387905062299246,-0.02769837522915001,0.0,-0.12753,0.95157,9.54513
29409090615,21.65,-0.02769837522915001,-0.04794419455228423,0.0,-0.02943,0.85347,9.4176
29414141120,21.65,-0.039409534510031964,-0.06497860805174888,0.0,0.13734000000000002,0.87309,9.37836
29419191625,21.65,-0.04153883619746504,-0.06391395720803235,0.0,0.30411,0.80442,9.40779
29424242130,21.65,-0.03515093113516579,-0.0404741853537485,0.0,0.42183,0.69651,9.52551
29429292635,21.65,-0.03621558197888234,-0.00958185759344887,0.0,0.42183,0.6180300000000001,9.58437
29434343140,21.65,-0.02556907354171693,0.011711159280881954,0.0,0.33354000000000006,0.51012,9.760950000000001
29439393645,21.65,-0.0170518667919846,0.031956978604016174,0.0,0.1962,0.49050000000000005,9.79038
29444444150,21.65,0.0,0.044732788728614664,0.0,0.06867000000000001,0.56898,9.888480000000001
29449494655,21.65,0.014905111812031574,0.06284930636431581,0.0,-0.07848000000000001,0.69651,9.89829
29454545160,21.65,0.03089232776029963,0.06497860805174888,0.0,-0.15696000000000002,0.86328,9.78057
29459595665,21.65,0.028763026072866547,0.049008845396000776,0.0,-0.24525000000000002,1.04967,9.80019
29464646170,21.65,0.013840460968315033,0.01811651763570114,0.0,-0.2943,1.1772,9.74133
29469696675,21.65,-0.012775810124598492,-0.022375121010567305,0.0,-0.18639,1.08891,9.80019
29474747180,21.65,-0.0404741853537485,-0.06284930636431581,0.0,-0.07848000000000001,0.9908100000000001,9.819809999999999
29479797685,21.65,-0.06178465552059926,-0.09054768159346581,0.0,0.11772,0.7749900000000001,9.97677
29484848190,21.65,-0.06817256058289851,-0.09800023749948161,0.0,0.27468000000000004,0.50031,9.96696
29489898695,21.65,-0.05752605214573309,-0.08628907821859966,0.0,0.42183,0.37278,9.95715
29494949200,21.65,-0.03515093113516579,-0.06178465552059926,0.0,0.60822,0.3924,9.84924
29499999705,21.65,-0.00958185759344887,-0.024504422698000388,0.0,0.65727,0.45126,9.81
29505050210,21.65,0.015987215948268057,0.011711159280881954,0.0,0.71613,0.56898,9.623610000000001
29510100715,21.65,0.024504422698000388,0.06391395720803235,-0.006387905062299246,0.6278400000000001,0.7651800000000001,9.68247
29515151220,21.65,0.04153883619746504,0.11079350091660004,-0.002129301687433082,0.31392000000000003,0.87309,9.623610000000001
29520201725,21.65,0.03621558197888234,0.12995721610349775,0.001064650843716541,0.0,0.85347,9.770760000000001
29525252230,21.65,0.023439771854283843,0.12144000935376545,-0.004258603374866164,-0.26487,0.89271,9.72171
29530302735,21.65,0.01811651763570114,0.10012953918691468,0.0,-0.50031,0.89271,9.633420000000001
29535353240,21.65,0.005323254218582705,0.06923721142661506,0.0,-0.64746,0.9613800000000001,9.58437
29540403745,21.65,0.002129301687433082,0.028763026072866547,0.0,-0.6867000000000001,1.03986,9.5157
29545454250,21.65,-0.00958185759344887,-0.023439771854283843,0.001064650843716541,-0.6180300000000001,1.0987200000000001,9.623610000000001
29550504755,21.65,-0.02982767691658309,-0.07670722062515077,0.001064650843716541,-0.45126,1.03986,9.60399
29555555260,21.65,-0.05113814708343386,-0.12037535851004891,0.002129301687433082,-0.21582,0.9123300000000001,9.72171
29560605765,21.65,-0.06817256058289851,-0.13955652698946658,0.003193952531149623,0.06867000000000001,0.80442,9.68247
29565656270,21.65,-0.07030186227033158,-0.1352804703220805,0.002129301687433082,0.38259000000000004,0.6768900000000001,9.81
29570706775,21.65,-0.06391395720803235,-0.10653489754173388,0.001064650843716541,0.63765,0.48069000000000006,9.7119
29575757280,21.65,-0.05220279792715039,-0.06710790973918197,0.0,0.7848,0.45126,9.633420000000001
29580807785,21.65,-0.03515093113516579,-0.021310470166850764,0.001064650843716541,0.8240400000000001,0.43164,9.64323
29585858290,21.65,-0.012775810124598492,0.022375121010567305,-0.002129301687433082,0.7749900000000001,0.48069000000000006,9.68247
29590908795,21.65,0.003193952531149623,0.05859070298944965,0.0,0.6278400000000001,0.5493600000000001,9.82962
29595959300,21.65,0.006387905062299246,0.08415977653116657,-0.002129301687433082,0.3924,0.69651,9.98658
29601009805,21.65,0.022375121010567305,0.0852244273748831,-0.002129301687433082,0.20601000000000003,0.73575,10.074869999999999
29606060310,21.65,0.024504422698000388,0.08628907821859966,0.001064650843716541,-0.02943,0.7848,10.08468
29611110815,21.65,0.024504422698000388,0.08096582400001695,-0.003193952531149623,-0.1962,0.7651800000000001,9.937529999999999
29616161320,21.65,0.031956978604016174,0.07030186227033158,0.0,-0.33354000000000006,0.87309,9.760950000000001
29621211825,21.65,0.0170518667919846,0.049008845396000776,0.0,-0.42183,0.9908100000000001,9.623610000000001
29626262330,21.65,0.002129301687433082,0.01811651763570114,-0.001064650843716541,-0.42183,1.05948,9.6138
29631312835,21.65,-0.0170518667919846,-0.012775810124598492,0.0,-0.38259000000000004,1.02024,9.68247
29636363340,21.65,-0.04153883619746504,-0.04794419455228423,0.001064650843716541,-0.26487,0.87309,9.74133
29641413845,21.65,-0.05646140130201656,-0.07030186227033158,0.003193952531149623,-0.18639,0.6867000000000001,9.87867
29646464350,21.65,-0.05859070298944965,-0.08735372906231618,0.0,-0.04905,0.52974,9.908100000000001
29651514855,21.65,-0.05007349623971732,-0.0852244273748831,0.0,0.12753,0.45126,9.908100000000001
29656565360,21.65,-0.02769837522915001,-0.07030186227033158,0.001064650843716541,0.33354000000000006,0.51012,9.79038
29661615865,21.65,-0.012775810124598492,-0.0404741853537485,-0.001064650843716541,0.46107000000000004,0.65727,9.65304
29666666370,21.65,0.007452555906015787,0.0,0.0,0.5493600000000001,0.7848,9.496080000000001
29671716875,21.65,0.012775810124598492,0.033021629447732716,-0.001064650843716541,0.49050000000000005,0.87309,9.52551
29676767380,21.65,0.001064650843716541,0.05859070298944965,-0.001064650843716541,0.31392000000000003,0.86328,9.56475
29681817885,21.65,-0.006387905062299246,0.07136651311404815,-0.001064650843716541,0.14715,0.73575,9.6138
29686868390,21.65,-0.015987215948268057,0.07670722062515077,0.0,-0.05886,0.6768900000000001,9.66285
29691918895,21.65,-0.012775810124598492,0.05859070298944965,-0.001064650843716541,-0.24525000000000002,0.70632,9.66285
29696969400,21.65,0.001064650843716541,0.028763026072866547,-0.002129301687433082,-0.30411,0.85347,9.67266
29702019905,21.65,0.004258603374866164,0.00958185759344887,-0.002129301687433082,-0.22563,1.00062,9.56475
29707070410,21.65,-0.002129301687433082,-0.004258603374866164,0.0,-0.1962,1.0791000000000002,9.47646
29712120915,21.65,-0.023439771854283843,-0.022375121010567305,0.001064650843716541,-0.15696000000000002,1.08891,9.44703
29717171420,21.65,-0.04794419455228423,-0.03408628029144926,0.0,-0.06867000000000001,0.89271,9.55494
29722221925,21.65,-0.07030186227033158,-0.05113814708343386,0.001064650843716541,0.0,0.74556,9.60399
29727272430,21.65,-0.07670722062515077,-0.07777187146886733,0.006387905062299246,0.0981,0.64746,9.79038
29732322935,21.65,-0.07243116395776468,-0.10332349171806432,0.002129301687433082,0.31392000000000003,0.60822,9.94734
29737373440,21.65,-0.06604325889546543,-0.11292280260403312,0.0,0.64746,0.60822,9.96696
29742423945,21.65,-0.05326744877086694,-0.08841837990603273,-0.002129301687433082,0.87309,0.57879,9.888480000000001
29747474450,21.65,-0.039409534510031964,-0.05007349623971732,0.0,1.00062,0.49050000000000005,9.74133
29752524955,21.65,-0.03621558197888234,0.002129301687433082,-0.001064650843716541,0.94176,0.36297,9.66285
29757575460,21.65,-0.031956978604016174,0.06284930636431581,0.0,0.72594,0.27468000000000004,9.81
29762625965,21.65,-0.013840460968315033,0.11505210429146619,-0.001064650843716541,0.41202000000000005,0.33354000000000006,10.03563
29767676470,21.65,0.015987215948268057,0.14487978120804929,-0.002129301687433082,0.05886,0.44145,10.27107
29772726975,21.65,0.046879543708567686,0.150203035426632,-0.001064650843716541,-0.28449,0.6768900000000001,10.320120000000001
29777777480,21.65,0.05965535383316618,0.12250466019748199,-0.001064650843716541,-0.51012,0.89271,10.12392
29782827985,21.65,0.06497860805174888,0.09161233243718235,0.001064650843716541,-0.6180300000000001,1.03005,9.80019
29787878490,21.65,0.03515093113516579,0.06604325889546543,0.002129301687433082,-0.69651,1.1477700000000002,9.52551
29792928995,21.65,-0.003193952531149623,0.033021629447732716,0.0,-0.80442,1.16739,9.39798
29797979500,21.65,-0.02982767691658309,-0.0170518667919846,0.001064650843716541,-0.74556,1.05948,9.43722
29803030005,21.65,-0.05646140130201656,-0.07243116395776468,0.002129301687433082,-0.5886,0.9810000000000001,9.65304
29808080510,21.65,-0.06604325889546543,-0.13208651779093086,0.002129301687433082,-0.33354000000000006,0.84366,9.79038
29813131015,21.65,-0.07456046564519776,-0.17257815643719931,0.001064650843716541,-0.019620000000000002,0.80442,9.78057
29818181520,21.65,-0.07883652231258387,-0.1800307123432151,0.0,0.43164,0.6180300000000001,9.67266
29823232025,21.65,-0.08309512568745003,-0.14381513036433274,0.0,0.8338500000000001,0.49050000000000005,9.50589
29828282530,21.65,-0.07349581480148122,-0.08948303074974927,0.002129301687433082,1.02024,0.48069000000000006,9.43722
29833333035,21.65,-0.054332099614583476,-0.03089232776029963,-0.001064650843716541,1.1183400000000001,0.38259000000000004,9.44703
29838383540,21.65,-0.03515093113516579,0.020245819323134222,0.001064650843716541,1.04967,0.3924,9.67266
29843434045,21.65,-0.01811651763570114,0.07349581480148122,0.0,0.8142300000000001,0.30411,9.819809999999999
29848484550,21.65,0.008517206749732328,0.11505210429146619,-0.003193952531149623,0.47088,0.45126,9.89829
29853535055,21.65,0.02982767691658309,0.12995721610349775,0.0,0.17658,0.6180300000000001,10.006200000000002
29858585560,21.65,0.046879543708567686,0.13208651779093086,-0.003193952531149623,-0.10791,0.80442,9.96696
29863636065,21.65,0.0404741853537485,0.12676326357234816,-0.001064650843716541,-0.28449,0.95157,9.819809999999999
29868686570,21.65,0.022375121010567305,0.10225884087434776,-0.005323254218582705,-0.50031,1.08891,9.65304
29873737075,21.65,0.004258603374866164,0.060720004676882725,0.001064650843716541,-0.64746,1.1477700000000002,9.60399
29878787580,21.65,-0.02769837522915001,0.020245819323134222,0.0,-0.6867000000000001,1.03005,9.623610000000001
29883838085,21.65,-0.05859070298944965,-0.01918116847941768,-0.001064650843716541,-0.6867000000000001,0.7651800000000001,9.74133
29888888590,21.65,-0.0756251164889143,-0.06284930636431581,0.002129301687433082,-0.60822,0.56898,9.86886
29893939095,21.65,-0.07777187146886733,-0.09906488834319814,0.0,-0.42183,0.47088,9.94734
29898989600,21.65,-0.06604325889546543,-0.12569861272863161,0.005323254218582705,-0.21582,0.49050000000000005,9.908100000000001
29904040105,21.65,-0.05007349623971732,-0.13849187614575004,0.004258603374866164,0.15696000000000002,0.6867000000000001,9.84924
29909090610,21.65,-0.03834488366631542,-0.1374272253020335,0.0,0.6180300000000001,0.8240400000000001,9.83943
29914141115,21.65,-0.03834488366631542,-0.10866419922916695,0.0,0.9613800000000001,0.7848,9.72171
29919191620,21.65,-0.04794419455228423,-0.06391395720803235,0.0,1.1183400000000001,0.57879,9.58437
29924242125,21.65,-0.05646140130201656,-0.008517206749732328,0.0,1.04967,0.37278,9.496080000000001
29929292630,21.65,-0.04794419455228423,0.04794419455228423,-0.001064650843716541,0.8338500000000001,0.25506,9.623610000000001
29934343135,21.65,-0.020245819323134222,0.09161233243718235,0.002129301687433082,0.5493600000000001,0.2943,9.7119
29939393640,21.65,0.012775810124598492,0.11505210429146619,0.0,0.2943,0.48069000000000006,9.85905
29944444145,21.65,0.03621558197888234,0.12356931104119852,-0.004258603374866164,0.07848000000000001,0.69651,9.86886
29949494650,21.65,0.054332099614583476,0.13102186694721432,-0.001064650843716541,-0.13734000000000002,0.9319500000000001,9.69228
29954545155,21.65,0.04366813788489812,0.13849187614575004,-0.003193952531149623,-0.3924,1.0987200000000001,9.54513
29959595660,21.65,0.007452555906015787,0.12569861272863161,0.0,-0.6278400000000001,1.1183400000000001,9.53532
29964646165,21.65,-0.023439771854283843,0.06817256058289851,-0.001064650843716541,-0.87309,1.02024,9.54513
29969696670,21.65,-0.05326744877086694,0.002129301687433082,0.001064650843716541,-0.90252,0.85347,9.58437
29974747175,21.65,-0.06284930636431581,-0.06923721142661506,0.002129301687433082,-0.7651800000000001,0.85347,9.65304
29979797680,21.65,-0.07136651311404815,-0.1288925652597812,-0.001064650843716541,-0.49050000000000005,0.84366,9.819809999999999
29984848185,21.65,-0.07670722062515077,-0.17470745812463237,0.003193952531149623,-0.10791,0.86328,9.96696
29989898690,21.65,-0.08735372906231618,-0.19600047499896323,0.003193952531149623,0.32373,0.69651,9.84924
29994949195,21.65,-0.10866419922916695,-0.18854791909294744,0.0,0.8240400000000001,0.52974,9.81
29999999700,21.65,-0.11398745344774965,-0.1288925652597812,0.0,1.1183400000000001,0.22563,9.78057
30005050205,21.65,-0.09480628496833199,-0.03728023282259888,0.002129301687433082,1.10853,-0.019620000000000002,9.83943
30010100710,21.65,-0.05965535383316618,0.04366813788489812,0.0,0.9123300000000001,-0.11772,9.97677
30015151215,21.65,-0.003193952531149623,0.09906488834319814,-0.001064650843716541,0.5886,0.019620000000000002,10.06506
30020201720,21.65,0.049008845396000776,0.1374272253020335,0.001064650843716541,0.33354000000000006,0.17658,10.05525
30025252225,21.65,0.08735372906231618,0.15339698795778162,0.0,0.019620000000000002,0.72594,9.86886
30030302730,21.65,0.07777187146886733,0.15872024217636432,0.0,-0.14715,1.1183400000000001,9.96696
30035353235,21.65,0.07990117315630041,0.1278279144160647,-0.001064650843716541,-0.37278,1.3635900000000003,9.64323
30040403740,21.65,0.021310470166850764,0.08203047484373349,0.0,-0.52974,1.5303600000000002,9.57456
30045454245,21.65,-0.01918116847941768,0.01064650843716541,0.0,-0.5493600000000001,1.2851100000000002,9.50589
30050504750,21.65,-0.06923721142661506,-0.05220279792715039,-0.002129301687433082,-0.48069000000000006,0.95157,9.45684
30055555255,21.65,-0.09374163412461543,-0.07670722062515077,0.0,-0.36297,0.57879,9.45684
30060605760,21.65,-0.10225884087434776,-0.07136651311404815,0.002129301687433082,-0.27468000000000004,0.27468000000000004,9.53532
30065656265,21.65,-0.09906488834319814,-0.07136651311404815,0.006387905062299246,-0.21582,0.20601000000000003,9.59418
30070706770,21.65,-0.0756251164889143,-0.08096582400001695,0.002129301687433082,-0.05886,0.34335000000000004,9.70209
30075757275,21.65,-0.03515093113516579,-0.08735372906231618,0.001064650843716541,0.20601000000000003,0.6768900000000001,9.819809999999999
30080807780,21.65,-0.01918116847941768,-0.07777187146886733,0.002129301687433082,0.57879,0.84366,9.84924
30085858285,21.65,-0.024504422698000388,-0.049008845396000776,-0.001064650843716541,0.73575,0.75537,9.79038
30090908790,21.65,-0.0404741853537485,-0.007452555906015787,0.0,0.69651,0.59841,9.60399
30095959295,21.65,-0.044732788728614664,0.03089232776029963,-0.003193952531149623,0.5493600000000001,0.44145,9.52551
30101009800,21.65,-0.0404741853537485,0.060720004676882725,-0.001064650843716541,0.32373,0.36297,9.6138
30106060305,21.65,-0.03728023282259888,0.09374163412461543,-0.003193952531149623,0.11772,0.3924,9.760950000000001
30111110810,21.65,-0.020245819323134222,0.10119419003063122,-0.002129301687433082,-0.12753,0.44145,9.888480000000001
30116161315,21.65,-0.006387905062299246,0.09054768159346581,-0.006387905062299246,-0.31392000000000003,0.6670800000000001,9.97677
30121211820,21.65,0.004258603374866164,0.05965535383316618,0.0,-0.38259000000000004,0.90252,10.01601
30126262325,21.65,0.0,0.001064650843716541,0.002129301687433082,-0.38259000000000004,0.9613800000000001,9.96696
30131312830,21.65,-0.02769837522915001,-0.05113814708343386,-0.001064650843716541,-0.23544,0.89271,9.91791
30136363335,21.65,-0.054332099614583476,-0.07456046564519776,0.0,-0.0981,0.71613,9.79038
30141413840,21.65,-0.06817256058289851,-0.07243116395776468,0.0,0.019620000000000002,0.5395500000000001,9.68247
30146464345,21.65,-0.07456046564519776,-0.05220279792715039,0.002129301687433082,0.13734000000000002,0.40221,9.67266
30151514850,21.65,-0.06284930636431581,-0.03728023282259888,0.003193952531149623,0.20601000000000003,0.32373,9.74133
30156565355,21.65,-0.04794419455228423,-0.020245819323134222,0.0,0.1962,0.38259000000000004,9.770760000000001
30161615860,21.65,-0.028763026072866547,-0.003193952531149623,0.003193952531149623,0.20601000000000003,0.51012,9.80019
30166666365,21.65,-0.023439771854283843,-0.002129301687433082,0.0,0.30411,0.6278400000000001,9.87867
30171716870,21.65,-0.0170518667919846,-0.007452555906015787,-0.001064650843716541,0.31392000000000003,0.6768900000000001,9.84924
30176767375,21.65,-0.015987215948268057,0.001064650843716541,0.0,0.31392000000000003,0.69651,9.760950000000001
30181817880,21.65,-0.01811651763570114,0.021310470166850764,-0.002129301687433082,0.25506,0.60822,9.56475
30186868385,21.65,-0.024504422698000388,0.04153883619746504,-0.002129301687433082,0.20601000000000003,0.5886,9.48627
30191918890,21.65,-0.02663372438543347,0.06817256058289851,-0.003193952531149623,0.0,0.60822,9.48627
30196969395,21.65,-0.022375121010567305,0.09374163412461543,0.0,-0.15696000000000002,0.5886,9.47646
30202019900,21.65,-0.02556907354171693,0.06923721142661506,0.004258603374866164,-0.33354000000000006,0.69651,9.50589
30207070405,21.65,-0.03834488366631542,0.020245819323134222,0.001064650843716541,-0.38259000000000004,0.87309,9.70209
30212120910,21.65,-0.03621558197888234,-0.03089232776029963,0.003193952531149623,-0.32373,0.87309,9.81
30217171415,21.65,-0.05220279792715039,-0.06284930636431581,0.0,-0.20601000000000003,0.8142300000000001,9.908100000000001
30222221920,21.65,-0.06923721142661506,-0.08096582400001695,0.0,-0.05886,0.63765,9.888480000000001
30227272425,21.65,-0.08096582400001695,-0.07243116395776468,0.0,0.12753,0.32373,9.84924
30232322930,21.65,-0.08203047484373349,-0.05965535383316618,-0.003193952531149623,0.18639,0.1962,9.68247
30237373435,21.65,-0.07243116395776468,-0.03621558197888234,0.0,0.23544,0.28449,9.68247
30242423940,21.65,-0.05113814708343386,-0.01918116847941768,0.002129301687433082,0.34335000000000004,0.48069000000000006,9.80019
30247474445,21.65,-0.028763026072866547,-0.00958185759344887,0.0,0.41202000000000005,0.60822,10.006200000000002
30252524950,21.65,-0.022375121010567305,0.002129301687433082,0.001064650843716541,0.46107000000000004,0.6278400000000001,10.06506
30257575455,21.65,-0.024504422698000388,0.011711159280881954,0.0,0.38259000000000004,0.51993,9.99639
30262625960,21.65,-0.02982767691658309,0.028763026072866547,0.0,0.25506,0.35316,9.888480000000001
30267676465,21.65,-0.031956978604016174,0.049008845396000776,-0.002129301687433082,0.10791,0.30411,9.73152
30272726970,21.65,-0.023439771854283843,0.07030186227033158,0.0,-0.039240000000000004,0.41202000000000005,9.66285
30277777475,21.65,-0.007452555906015787,0.06604325889546543,0.0,-0.15696000000000002,0.6670800000000001,9.623610000000001
30282827980,21.65,0.003193952531149623,0.039409534510031964,-0.002129301687433082,-0.18639,0.95157,9.67266
30287878485,21.65,-0.008517206749732328,0.012775810124598492,0.002129301687433082,-0.16677000000000003,0.9908100000000001,9.760950000000001
30292928990,21.65,-0.02769837522915001,-0.003193952531149623,-0.001064650843716541,-0.15696000000000002,0.87309,9.69228
30297979495,21.65,-0.05859070298944965,-0.011711159280881954,-0.001064650843716541,-0.16677000000000003,0.59841,9.60399
30303030000,21.65,-0.08415977653116657,-0.024504422698000388,0.003193952531149623,-0.16677000000000003,0.3924,9.59418
30308080505,21.65,-0.08096582400001695,-0.04260348704118158,0.001064650843716541,-0.16677000000000003,0.33354000000000006,9.67266
30313131010,21.65,-0.06178465552059926,-0.05220279792715039,0.001064650843716541,-0.02943,0.45126,9.770760000000001
30318181515,21.65,-0.04794419455228423,-0.05113814708343386,-0.002129301687433082,0.14715,0.60822,9.70209
30323232020,21.65,-0.03621558197888234,-0.04794419455228423,0.0,0.28449,0.6768900000000001,9.74133
30328282525,21.65,-0.04260348704118158,-0.01918116847941768,-0.001064650843716541,0.41202000000000005,0.6180300000000001,9.70209
30333333030,21.65,-0.05220279792715039,0.007452555906015787,0.0,0.34335000000000004,0.41202000000000005,9.66285
30338383535,21.65,-0.06497860805174888,0.014905111812031574,0.002129301687433082,0.23544,0.35316,9.78057
30343434040,21.65,-0.06497860805174888,0.013840460968315033,-0.001064650843716541,0.0981,0.33354000000000006,9.937529999999999
30348484545,21.65,-0.03834488366631542,0.020245819323134222,0.001064650843716541,0.07848000000000001,0.32373,9.937529999999999
30353535050,21.65,-0.020245819323134222,0.021310470166850764,0.002129301687433082,0.04905,0.50031,9.888480000000001
30358585555,21.65,-0.006387905062299246,0.03089232776029963,0.0,0.009810000000000001,0.65727,9.79038
30363636060,21.65,-0.00958185759344887,0.03089232776029963,0.0,-0.009810000000000001,0.71613,9.67266
30368686565,21.65,-0.03089232776029963,0.028763026072866547,0.0,-0.06867000000000001,0.69651,9.633420000000001
30373737070,21.65,-0.054332099614583476,0.013840460968315033,0.0,-0.11772,0.60822,9.7119
30378787575,21.65,-0.06497860805174888,-0.006387905062299246,0.0,-0.14715,0.51993,9.81
30383838080,21.65,-0.06284930636431581,-0.03621558197888234,0.0,-0.10791,0.48069000000000006,9.888480000000001
30388888585,21.65,-0.054332099614583476,-0.04366813788489812,0.002129301687433082,0.0,0.46107000000000004,9.937529999999999
30393939090,21.65,-0.039409534510031964,-0.03728023282259888,0.001064650843716541,0.10791,0.49050000000000005,9.74133
30398989595,21.65,-0.0404741853537485,-0.014905111812031574,0.0,0.17658,0.46107000000000004,9.64323
30404040100,21.65,-0.04581489286485115,-0.003193952531149623,0.0,0.1962,0.44145,9.59418
30409090605,21.65,-0.05752605214573309,0.007452555906015787,0.001064650843716541,0.15696000000000002,0.48069000000000006,9.623610000000001
30414141110,21.65,-0.05539675045830002,0.007452555906015787,-0.001064650843716541,0.13734000000000002,0.50031,9.81
30419191615,21.65,-0.046879543708567686,0.0,0.0,0.11772,0.5395500000000001,9.98658
30424242120,21.65,-0.039409534510031964,0.004258603374866164,-0.002129301687433082,0.0981,0.48069000000000006,9.99639
30429292625,21.65,-0.03408628029144926,0.00958185759344887,0.0,0.06867000000000001,0.3924,9.94734
30434343130,21.65,-0.03728023282259888,0.013840460968315033,-0.001064650843716541,0.0,0.33354000000000006,9.70209
30439393635,21.65,-0.0404741853537485,0.013840460968315033,0.001064650843716541,-0.039240000000000004,0.42183,9.5157
30444444140,21.65,-0.039409534510031964,0.01064650843716541,0.0,-0.02943,0.59841,9.60399
30449494645,21.65,-0.039409534510031964,0.006387905062299246,0.0,0.0,0.72594,9.72171
30454545150,21.65,-0.04153883619746504,0.0,0.0,0.02943,0.73575,9.80019
30459595655,21.65,-0.05326744877086694,-0.011711159280881954,-0.002129301687433082,0.02943,0.56898,9.937529999999999
30464646160,21.65,-0.060720004676882725,-0.0170518667919846,-0.001064650843716541,0.009810000000000001,0.33354000000000006,9.84924
30469696665,21.65,-0.06604325889546543,-0.0170518667919846,0.0,0.0,0.20601000000000003,9.64323
30474747170,21.65,-0.05752605214573309,-0.008517206749732328,0.0,-0.009810000000000001,0.24525000000000002,9.633420000000001
30479797675,21.65,-0.044732788728614664,-0.004258603374866164,0.003193952531149623,0.06867000000000001,0.46107000000000004,9.623610000000001
30484848180,21.65,-0.028763026072866547,0.001064650843716541,0.001064650843716541,0.12753,0.6670800000000001,9.7119
30489898685,21.65,-0.02769837522915001,0.006387905062299246,0.0,0.13734000000000002,0.69651,9.82962
30494949190,21.65,-0.03834488366631542,-0.003193952531149623,0.0,0.11772,0.63765,9.78057
30499999695,21.65,-0.05539675045830002,-0.008517206749732328,0.001064650843716541,0.10791,0.44145,9.760950000000001
30505050200,21.65,-0.0756251164889143,-0.001064650843716541,0.001064650843716541,0.04905,0.24525000000000002,9.78057
30510100705,21.65,-0.0756251164889143,0.00958185759344887,0.0,0.0,0.17658,9.770760000000001
30515151210,21.65,-0.05539675045830002,0.01064650843716541,0.0,-0.019620000000000002,0.25506,9.84924
30520201715,21.65,-0.031956978604016174,0.003193952531149623,0.0,-0.019620000000000002,0.47088,9.87867
30525252220,21.65,-0.021310470166850764,-0.005323254218582705,-0.002129301687433082,0.039240000000000004,0.6278400000000001,9.80019
30530302725,21.65,-0.024504422698000388,-0.004258603374866164,0.0,0.10791,0.6670800000000001,9.80019
30535353230,21.65,-0.044732788728614664,-0.003193952531149623,0.0,0.11772,0.56898,9.7119
30540403735,21.65,-0.06284930636431581,0.005323254218582705,-0.001064650843716541,0.04905,0.3924,9.65304
30545454240,21.65,-0.07243116395776468,0.01064650843716541,-0.001064650843716541,-0.009810000000000001,0.25506,9.73152
30550504745,21.65,-0.06923721142661506,0.006387905062299246,-0.002129301687433082,-0.06867000000000001,0.25506,9.84924
30555555250,21.65,-0.046879543708567686,-0.00958185759344887,0.001064650843716541,-0.039240000000000004,0.3924,9.819809999999999
30560605755,21.65,-0.02982767691658309,-0.008517206749732328,-0.001064650843716541,0.02943,0.51012,9.78057
30565656260,21.65,-0.028763026072866547,-0.004258603374866164,0.001064650843716541,0.12753,0.59841,9.70209
30570706765,21.65,-0.039409534510031964,-0.0,-0.001064650843716541,0.10791,0.6180300000000001,9.623610000000001
30575757270,21.65,-0.05752605214573309,0.007452555906015787,0.001064650843716541,0.10791,0.45126,9.633420000000001
30580807775,21.65,-0.07670722062515077,0.002129301687433082,0.0,-0.02943,0.31392000000000003,9.7119
30585858280,21.65,-0.07670722062515077,-0.001064650843716541,0.0,-0.02943,0.28449,9.85905
30590908785,21.65,-0.060720004676882725,-0.004258603374866164,0.002129301687433082,-0.05886,0.26487,9.95715
30595959290,21.65,-0.0404741853537485,-0.008517206749732328,0.0,-0.009810000000000001,0.36297,9.94734
30601009795,21.65,-0.033021629447732716,-0.005323254218582705,0.0,0.05886,0.42183,9.81
30606060300,21.65,-0.03408628029144926,-0.007452555906015787,0.0,0.08829,0.49050000000000005,9.68247
30611110805,21.65,-0.04260348704118158,-0.008517206749732328,0.002129301687433082,0.11772,0.52974,9.633420000000001
30616161310,21.65,-0.05965535383316618,0.004258603374866164,0.0,0.14715,0.48069000000000006,9.70209
30621211815,21.65,-0.06604325889546543,0.007452555906015787,0.0,0.07848000000000001,0.38259000000000004,9.80019
30626262320,21.65,-0.06391395720803235,0.004258603374866164,0.0,0.039240000000000004,0.31392000000000003,9.91791
30631312825,21.65,-0.05859070298944965,0.002129301687433082,0.0,0.0,0.23544,9.908100000000001
30636363330,21.65,-0.05113814708343386,-0.003193952531149623,0.0,-0.02943,0.23544,9.78057
30641413835,21.65,-0.03834488366631542,0.0,0.0,0.009810000000000001,0.38259000000000004,9.67266
30646464340,21.65,-0.028763026072866547,0.012775810124598492,0.0,0.02943,0.5493600000000001,9.65304
30651514845,21.65,-0.03728023282259888,0.013840460968315033,0.0,0.02943,0.57879,9.69228
30656565350,21.65,-0.05113814708343386,0.006387905062299246,0.0,0.009810000000000001,0.49050000000000005,9.74133
30661615855,21.65,-0.06497860805174888,-0.002129301687433082,0.0,0.0,0.40221,9.79038
30666666360,21.65,-0.06923721142661506,-0.014905111812031574,0.0,-0.039240000000000004,0.32373,9.81
30671716865,21.65,-0.06604325889546543,-0.011711159280881954,0.0,-0.009810000000000001,0.25506,9.92772
30676767370,21.65,-0.05752605214573309,-0.011711159280881954,0.0,0.0,0.24525000000000002,9.85905
30681817875,21.65,-0.05326744877086694,-0.014905111812031574,0.0,0.04905,0.26487,9.82962
30686868380,21.65,-0.04366813788489812,-0.01064650843716541,0.0,0.08829,0.38259000000000004,9.770760000000001
30691918885,21.65,-0.039409534510031964,-0.006387905062299246,0.0,0.15696000000000002,0.47088,9.65304
30696969390,21.65,-0.044732788728614664,0.0,0.0,0.1962,0.50031,9.7119
30702019895,21.65,-0.049008845396000776,0.011711159280881954,0.0,0.14715,0.43164,9.83943
30707070400,21.65,-0.05752605214573309,0.01811651763570114,0.0,0.07848000000000001,0.30411,9.82962
30712120905,21.65,-0.06178465552059926,0.012775810124598492,0.0,-0.019620000000000002,0.1962,9.81
30717171410,21.65,-0.05539675045830002,0.004258603374866164,0.0,-0.06867000000000001,0.18639,9.74133
30722221915,21.65,-0.044732788728614664,0.003193952531149623,0.0,-0.039240000000000004,0.33354000000000006,9.65304
30727272420,21.65,-0.03515093113516579,0.002129301687433082,0.0,-0.04905,0.5395500000000001,9.67266
30732322925,21.65,-0.039409534510031964,-0.002129301687433082,0.0,0.039240000000000004,0.60822,9.80019
30737373430,21.65,-0.05539675045830002,-0.004258603374866164,0.0,0.04905,0.41202000000000005,9.770760000000001
30742423935,21.65,-0.07349581480148122,-0.007452555906015787,0.0,0.0,0.27468000000000004,9.73152
30747474440,21.65,-0.07456046564519776,-0.01064650843716541,0.0,-0.009810000000000001,0.20601000000000003,9.72171
30752524945,21.65,-0.07349581480148122,-0.003193952531149623,0.0,-0.019620000000000002,0.15696000000000002,9.86886
30757575450,21.65,-0.060720004676882725,-0.004258603374866164,0.0,-0.039240000000000004,0.20601000000000003,9.95715
30762625955,21.65,-0.04794419455228423,-0.001064650843716541,0.0,0.0,0.27468000000000004,9.908100000000001
30767676460,21.65,-0.039409534510031964,-0.007452555906015787,0.0,0.019620000000000002,0.36297,9.819809999999999
30772726965,21.65,-0.03515093113516579,-0.00958185759344887,0.0,0.0981,0.42183,9.68247
30777777470,21.65,-0.04794419455228423,-0.003193952531149623,0.0,0.13734000000000002,0.46107000000000004,9.72171
30782827975,21.65,-0.05859070298944965,0.004258603374866164,0.0,0.10791,0.36297,9.73152
30787878480,21.65,-0.07030186227033158,0.007452555906015787,0.0,0.06867000000000001,0.25506,9.819809999999999
30792928985,21.65,-0.06604325889546543,0.00958185759344887,0.0,0.0,0.15696000000000002,9.86886
30797979490,21.65,-0.05752605214573309,0.01064650843716541,0.0,-0.04905,0.15696000000000002,9.78057
30803029995,21.65,-0.04581489286485115,0.011711159280881954,0.0,-0.07848000000000001,0.24525000000000002,9.73152
30808080500,21.65,-0.039409534510031964,0.020245819323134222,0.0,-0.06867000000000001,0.36297,9.7119
30813131005,21.65,-0.039409534510031964,0.015987215948268057,0.0,-0.08829,0.42183,9.70209
30818181510,21.65,-0.054332099614583476,0.004258603374866164,0.0,-0.0981,0.41202000000000005,9.74133
30823232015,21.65,-0.06178465552059926,-0.013840460968315033,0.0,-0.08829,0.3924,9.79038
30828282520,21.65,-0.06710790973918197,-0.02556907354171693,0.0,-0.06867000000000001,0.2943,9.80019
30833333025,21.65,-0.07243116395776468,-0.03515093113516579,0.0,0.0,0.30411,9.85905
30838383530,21.65,-0.07136651311404815,-0.03728023282259888,0.0,0.0981,0.23544,9.85905
30843434035,21.65,-0.06923721142661506,-0.03089232776029963,0.0,0.16677000000000003,0.10791,9.79038
30848484540,21.65,-0.06391395720803235,-0.01811651763570114,0.0,0.17658,0.13734000000000002,9.64323
30853535045,21.65,-0.05539675045830002,-0.002129301687433082,0.0,0.20601000000000003,0.20601000000000003,9.6138
30858585550,21.65,-0.05326744877086694,0.012775810124598492,0.0,0.20601000000000003,0.25506,9.72171
30863636055,21.65,-0.05113814708343386,0.024504422698000388,0.0,0.15696000000000002,0.31392000000000003,9.81
30868686560,21.65,-0.04794419455228423,0.03408628029144926,0.0,0.06867000000000001,0.2943,9.91791
30873737065,21.65,-0.04581489286485115,0.03834488366631542,0.0,-0.039240000000000004,0.22563,9.84924
30878787570,21.65,-0.046879543708567686,0.03408628029144926,0.0,-0.14715,0.26487,9.80019
30883838075,21.65,-0.04581489286485115,0.02982767691658309,0.0,-0.18639,0.27468000000000004,9.73152
30888888580,21.65,-0.049008845396000776,0.007452555906015787,0.0,-0.20601000000000003,0.33354000000000006,9.6138
30893939085,21.65,-0.05752605214573309,-0.008517206749732328,0.0,-0.15696000000000002,0.3924,9.73152
30898989590,21.65,-0.06178465552059926,-0.01811651763570114,0.0,-0.07848000000000001,0.40221,9.82962
30904040095,21.65,-0.07136651311404815,-0.020245819323134222,0.0,-0.08829,0.27468000000000004,9.86886
30909090600,21.65,-0.07670722062515077,-0.03089232776029963,0.0,-0.06867000000000001,0.16677000000000003,9.91791
30914141105,21.65,-0.07990117315630041,-0.039409534510031964,0.0,-0.019620000000000002,0.0981,9.96696
30919191610,21.65,-0.07243116395776468,-0.046879543708567686,0.0,0.07848000000000001,0.04905,9.888480000000001
30924242115,21.65,-0.06710790973918197,-0.03408628029144926,0.0,0.15696000000000002,0.05886,9.81
30929292620,21.65,-0.05326744877086694,-0.005323254218582705,0.0,0.23544,0.0981,9.770760000000001
30934343125,21.65,-0.044732788728614664,0.015987215948268057,0.0,0.16677000000000003,0.24525000000000002,9.68247
30939393630,21.65,-0.039409534510031964,0.01918116847941768,0.0,0.15696000000000002,0.35316,9.73152
30944444135,21.65,-0.04260348704118158,0.01064650843716541,0.0,0.14715,0.37278,9.81
30949494640,21.65,-0.049008845396000776,0.01811651763570114,0.0,0.11772,0.27468000000000004,9.81
30954545145,21.65,-0.05859070298944965,0.02556907354171693,0.0,0.02943,0.16677000000000003,9.79038
30959595650,21.65,-0.05965535383316618,0.03728023282259888,0.0,-0.08829,0.12753,9.78057
30964646155,21.65,-0.06178465552059926,0.0404741853537485,0.0,-0.16677000000000003,0.08829,9.74133
30969696660,21.65,-0.05965535383316618,0.014905111812031574,0.0,-0.21582,0.15696000000000002,9.74133
30974747165,21.65,-0.05007349623971732,-0.005323254218582705,0.0,-0.20601000000000003,0.32373,9.73152
30979797670,21.65,-0.05113814708343386,-0.01811651763570114,0.0,-0.12753,0.36297,9.82962
30984848175,21.65,-0.054332099614583476,-0.020245819323134222,0.0,-0.06867000000000001,0.35316,9.888480000000001
30989898680,21.65,-0.06604325889546543,-0.012775810124598492,0.0,-0.05886,0.16677000000000003,9.84924
30994949185,21.65,-0.0756251164889143,-0.01918116847941768,0.0,-0.039240000000000004,0.05886,9.78057
30999999690,21.65,-0.08096582400001695,-0.02982767691658309,0.0,-0.02943,0.06867000000000001,9.760950000000001
31005050195,21.65,-0.07243116395776468,-0.03089232776029963,0.0,0.04905,0.10791,9.80019
31010100700,21.65,-0.060720004676882725,-0.024504422698000388,0.0,0.16677000000000003,0.15696000000000002,9.74133
31015151205,21.65,-0.05646140130201656,-0.006387905062299246,0.0,0.18639,0.23544,9.81
31020201710,21.65,-0.044732788728614664,0.00958185759344887,0.0,0.18639,0.20601000000000003,9.74133
31025252215,21.65,-0.05220279792715039,0.015987215948268057,0.0,0.13734000000000002,0.1962,9.72171
31030302720,21.65,-0.06391395720803235,0.01811651763570114,0.0,0.06867000000000001,0.12753,9.81
31035353225,21.65,-0.06604325889546543,0.021310470166850764,0.0,0.0,0.08829,9.84924
31040403730,21.65,-0.06604325889546543,0.0170518667919846,0.0,-0.039240000000000004,0.04905,9.87867
31045454235,21.65,-0.05752605214573309,0.01811651763570114,0.0,-0.10791,0.06867000000000001,9.908100000000001
31050504740,21.65,-0.04366813788489812,0.0170518667919846,0.0,-0.11772,0.14715,9.79038
31055555245,21.65,-0.04366813788489812,0.004258603374866164,0.0,-0.13734000000000002,0.22563,9.81
31060605750,21.65,-0.049008845396000776,-0.01064650843716541,0.0,-0.0981,0.28449,9.81
31065656255,21.65,-0.05646140130201656,-0.021310470166850764,0.0,-0.019620000000000002,0.25506,9.82962
31070706760,21.65,-0.06710790973918197,-0.023439771854283843,0.0,0.009810000000000001,0.15696000000000002,9.83943
31075757265,21.65,-0.07456046564519776,-0.01811651763570114,0.0,0.019620000000000002,0.06867000000000001,9.81
31080807770,21.65,-0.06391395720803235,-0.004258603374866164,0.0,0.0,0.009810000000000001,9.81
31085858275,21.65,-0.06604325889546543,0.0,0.0,0.0,0.0,9.78057
31090908780,21.65,-0.05965535383316618,-0.002129301687433082,0.0,0.0,0.06867000000000001,9.770760000000001
31095959285,21.65,-0.04581489286485115,-0.003193952531149623,0.0,0.039240000000000004,0.16677000000000003,9.7119
31101009790,21.65,-0.04366813788489812,-0.005323254218582705,0.0,0.06867000000000001,0.26487,9.72171
31106060295,21.65,-0.04581489286485115,0.003193952531149623,0.0,0.08829,0.25506,9.770760000000001
31111110800,21.65,-0.05859070298944965,0.01918116847941768,0.0,0.039240000000000004,0.12753,9.770760000000001
31116161305,21.65,-0.07456046564519776,0.022375121010567305,0.0,-0.07848000000000001,0.02943,9.819809999999999
31121211810,21.65,-0.07670722062515077,0.01918116847941768,0.0,-0.12753,0.019620000000000002,9.819809999999999
31126262315,21.65,-0.06284930636431581,0.002129301687433082,0.0,-0.14715,0.019620000000000002,9.81
31131312820,21.65,-0.06391395720803235,-0.007452555906015787,0.0,-0.11772,0.0981,9.84924
31136363325,21.65,-0.04260348704118158,-0.023439771854283843,0.0,-0.039240000000000004,0.12753,9.72171
31141413830,21.65,-0.044732788728614664,-0.0170518667919846,0.0,-0.009810000000000001,0.18639,9.81
31146464335,21.65,-0.05752605214573309,-0.002129301687433082,0.0,0.019620000000000002,0.11772,9.82962
31151514840,21.65,-0.06817256058289851,0.003193952531149623,0.0,-0.009810000000000001,0.039240000000000004,9.81
31156565345,21.65,-0.07243116395776468,0.004258603374866164,0.0,-0.02943,0.009810000000000001,9.81
31161615850,21.65,-0.06710790973918197,-0.005323254218582705,0.0,-0.009810000000000001,0.02943,9.81
31166666355,21.65,-0.05859070298944965,-0.01064650843716541,0.0,0.0,0.07848000000000001,9.87867
31171716860,21.65,-0.04794419455228423,-0.007452555906015787,0.0,0.039240000000000004,0.06867000000000001,9.69228
31176767365,21.65,-0.0404741853537485,0.001064650843716541,0.0,0.009810000000000001,0.1962,9.74133
31181817870,21.65,-0.05113814708343386,0.011711159280881954,0.0,0.019620000000000002,0.14715,9.82962
31186868375,21.65,-0.05646140130201656,0.004258603374866164,0.0,0.0,0.04905,9.78057
31191918880,21.65,-0.07990117315630041,0.002129301687433082,0.0,-0.039240000000000004,0.0,9.80019
31196969385,21.65,-0.0756251164889143,0.0,0.0,-0.05886,0.019620000000000002,9.84924
31202019890,21.65,-0.06817256058289851,0.001064650843716541,0.0,-0.04905,0.019620000000000002,9.937529999999999
31207070395,21.65,-0.05646140130201656,-0.007452555906015787,0.0,-0.039240000000000004,0.009810000000000001,9.908100000000001
31212120900,21.65,-0.049008845396000776,-0.012775810124598492,0.0,-0.019620000000000002,0.04905,9.86886
31217171405,21.65,-0.04794419455228423,-0.00958185759344887,0.0,0.009810000000000001,0.019620000000000002,9.819809999999999
31222221910,21.65,-0.05859070298944965,0.00958185759344887,0.0,0.02943,0.04905,9.78057
31227272415,21.65,-0.06391395720803235,0.024504422698000388,0.0,-0.04905,0.039240000000000004,9.770760000000001
31232322920,21.65,-0.06391395720803235,0.02663372438543347,0.0,-0.07848000000000001,0.019620000000000002,9.770760000000001
31237373425,21.65,-0.05965535383316618,0.006387905062299246,0.0,-0.14715,0.019620000000000002,9.78057
31242423930,21.65,-0.05113814708343386,-0.01064650843716541,0.0,-0.0981,0.04905,9.82962
31247474435,21.65,-0.039409534510031964,-0.02556907354171693,0.0,-0.019620000000000002,0.14715,9.760950000000001
31252524940,21.65,-0.04260348704118158,-0.013840460968315033,0.0,0.009810000000000001,0.12753,9.81
31257575445,21.65,-0.05539675045830002,0.003193952531149623,0.0,0.019620000000000002,0.019620000000000002,9.81
31262625950,21.65,-0.06923721142661506,0.013840460968315033,0.0,-0.02943,0.019620000000000002,9.633420000000001
31267676455,21.65,-0.07670722062515077,0.00958185759344887,0.0,-0.06867000000000001,0.019620000000000002,9.751140000000001
31272726960,21.65,-0.0756251164889143,0.001064650843716541,0.005323254218582705,-0.08829,0.009810000000000001,9.770760000000001
31277777465,21.65,-0.06817256058289851,-0.015987215948268057,0.001064650843716541,-0.07848000000000001,0.0,9.888480000000001
31282827970,21.65,-0.060720004676882725,-0.028763026072866547,0.0,0.0,-0.009810000000000001,9.937529999999999
31287878475,21.65,-0.05007349623971732,-0.02663372438543347,0.0,0.04905,0.0,9.937529999999999
31292928980,21.65,-0.054332099614583476,-0.015987215948268057,0.0,0.0981,-0.019620000000000002,9.86886
31297979485,21.65,-0.06604325889546543,0.005323254218582705,0.0,0.0981,-0.019620000000000002,9.80019
31303029990,21.65,-0.06710790973918197,0.04581489286485115,0.0,0.039240000000000004,-0.05886,9.760950000000001
31308080495,21.65,-0.060720004676882725,0.06604325889546543,0.0,-0.07848000000000001,-0.04905,9.74133
31313131000,21.65,-0.06178465552059926,0.05007349623971732,0.002129301687433082,-0.21582,-0.019620000000000002,9.74133
31318181505,21.65,-0.054332099614583476,0.022375121010567305,0.0,-0.33354000000000006,0.0,9.80019
31323232010,21.65,-0.04366813788489812,-0.01918116847941768,0.002129301687433082,-0.27468000000000004,-0.02943,9.760950000000001
31328282515,21.65,-0.046879543708567686,-0.05220279792715039,-0.002129301687433082,-0.20601000000000003,0.009810000000000001,9.82962
31333333020,21.65,-0.04581489286485115,-0.054332099614583476,0.0,-0.04905,0.02943,9.86886
31338383525,21.65,-0.049008845396000776,-0.03515093113516579,0.0,0.039240000000000004,0.02943,9.80019
31343434030,21.65,-0.054332099614583476,-0.004258603374866164,0.0,0.07848000000000001,0.009810000000000001,9.84924
31348484535,21.65,-0.06284930636431581,0.021310470166850764,0.0,0.039240000000000004,0.0,9.751140000000001
31353535040,21.65,-0.06604325889546543,0.03728023282259888,0.001064650843716541,-0.05886,-0.009810000000000001,9.751140000000001
31358585545,21.65,-0.07243116395776468,0.033021629447732716,0.004258603374866164,-0.13734000000000002,-0.02943,9.81
31363636050,21.65,-0.07030186227033158,0.003193952531149623,0.001064650843716541,-0.18639,-0.05886,9.84924
31368686555,21.65,-0.06284930636431581,-0.03089232776029963,0.0,-0.14715,-0.04905,9.86886
31373737060,21.65,-0.05646140130201656,-0.05752605214573309,-0.001064650843716541,-0.019620000000000002,-0.05886,9.937529999999999
31378787565,21.65,-0.05220279792715039,-0.060720004676882725,-0.003193952531149623,0.14715,-0.06867000000000001,9.89829
31383838070,21.65,-0.05539675045830002,-0.03621558197888234,0.0,0.22563,-0.07848000000000001,9.83943
31388888575,21.65,-0.06604325889546543,-0.0,-0.001064650843716541,0.23544,-0.0981,9.81
31393939080,21.65,-0.06391395720803235,0.0404741853537485,0.002129301687433082,0.18639,-0.08829,9.70209
31398989585,21.65,-0.06497860805174888,0.06604325889546543,0.001064650843716541,0.039240000000000004,-0.10791,9.67266
31404040090,21.65,-0.05646140130201656,0.0852244273748831,0.0,-0.14715,-0.08829,9.751140000000001
31409090595,21.65,-0.049008845396000776,0.08096582400001695,-0.001064650843716541,-0.30411,-0.06867000000000001,9.85905
31414141100,21.65,-0.046879543708567686,0.046879543708567686,-0.001064650843716541,-0.47088,-0.05886,9.95715
31419191605,21.65,-0.05007349623971732,0.004258603374866164,-0.001064650843716541,-0.48069000000000006,-0.07848000000000001,9.96696
31424242110,21.65,-0.05326744877086694,-0.033021629447732716,0.0,-0.45126,-0.06867000000000001,9.82962
31429292615,21.65,-0.05859070298944965,-0.07030186227033158,0.002129301687433082,-0.27468000000000004,-0.06867000000000001,9.73152
31434343120,21.65,-0.05752605214573309,-0.11185815176031658,0.0,-0.04905,-0.04905,9.69228
31439393625,21.65,-0.05113814708343386,-0.13208651779093086,0.002129301687433082,0.22563,-0.05886,9.7119
31444444130,21.65,-0.05539675045830002,-0.11824605682261582,0.0,0.49050000000000005,0.18639,9.85905
31449494635,21.65,-0.05539675045830002,-0.06923721142661506,-0.002129301687433082,0.84366,-0.10791,10.182780000000001
31454545140,21.65,-0.06604325889546543,0.00958185759344887,0.0,0.6670800000000001,-0.13734000000000002,9.74133
31459595645,21.65,-0.0852244273748831,0.08948303074974927,0.0,0.51993,-0.17658,9.69228
31464646150,21.65,-0.0756251164889143,0.15339698795778162,0.0,0.18639,-0.20601000000000003,9.79038
31469696655,21.65,-0.07883652231258387,0.19280652246781357,0.002129301687433082,-0.21582,-0.20601000000000003,9.78057
31474747160,21.65,-0.05752605214573309,0.18748326824923087,0.001064650843716541,-0.60822,-0.15696000000000002,9.751140000000001
31479797665,21.65,-0.05220279792715039,0.14594443205176583,0.001064650843716541,-0.9221400000000001,-0.12753,9.79038
31484848170,21.65,-0.04581489286485115,0.07136651311404815,0.003193952531149623,-1.10853,-0.12753,9.80019
31489898675,21.65,-0.04581489286485115,-0.020245819323134222,-0.001064650843716541,-1.06929,-0.12753,9.819809999999999
31494949180,21.65,-0.044732788728614664,-0.1097288500728835,0.0,-0.89271,-0.10791,9.888480000000001
31499999685,21.65,-0.049008845396000776,-0.177901410655782,0.003193952531149623,-0.5493600000000001,-0.13734000000000002,9.86886
31505050190,21.65,-0.05007349623971732,-0.20879373841608162,0.0,-0.14715,-0.12753,9.87867
31510100695,21.65,-0.044732788728614664,-0.20879373841608162,0.001064650843716541,0.2943,-0.12753,9.82962
31515151200,21.65,-0.04581489286485115,-0.17683675981206545,0.001064650843716541,0.69651,0.1962,9.83943
31520201705,21.65,-0.039409534510031964,-0.1288925652597812,-0.001064650843716541,1.20663,0.0,10.01601
31525252210,21.65,-0.07990117315630041,-0.033021629447732716,0.0,1.21644,-0.0981,9.82962
31530302715,21.65,-0.08948303074974927,0.05007349623971732,0.0,1.02024,-0.23544,9.50589
31535353220,21.65,-0.07136651311404815,0.11185815176031658,-0.002129301687433082,0.7651800000000001,-0.31392000000000003,9.81
31540403725,21.65,-0.08096582400001695,0.18109536318693162,-0.003193952531149623,0.38259000000000004,-0.23544,10.006200000000002
31545454230,21.65,-0.054332099614583476,0.20027653166634932,0.0,-0.009810000000000001,-0.26487,10.025820000000001
31550504735,21.65,-0.04794419455228423,0.18961256993666398,0.001064650843716541,-0.48069000000000006,-0.21582,9.84924
31555555240,21.65,-0.049008845396000776,0.15978489302008084,0.0,-0.74556,-0.17658,9.72171
31560605745,21.65,-0.03621558197888234,0.10332349171806432,0.0,-0.9319500000000001,-0.15696000000000002,9.59418
31565656250,21.65,-0.039409534510031964,0.04794419455228423,0.0,-1.0791000000000002,-0.11772,9.67266
31570706755,21.65,-0.033021629447732716,-0.013840460968315033,0.0,-1.06929,-0.13734000000000002,9.78057
31575757260,21.65,-0.04153883619746504,-0.08628907821859966,-0.001064650843716541,-0.9221400000000001,-0.15696000000000002,9.908100000000001
31580807765,21.65,-0.04260348704118158,-0.14487978120804929,0.003193952531149623,-0.6670800000000001,-0.13734000000000002,9.94734
31585858270,21.65,-0.044732788728614664,-0.17257815643719931,0.002129301687433082,-0.23544,-0.13734000000000002,9.94734
31590908775,21.65,-0.046879543708567686,-0.1757721089683489,0.0,0.08829,-0.14715,9.87867
31595959280,21.65,-0.04581489286485115,-0.16084954386379738,0.001064650843716541,0.46107000000000004,-0.15696000000000002,9.760950000000001
31601009785,21.65,-0.04794419455228423,-0.12463396188491506,-0.001064650843716541,0.73575,-0.06867000000000001,9.819809999999999
31606060290,21.65,-0.044732788728614664,-0.07670722062515077,0.001064650843716541,0.94176,-0.08829,9.908100000000001
31611110795,21.65,-0.06923721142661506,0.002129301687433082,-0.002129301687433082,1.00062,-0.18639,9.99639
31616161300,21.65,-0.05326744877086694,0.06391395720803235,0.0,0.7848,-0.24525000000000002,9.751140000000001
31621211805,21.65,-0.06923721142661506,0.11824605682261582,0.0,0.51012,-0.16677000000000003,9.97677
31626262310,21.65,-0.05752605214573309,0.14062117783318315,0.0,0.2943,-0.24525000000000002,9.79038
31631312815,21.65,-0.05007349623971732,0.13955652698946658,0.0,-0.05886,-0.18639,9.80019
31636363320,21.65,-0.05326744877086694,0.12144000935376545,-0.001064650843716541,-0.2943,-0.20601000000000003,9.67266
31641413825,21.65,-0.04260348704118158,0.09693558665576507,-0.003193952531149623,-0.48069000000000006,-0.1962,9.68247
31646464330,21.65,-0.03834488366631542,0.05539675045830002,-0.002129301687433082,-0.6180300000000001,-0.15696000000000002,9.633420000000001
31651514835,21.65,-0.03621558197888234,0.006387905062299246,0.0,-0.6768900000000001,-0.14715,9.72171
31656565340,21.65,-0.04260348704118158,-0.03408628029144926,0.0,-0.60822,-0.16677000000000003,9.79038
31661615845,21.65,-0.05539675045830002,-0.06391395720803235,0.0,-0.51012,-0.16677000000000003,9.89829
31666666350,21.65,-0.05220279792715039,-0.08309512568745003,-0.002129301687433082,-0.35316,-0.1962,9.85905
31671716855,21.65,-0.05113814708343386,-0.08841837990603273,0.004258603374866164,-0.12753,-0.1962,9.79038
31676767360,21.65,-0.05326744877086694,-0.09906488834319814,0.0,0.07848000000000001,-0.1962,9.80019
31681817865,21.65,-0.046879543708567686,-0.09906488834319814,0.0,0.27468000000000004,-0.20601000000000003,9.80019
31686868370,21.65,-0.05646140130201656,-0.08415977653116657,-0.001064650843716541,0.47088,-0.22563,9.81
31691918875,21.65,-0.05113814708343386,-0.05113814708343386,-0.001064650843716541,0.56898,-0.22563,9.95715
31696969380,21.65,-0.05220279792715039,-0.003193952531149623,0.0,0.60822,-0.23544,9.94734
31702019885,21.65,-0.054332099614583476,0.03728023282259888,-0.001064650843716541,0.51012,-0.26487,9.97677
31707070390,21.65,-0.05113814708343386,0.06604325889546543,0.0,0.36297,-0.25506,9.91791
31712120895,21.65,-0.046879543708567686,0.09693558665576507,-0.001064650843716541,0.1962,-0.25506,9.86886
31717171400,21.65,-0.04794419455228423,0.11292280260403312,-0.001064650843716541,-0.04905,-0.24525000000000002,9.7119
31722221905,21.65,-0.04366813788489812,0.11505210429146619,0.0,-0.26487,-0.22563,9.67266
31727272410,21.65,-0.04260348704118158,0.10653489754173388,-0.001064650843716541,-0.47088,-0.21582,9.64323
31732322915,21.65,-0.049008845396000776,0.08309512568745003,0.0,-0.64746,-0.1962,9.68247
31737373420,21.65,-0.04794419455228423,0.05646140130201656,-0.002129301687433082,-0.7651800000000001,-0.20601000000000003,9.78057
31742423925,21.65,-0.04260348704118158,0.02556907354171693,0.0,-0.85347,-0.21582,9.81
31747474430,21.65,-0.05220279792715039,-0.00958185759344887,0.002129301687433082,-0.85347,-0.22563,9.84924
31752524935,21.65,-0.05646140130201656,-0.04153883619746504,0.003193952531149623,-0.75537,-0.25506,9.82962
31757575440,21.65,-0.05965535383316618,-0.07456046564519776,0.002129301687433082,-0.6180300000000001,-0.24525000000000002,9.84924
31762625945,21.65,-0.06178465552059926,-0.11398745344774965,0.001064650843716541,-0.3924,-0.30411,9.89829
31767676450,21.65,-0.060720004676882725,-0.14487978120804929,0.0,-0.11772,-0.2943,9.89829
31772726955,21.65,-0.054332099614583476,-0.15765559133264778,0.0,0.17658,-0.33354000000000006,10.01601
31777777460,21.65,-0.05007349623971732,-0.1480737337391989,0.0,0.49050000000000005,-0.37278,10.05525
31782827965,21.65,-0.049008845396000776,-0.12144000935376545,0.0,0.7749900000000001,-0.36297,10.03563
31787878470,21.65,-0.04366813788489812,-0.07030186227033158,0.0,0.9319500000000001,-0.36297,10.03563
31792928975,21.65,-0.0404741853537485,-0.01918116847941768,0.0,0.9613800000000001,-0.36297,9.96696
31797979480,21.65,-0.039409534510031964,0.04260348704118158,0.0,0.90252,-0.37278,9.80019
31803029985,21.65,-0.02982767691658309,0.09800023749948161,0.0,0.71613,-0.33354000000000006,9.760950000000001
31808080490,21.65,-0.028763026072866547,0.12676326357234816,0.0,0.47088,-0.2943,9.74133
31813130995,21.65,-0.02663372438543347,0.14594443205176583,0.0,0.14715,-0.25506,9.770760000000001
31818181500,21.65,-0.021310470166850764,0.150203035426632,0.0,-0.16677000000000003,-0.21582,9.82962
31823232005,21.65,-0.022375121010567305,0.13634512116579703,0.0,-0.45126,-0.17658,9.80019
31828282510,21.65,-0.02556907354171693,0.10332349171806432,0.0,-0.65727,-0.17658,9.73152
31833333015,21.65,-0.028763026072866547,0.06284930636431581,0.0,-0.80442,-0.18639,9.68247
31838383520,21.65,-0.046879543708567686,0.007452555906015787,0.0,-0.86328,-0.17658,9.623610000000001
31843434025,21.65,-0.049008845396000776,-0.04794419455228423,0.0,-0.74556,-0.17658,9.65304
31848484530,21.65,-0.049008845396000776,-0.07990117315630041,0.0,-0.60822,-0.20601000000000003,9.74133
31853535035,21.65,-0.05220279792715039,-0.10438814256178083,0.0,-0.40221,-0.24525000000000002,9.80019
31858585540,21.65,-0.05646140130201656,-0.11398745344774965,0.0,-0.14715,-0.27468000000000004,9.87867
31863636045,21.65,-0.05646140130201656,-0.11398745344774965,0.0,0.05886,-0.30411,9.94734
31868686550,21.65,-0.06391395720803235,-0.09374163412461543,0.0,0.27468000000000004,-0.33354000000000006,9.908100000000001
31873737055,21.65,-0.06817256058289851,-0.05646140130201656,0.0,0.43164,-0.3924,9.84924
31878787560,21.65,-0.060720004676882725,-0.00958185759344887,0.0,0.48069000000000006,-0.35316,9.86886
31883838065,21.65,-0.05220279792715039,0.02556907354171693,0.0,0.3924,-0.3924,9.85905
31888888570,21.65,-0.046879543708567686,0.044732788728614664,0.0,0.2943,-0.41202000000000005,9.908100000000001
31893939075,21.65,-0.04366813788489812,0.05113814708343386,0.0,0.1962,-0.40221,9.97677
31898989580,21.65,-0.03728023282259888,0.044732788728614664,0.0,0.039240000000000004,-0.3924,9.96696
31904040085,21.65,-0.03515093113516579,0.03728023282259888,0.0,0.0,-0.3924,9.89829
31909090590,21.65,-0.033021629447732716,0.03089232776029963,0.0,-0.06867000000000001,-0.37278,9.888480000000001
31914141095,21.65,-0.023439771854283843,0.0170518667919846,0.0,-0.11772,-0.35316,9.83943
31919191600,21.65,-0.02663372438543347,-0.002129301687433082,0.0,-0.0981,-0.35316,9.751140000000001
31924242105,21.65,-0.024504422698000388,-0.020245819323134222,0.0,-0.05886,-0.30411,9.770760000000001
31929292610,21.65,-0.023439771854283843,-0.024504422698000388,0.0,-0.02943,-0.27468000000000004,9.79038
31934343115,21.65,-0.021310470166850764,-0.012775810124598492,0.0,0.009810000000000001,-0.25506,9.80019
31939393620,21.65,-0.02769837522915001,0.012775810124598492,0.0,0.009810000000000001,-0.24525000000000002,9.87867
31944444125,21.65,-0.028763026072866547,0.04153883619746504,0.0,-0.07848000000000001,-0.27468000000000004,9.85905
31949494630,21.65,-0.02982767691658309,0.04794419455228423,0.0,-0.20601000000000003,-0.24525000000000002,9.83943
31954545135,21.65,-0.04260348704118158,0.05007349623971732,0.0,-0.27468000000000004,-0.28449,9.80019
31959595640,21.65,-0.049008845396000776,0.04260348704118158,0.0,-0.38259000000000004,-0.32373,9.770760000000001
31964646145,21.65,-0.04581489286485115,0.012775810124598492,0.0,-0.41202000000000005,-0.33354000000000006,9.7119
31969696650,21.65,-0.044732788728614664,-0.028763026072866547,0.0,-0.38259000000000004,-0.30411,9.7119
31974747155,21.65,-0.04260348704118158,-0.07030186227033158,0.0,-0.25506,-0.34335000000000004,9.79038
31979797660,21.65,-0.05220279792715039,-0.10332349171806432,0.0,-0.04905,-0.35316,9.888480000000001
31984848165,21.65,-0.04581489286485115,-0.12356931104119852,0.0,0.1962,-0.3924,9.888480000000001
31989898670,21.65,-0.049008845396000776,-0.11398745344774965,0.0,0.46107000000000004,-0.44145,9.84924
31994949175,21.65,-0.04153883619746504,-0.07136651311404815,0.0,0.60822,-0.40221,9.82962
31999999680,21.65,-0.033021629447732716,-0.011711159280881954,0.0,0.6768900000000001,-0.41202000000000005,9.760950000000001
32005050185,21.65,-0.02556907354171693,0.044732788728614664,0.0,0.56898,-0.3924,9.80019
32010100690,21.65,-0.02769837522915001,0.10332349171806432,0.0,0.38259000000000004,-0.37278,9.78057
32015151195,21.65,-0.03408628029144926,0.13955652698946658,0.0,0.08829,-0.3924,9.83943
32020201700,21.65,-0.03515093113516579,0.14487978120804929,0.0,-0.24525000000000002,-0.32373,9.82962
32025252205,21.65,-0.02982767691658309,0.1171814059788993,0.0,-0.50031,-0.31392000000000003,9.80019
32030302710,21.65,-0.03515093113516579,0.07243116395776468,0.0,-0.63765,-0.30411,9.81
32035353215,21.65,-0.028763026072866547,0.012775810124598492,0.0,-0.6867000000000001,-0.30411,9.83943
32040403720,21.65,-0.024504422698000388,-0.046879543708567686,0.0,-0.60822,-0.30411,9.84924
32045454225,21.65,-0.033021629447732716,-0.08203047484373349,0.0,-0.43164,-0.36297,9.79038
32050504730,21.65,-0.03621558197888234,-0.10545279340549739,0.0,-0.23544,-0.37278,9.82962
32055555235,21.65,-0.044732788728614664,-0.11505210429146619,0.0,0.009810000000000001,-0.38259000000000004,9.86886
32060605740,21.65,-0.046879543708567686,-0.09161233243718235,0.0,0.21582,-0.3924,9.91791
32065656245,21.65,-0.04260348704118158,-0.05752605214573309,0.0,0.36297,-0.41202000000000005,9.937529999999999
32070706750,21.65,-0.03834488366631542,-0.031956978604016174,0.0,0.3924,-0.43164,9.95715
32075757255,21.65,-0.028763026072866547,-0.00958185759344887,0.0,0.43164,-0.43164,9.89829
32080807760,21.65,-0.02769837522915001,0.007452555906015787,0.0,0.45126,-0.44145,9.81
32085858265,21.65,-0.02982767691658309,0.021310470166850764,0.0,0.3924,-0.42183,9.80019
32090908770,21.65,-0.02769837522915001,0.05007349623971732,0.0,0.2943,-0.3924,9.79038
32095959275,21.65,-0.01918116847941768,0.07243116395776468,0.0,0.13734000000000002,-0.38259000000000004,9.80019
32101009780,21.65,-0.01811651763570114,0.0852244273748831,0.0,-0.02943,-0.34335000000000004,9.85905
32106060285,21.65,-0.0170518667919846,0.09054768159346581,0.0,-0.1962,-0.37278,9.819809999999999
32111110790,21.65,-0.02556907354171693,0.07670722062515077,0.0,-0.3924,-0.35316,9.83943
32116161295,21.65,-0.02769837522915001,0.04581489286485115,0.0,-0.47088,-0.32373,9.73152
32121211800,21.65,-0.024504422698000388,0.014905111812031574,0.0,-0.51993,-0.32373,9.54513
32126262305,21.65,-0.02769837522915001,-0.02769837522915001,0.0,-0.46107000000000004,-0.34335000000000004,9.623610000000001
32131312810,21.65,-0.028763026072866547,-0.07349581480148122,0.0,-0.31392000000000003,-0.37278,9.760950000000001
32136363315,21.65,-0.03515093113516579,-0.10119419003063122,0.0,-0.11772,-0.36297,9.83943
32141413820,21.65,-0.02769837522915001,-0.09374163412461543,0.0,0.04905,-0.37278,9.888480000000001
32146464325,21.65,-0.03408628029144926,-0.054332099614583476,0.0,0.23544,-0.3924,9.87867
32151514830,21.65,-0.0404741853537485,-0.02663372438543347,0.0,0.22563,-0.40221,9.82962
32156565335,21.65,-0.0404741853537485,-0.005323254218582705,0.0,0.25506,-0.40221,9.819809999999999
32161615840,21.65,-0.044732788728614664,0.00958185759344887,0.0,0.26487,-0.43164,9.760950000000001
32166666345,21.65,-0.04153883619746504,0.013840460968315033,0.0,0.23544,-0.43164,9.79038
32171716850,21.65,-0.03728023282259888,0.006387905062299246,0.0,0.18639,-0.44145,9.91791
32176767355,21.65,-0.03089232776029963,0.008517206749732328,0.0,0.13734000000000002,-0.45126,10.025820000000001
32181817860,21.65,-0.02769837522915001,0.023439771854283843,0.0,0.13734000000000002,-0.46107000000000004,10.05525
32186868365,21.65,-0.03408628029144926,0.03621558197888234,0.0,0.05886,-0.48069000000000006,10.074869999999999
32191918870,21.65,-0.033021629447732716,0.054332099614583476,0.0,-0.05886,-0.45126,9.99639
32196969375,21.65,-0.033021629447732716,0.06178465552059926,0.0,-0.16677000000000003,-0.48069000000000006,9.81
32202019880,21.65,-0.031956978604016174,0.04366813788489812,0.0,-0.25506,-0.46107000000000004,9.69228
32207070385,21.65,-0.02663372438543347,0.008517206749732328,0.0,-0.31392000000000003,-0.42183,9.66285
32212120890,21.65,-0.015987215948268057,-0.02982767691658309,0.0,-0.25506,-0.43164,9.7119
32217171395,21.65,-0.00958185759344887,-0.054332099614583476,0.0,-0.14715,-0.42183,9.85905
32222221900,21.65,-0.00958185759344887,-0.05965535383316618,0.0,-0.039240000000000004,-0.43164,10.01601
32227272405,21.65,-0.012775810124598492,-0.04366813788489812,0.0,0.02943,-0.43164,9.98658
32232322910,21.65,-0.01811651763570114,-0.011711159280881954,0.0,0.14715,-0.43164,9.84924
32237373415,21.65,-0.01918116847941768,0.00958185759344887,0.0,0.11772,-0.36297,9.68247
32242423920,21.65,-0.01918116847941768,0.015987215948268057,0.0,0.0981,-0.38259000000000004,9.46665
32247474425,21.65,-0.01918116847941768,0.00958185759344887,0.0,0.06867000000000001,-0.34335000000000004,9.496080000000001
32252524930,21.65,-0.012775810124598492,-0.001064650843716541,0.0,0.05886,-0.36297,9.65304
32257575435,21.65,-0.01064650843716541,0.002129301687433082,0.0,0.04905,-0.34335000000000004,9.81
32262625940,21.65,-0.012775810124598492,0.014905111812031574,0.0,0.0,-0.35316,9.94734
32267676445,21.65,-0.024504422698000388,0.020245819323134222,0.0,0.0,-0.35316,10.01601
32272726950,21.65,-0.03834488366631542,0.0170518667919846,0.0,-0.04905,-0.37278,9.86886
32277777455,21.65,-0.04581489286485115,0.020245819323134222,0.0,-0.07848000000000001,-0.40221,9.72171
32282827960,21.65,-0.044732788728614664,0.013840460968315033,0.0,-0.0981,-0.41202000000000005,9.60399
32287878465,21.65,-0.03408628029144926,0.004258603374866164,0.0,-0.0981,-0.44145,9.6138
32292928970,21.65,-0.031956978604016174,-0.00958185759344887,0.0,-0.0981,-0.46107000000000004,9.81
32297979475,21.65,-0.031956978604016174,-0.01811651763570114,0.0,-0.10791,-0.47088,10.05525
32303029980,21.65,-0.0404741853537485,-0.02663372438543347,0.0,-0.04905,-0.49050000000000005,10.11411
32308080485,21.65,-0.046879543708567686,-0.020245819323134222,0.0,-0.009810000000000001,-0.52974,10.09449
32313130990,21.65,-0.039409534510031964,-0.008517206749732328,0.0,0.039240000000000004,-0.52974,9.98658
32318181495,21.65,-0.03089232776029963,-0.004258603374866164,0.0,0.06867000000000001,-0.5395500000000001,9.82962
32323232000,21.65,-0.021310470166850764,-0.00958185759344887,0.0,0.0981,-0.5395500000000001,9.760950000000001
32328282505,21.65,-0.015987215948268057,-0.008517206749732328,0.0,0.10791,-0.52974,9.84924
32333333010,21.65,-0.014905111812031574,0.0,0.0,0.12753,-0.51993,9.85905
32338383515,21.65,-0.013840460968315033,0.0,0.0,0.08829,-0.51012,9.96696
32343434020,21.65,-0.01064650843716541,0.0,0.0,0.05886,-0.51012,10.01601
32348484525,21.65,-0.00958185759344887,0.0,0.0,0.07848000000000001,-0.48069000000000006,9.99639
32353535030,21.65,-0.002129301687433082,0.005323254218582705,0.0,0.07848000000000001,-0.46107000000000004,9.95715
32358585535,21.65,0.004258603374866164,0.02769837522915001,0.0,0.02943,-0.43164,9.770760000000001
32363636040,21.65,0.005323254218582705,0.049008845396000776,0.0,-0.009810000000000001,-0.41202000000000005,9.58437
32368686545,21.65,-0.003193952531149623,0.046879543708567686,0.0,-0.12753,-0.37278,9.54513
32373737050,21.65,-0.008517206749732328,0.021310470166850764,0.0,-0.20601000000000003,-0.36297,9.55494
32378787555,21.65,-0.012775810124598492,-0.01064650843716541,0.0,-0.16677000000000003,-0.38259000000000004,9.67266
32383838060,21.65,-0.013840460968315033,-0.028763026072866547,0.0,-0.15696000000000002,-0.35316,9.86886
32388888565,21.65,-0.015987215948268057,-0.031956978604016174,0.0,-0.0981,-0.3924,10.006200000000002
32393939070,21.65,-0.015987215948268057,-0.02663372438543347,0.0,-0.039240000000000004,-0.3924,9.937529999999999
32398989575,21.65,-0.02556907354171693,-0.023439771854283843,0.0,0.009810000000000001,-0.43164,9.81
32404040080,21.65,-0.03089232776029963,-0.023439771854283843,0.0,0.04905,-0.45126,9.57456
32409090585,21.65,-0.031956978604016174,-0.020245819323134222,0.0,0.12753,-0.44145,9.50589
32414141090,21.65,-0.033021629447732716,-0.012775810124598492,0.0,0.17658,-0.46107000000000004,9.623610000000001
32419191595,21.65,-0.03089232776029963,-0.001064650843716541,0.0,0.12753,-0.47088,9.819809999999999
32424242100,21.65,-0.028763026072866547,0.001064650843716541,0.0,0.12753,-0.50031,9.99639
32429292605,21.65,-0.031956978604016174,0.001064650843716541,0.0,0.11772,-0.51993,10.11411
32434343110,21.65,-0.02556907354171693,0.001064650843716541,0.0,0.06867000000000001,-0.51012,10.025820000000001
32439393615,21.65,-0.02769837522915001,0.008517206749732328,0.0,0.11772,-0.5395500000000001,9.81
32444444120,21.65,-0.021310470166850764,0.01064650843716541,0.0,0.0981,-0.51993,9.72171
32449494625,21.65,-0.013840460968315033,0.01918116847941768,0.0,0.06867000000000001,-0.5395500000000001,9.67266
32454545130,21.65,-0.013840460968315033,0.024504422698000388,0.0,-0.009810000000000001,-0.49050000000000005,9.78057
32459595635,21.65,-0.0170518667919846,0.022375121010567305,0.0,-0.04905,-0.50031,9.98658
32464646140,21.65,-0.015987215948268057,0.021310470166850764,0.0,-0.0981,-0.51012,10.05525
32469696645,21.65,-0.01918116847941768,0.012775810124598492,0.0,-0.16677000000000003,-0.51993,10.06506
32474747150,21.65,-0.01064650843716541,0.00958185759344887,0.0,-0.14715,-0.49050000000000005,9.95715
32479797655,21.65,0.0,0.007452555906015787,0.0,-0.16677000000000003,-0.48069000000000006,9.81
32484848160,21.65,0.0,0.004258603374866164,0.0,-0.15696000000000002,-0.49050000000000005,9.70209
32489898665,21.65,-0.002129301687433082,-0.001064650843716541,0.0,-0.12753,-0.46107000000000004,9.69228
32494949170,21.65,-0.008517206749732328,-0.014905111812031574,0.0,-0.13734000000000002,-0.46107000000000004,9.68247
32499999675,21.65,-0.014905111812031574,-0.0404741853537485,0.0,-0.07848000000000001,-0.46107000000000004,9.78057
32505050180,21.65,-0.014905111812031574,-0.05539675045830002,0.0,0.02943,-0.46107000000000004,9.91791
32510100685,21.65,-0.007452555906015787,-0.054332099614583476,0.0,0.14715,-0.46107000000000004,9.95715
32515151190,21.65,-0.001064650843716541,-0.0404741853537485,0.0,0.20601000000000003,-0.45126,9.91791
32520201695,21.65,-0.003193952531149623,-0.021310470166850764,0.0,0.31392000000000003,-0.46107000000000004,9.86886
32525252200,21.65,-0.003193952531149623,-0.001064650843716541,0.0,0.32373,-0.48069000000000006,9.73152
32530302705,21.65,-0.013840460968315033,0.022375121010567305,0.0,0.24525000000000002,-0.46107000000000004,9.59418
32535353210,21.65,-0.021310470166850764,0.03728023282259888,0.0,0.18639,-0.44145,9.633420000000001
32540403715,21.65,-0.020245819323134222,0.05220279792715039,0.0,0.07848000000000001,-0.46107000000000004,9.80019
32545454220,21.65,-0.023439771854283843,0.05326744877086694,0.0,-0.04905,-0.47088,10.01601
32550504725,21.65,-0.015987215948268057,0.03621558197888234,0.0,-0.15696000000000002,-0.48069000000000006,10.13373
32555555230,21.65,-0.012775810124598492,0.023439771854283843,0.0,-0.20601000000000003,-0.50031,10.01601
32560605735,21.65,-0.015987215948268057,0.004258603374866164,0.0,-0.18639,-0.51012,9.760950000000001
32565656240,21.65,-0.011711159280881954,-0.001064650843716541,0.0,-0.16677000000000003,-0.49050000000000005,9.59418
32570706745,21.65,-0.012775810124598492,0.0,0.0,-0.13734000000000002,-0.50031,9.48627
32575757250,21.65,-0.0170518667919846,-0.008517206749732328,0.0,-0.11772,-0.49050000000000005,9.58437
32580807755,21.65,-0.012775810124598492,-0.02769837522915001,0.0,-0.10791,-0.50031,9.80019
32585858260,21.65,-0.005323254218582705,-0.04366813788489812,0.0,0.0,-0.51993,9.92772
32590908765,21.65,-0.003193952531149623,-0.05220279792715039,0.0,0.08829,-0.51012,10.025820000000001
32595959270,21.65,-0.007452555906015787,-0.03728023282259888,0.0,0.16677000000000003,-0.52974,10.05525
32601009775,21.65,-0.007452555906015787,-0.012775810124598492,0.0,0.20601000000000003,-0.51012,9.89829
32606060280,21.65,-0.013840460968315033,0.004258603374866164,0.0,0.22563,-0.48069000000000006,9.73152
32611110785,21.65,-0.00958185759344887,0.015987215948268057,0.0,0.21582,-0.48069000000000006,9.59418
32616161290,21.65,-0.005323254218582705,0.022375121010567305,0.0,0.16677000000000003,-0.46107000000000004,9.55494
32621211795,21.65,0.001064650843716541,0.022375121010567305,0.0,0.12753,-0.46107000000000004,9.67266
32626262300,21.65,0.001064650843716541,0.023439771854283843,0.0,0.02943,-0.43164,9.92772
32631312805,21.65,0.0,0.024504422698000388,0.0,-0.039240000000000004,-0.46107000000000004,10.045440000000001
32636363310,21.65,-0.011711159280881954,0.020245819323134222,0.0,-0.0981,-0.48069000000000006,10.01601
32641413815,21.65,-0.014905111812031574,0.011711159280881954,0.0,-0.11772,-0.44145,9.84924
32646464320,21.65,-0.015987215948268057,0.005323254218582705,0.0,-0.10791,-0.48069000000000006,9.66285
32651514825,21.65,-0.015987215948268057,0.001064650843716541,0.0,-0.06867000000000001,-0.49050000000000005,9.70209
32656565330,21.65,-0.012775810124598492,-0.011711159280881954,0.0,-0.05886,-0.48069000000000006,9.80019
32661615835,21.65,-0.013840460968315033,-0.02556907354171693,0.0,-0.039240000000000004,-0.5493600000000001,9.89829
32666666340,21.65,-0.013840460968315033,-0.03408628029144926,0.0,0.0,-0.52974,10.025820000000001
32671716845,21.65,-0.0170518667919846,-0.03515093113516579,0.0,0.07848000000000001,-0.5591700000000001,10.074869999999999
32676767350,21.65,-0.01811651763570114,-0.023439771854283843,0.0,0.12753,-0.5886,10.01601
32681817855,21.65,-0.011711159280881954,-0.006387905062299246,0.0,0.1962,-0.5886,9.87867
32686868360,21.65,-0.001064650843716541,0.004258603374866164,0.0,0.16677000000000003,-0.5395500000000001,9.73152
32691918865,21.65,0.007452555906015787,0.015987215948268057,0.0,0.18639,-0.5395500000000001,9.60399
32696969370,21.65,0.00958185759344887,0.022375121010567305,0.0,0.11772,-0.52974,9.57456
32702019875,21.65,0.005323254218582705,0.03089232776029963,0.0,0.05886,-0.49050000000000005,9.66285
32707070380,21.65,0.006387905062299246,0.03621558197888234,0.0,-0.019620000000000002,-0.48069000000000006,9.81
32712120885,21.65,0.00958185759344887,0.024504422698000388,0.0,-0.10791,-0.47088,9.937529999999999
32717171390,21.65,0.006387905062299246,0.007452555906015787,0.0,-0.14715,-0.45126,9.87867
32722221895,21.65,0.007452555906015787,-0.008517206749732328,0.0,-0.12753,-0.47088,9.73152
32727272400,21.65,0.00958185759344887,-0.0170518667919846,0.0,-0.06867000000000001,-0.43164,9.633420000000001
32732322905,21.65,0.003193952531149623,-0.020245819323134222,0.0,0.009810000000000001,-0.41202000000000005,9.60399
32737373410,21.65,0.003193952531149623,-0.015987215948268057,0.0,0.019620000000000002,-0.3924,9.69228
32742423915,21.65,-0.01064650843716541,-0.023439771854283843,0.0,0.04905,-0.43164,9.84924
32747474420,21.65,-0.01811651763570114,-0.024504422698000388,0.0,0.0981,-0.46107000000000004,9.91791
32752524925,21.65,-0.01918116847941768,-0.022375121010567305,0.0,0.14715,-0.47088,9.96696
32757575430,21.65,-0.020245819323134222,-0.011711159280881954,0.0,0.15696000000000002,-0.52974,10.08468
32762625935,21.65,-0.013840460968315033,-0.001064650843716541,0.0,0.14715,-0.5493600000000001,10.045440000000001
32767676440,21.65,-0.012775810124598492,0.007452555906015787,0.0,0.13734000000000002,-0.5493600000000001,9.908100000000001
32772726945,21.65,-0.015987215948268057,0.005323254218582705,0.0,0.15696000000000002,-0.56898,9.79038
32777777450,21.65,-0.01918116847941768,0.01064650843716541,0.0,0.13734000000000002,-0.5591700000000001,9.7119
32782827955,21.65,-0.015987215948268057,0.01811651763570114,0.0,0.08829,-0.59841,9.72171
32787878460,21.65,-0.003193952531149623,0.021310470166850764,0.0,0.04905,-0.57879,9.95715
32792928965,21.65,0.0,0.020245819323134222,0.0,0.0,-0.5591700000000001,10.074869999999999
32797979470,21.65,0.004258603374866164,0.005323254218582705,0.0,-0.009810000000000001,-0.56898,10.045440000000001
32803029975,21.65,0.00958185759344887,-0.002129301687433082,0.0,-0.04905,-0.5591700000000001,9.86886
32808080480,21.65,0.013840460968315033,0.005323254218582705,0.0,0.0,-0.5395500000000001,9.66285
32813130985,21.65,0.015987215948268057,0.0170518667919846,0.0,-0.009810000000000001,-0.49050000000000005,9.56475
32818181490,21.65,0.01918116847941768,0.014905111812031574,0.0,-0.02943,-0.48069000000000006,9.633420000000001
32823231995,21.65,0.015987215948268057,0.003193952531149623,0.0,-0.039240000000000004,-0.44145,9.72171
32828282500,21.65,0.011711159280881954,-0.012775810124598492,0.0,-0.04905,-0.44145,9.74133
32833333005,21.65,0.013840460968315033,-0.02769837522915001,0.0,-0.009810000000000001,-0.43164,9.81
32838383510,21.65,0.013840460968315033,-0.02556907354171693,0.0,0.05886,-0.41202000000000005,9.819809999999999
32843434015,21.65,0.012775810124598492,-0.022375121010567305,0.0,0.11772,-0.42183,9.760950000000001
32848484520,21.65,0.007452555906015787,-0.00958185759344887,0.0,0.12753,-0.41202000000000005,9.72171
32853535025,21.65,-0.001064650843716541,-0.007452555906015787,0.0,0.14715,-0.42183,9.56475
32858585530,21.65,-0.008517206749732328,-0.002129301687433082,0.0,0.16677000000000003,-0.41202000000000005,9.50589
32863636035,21.65,-0.008517206749732328,0.001064650843716541,0.0,0.16677000000000003,-0.42183,9.623610000000001
32868686540,21.65,-0.006387905062299246,0.005323254218582705,0.0,0.16677000000000003,-0.42183,9.79038
32873737045,21.65,-0.011711159280881954,0.002129301687433082,0.0,0.11772,-0.47088,9.96696
32878787550,21.65,-0.015987215948268057,-0.003193952531149623,0.0,0.0981,-0.51012,10.045440000000001
32883838055,21.65,-0.021310470166850764,0.002129301687433082,0.0,0.08829,-0.51993,9.937529999999999
32888888560,21.65,-0.0170518667919846,0.011711159280881954,0.0,0.10791,-0.5395500000000001,9.79038
32893939065,21.65,-0.01918116847941768,0.020245819323134222,0.0,0.08829,-0.56898,9.81
32898989570,21.65,-0.012775810124598492,0.02556907354171693,0.0,0.0,-0.5886,9.79038
32904040075,21.65,-0.015987215948268057,0.023439771854283843,0.0,-0.039240000000000004,-0.59841,9.888480000000001
32909090580,21.65,-0.01064650843716541,0.01064650843716541,0.0,-0.06867000000000001,-0.59841,10.03563
32914141085,21.65,-0.00958185759344887,0.004258603374866164,0.0,-0.10791,-0.60822,10.06506
32919191590,21.65,-0.005323254218582705,-0.002129301687433082,0.0,-0.11772,-0.60822,10.1043
32924242095,21.65,0.0,-0.008517206749732328,0.0,-0.06867000000000001,-0.63765,10.09449
32929292600,21.65,0.007452555906015787,-0.015987215948268057,0.0,0.0,-0.59841,9.94734
32934343105,21.65,0.012775810124598492,-0.022375121010567305,0.0,0.019620000000000002,-0.5886,9.82962
32939393610,21.65,0.020245819323134222,-0.031956978604016174,0.0,0.08829,-0.5591700000000001,9.760950000000001
32944444115,21.65,0.023439771854283843,-0.02769837522915001,0.0,0.16677000000000003,-0.5395500000000001,9.72171
32949494620,21.65,0.02556907354171693,-0.023439771854283843,0.0,0.20601000000000003,-0.5493600000000001,9.819809999999999
32954545125,21.65,0.02556907354171693,-0.0170518667919846,0.0,0.22563,-0.49050000000000005,9.97677
32959595630,21.65,0.02982767691658309,-0.003193952531149623,0.0,0.20601000000000003,-0.47088,9.97677
32964646135,21.65,0.028763026072866547,0.007452555906015787,0.0,0.20601000000000003,-0.44145,9.908100000000001
32969696640,21.65,0.02769837522915001,0.01811651763570114,0.0,0.16677000000000003,-0.43164,9.770760000000001
32974747145,21.65,0.022375121010567305,0.02982767691658309,0.0,0.16677000000000003,-0.40221,9.60399
32979797650,21.65,0.021310470166850764,0.039409534510031964,0.0,0.08829,-0.41202000000000005,9.6138
32984848155,21.65,0.014905111812031574,0.044732788728614664,0.0,0.0,-0.40221,9.74133
32989898660,21.65,0.005323254218582705,0.04260348704118158,0.0,-0.0981,-0.42183,9.819809999999999
32994949165,21.65,0.001064650843716541,0.02556907354171693,0.0,-0.18639,-0.43164,9.908100000000001
32999999670,21.65,-0.005323254218582705,0.0,0.0,-0.20601000000000003,-0.48069000000000006,9.888480000000001
33005050175,21.65,-0.006387905062299246,-0.01918116847941768,0.0,-0.15696000000000002,-0.48069000000000006,9.81
33010100680,21.65,0.0,-0.03728023282259888,0.0,-0.04905,-0.50031,9.73152
33015151185,21.65,0.0,-0.04260348704118158,0.0,0.04905,-0.50031,9.67266
33020201690,21.65,0.006387905062299246,-0.03728023282259888,0.0,0.0981,-0.50031,9.57456
33025252195,21.65,0.0,-0.03089232776029963,0.0,0.17658,-0.5395500000000001,9.60399
33030302700,21.65,0.003193952531149623,-0.028763026072866547,0.0,0.25506,-0.5395500000000001,9.68247
33035353205,21.65,0.001064650843716541,-0.013840460968315033,0.0,0.2943,-0.5493600000000001,9.760950000000001
33040403710,21.65,0.004258603374866164,0.0,0.0,0.20601000000000003,-0.52974,9.94734
33045454215,21.65,0.014905111812031574,0.01811651763570114,0.0,0.20601000000000003,-0.5395500000000001,10.006200000000002
33050504720,21.65,0.021310470166850764,0.03621558197888234,0.0,0.12753,-0.49050000000000005,9.908100000000001
33055555225,21.65,0.014905111812031574,0.033021629447732716,0.0,0.05886,-0.49050000000000005,9.84924
33060605730,21.65,0.00958185759344887,0.022375121010567305,0.0,0.009810000000000001,-0.50031,9.80019
33065656235,21.65,0.006387905062299246,0.01811651763570114,0.0,-0.02943,-0.50031,9.770760000000001
33070706740,21.65,0.007452555906015787,0.014905111812031574,0.0,-0.039240000000000004,-0.49050000000000005,9.92772
33075757245,21.65,0.008517206749732328,0.007452555906015787,0.0,-0.05886,-0.51012,10.025820000000001
33080807750,21.65,0.014905111812031574,-0.002129301687433082,0.0,-0.0981,-0.51012,10.01601
33085858255,21.65,0.01064650843716541,-0.022375121010567305,0.0,-0.039240000000000004,-0.51993,9.98658
33090908760,21.65,0.011711159280881954,-0.028763026072866547,0.0,0.009810000000000001,-0.52974,9.83943
33095959265,21.65,0.008517206749732328,-0.02556907354171693,0.0,0.12753,-0.51993,9.72171
33101009770,21.65,0.015987215948268057,-0.021310470166850764,0.0,0.17658,-0.49050000000000005,9.70209
33106060275,21.65,0.014905111812031574,-0.01064650843716541,0.0,0.17658,-0.51012,9.760950000000001
33111110780,21.65,0.013840460968315033,-0.004258603374866164,0.0,0.16677000000000003,-0.51012,9.84924
33116161285,21.65,0.015987215948268057,-0.005323254218582705,0.0,0.1962,-0.51993,9.96696
33121211790,21.65,0.015987215948268057,-0.005323254218582705,0.0,0.1962,-0.51012,9.96696
33126262295,21.65,0.014905111812031574,-0.002129301687433082,0.0,0.22563,-0.49050000000000005,9.85905
33131312800,21.65,0.024504422698000388,-0.003193952531149623,0.0,0.21582,-0.47088,9.68247
33136363305,21.65,0.02769837522915001,0.005323254218582705,0.0,0.23544,-0.47088,9.58437
33141413810,21.65,0.02982767691658309,0.02556907354171693,0.0,0.21582,-0.42183,9.59418
33146464315,21.65,0.02769837522915001,0.0404741853537485,0.0,0.10791,-0.42183,9.751140000000001
33151514820,21.65,0.020245819323134222,0.04581489286485115,0.0,0.0,-0.41202000000000005,9.819809999999999
33156565325,21.65,0.011711159280881954,0.0404741853537485,0.0,-0.0981,-0.44145,9.84924
33161615830,21.65,0.005323254218582705,0.01918116847941768,0.0,-0.14715,-0.43164,9.87867
33166666335,21.65,0.002129301687433082,0.0,0.0,-0.17658,-0.43164,9.82962
33171716840,21.65,0.01064650843716541,-0.00958185759344887,0.0,-0.10791,-0.45126,9.83943
33176767345,21.65,0.014905111812031574,-0.021310470166850764,0.0,-0.07848000000000001,-0.45126,9.87867
33181817850,21.65,0.015987215948268057,-0.024504422698000388,0.0,-0.019620000000000002,-0.50031,9.82962
33186868355,21.65,0.007452555906015787,-0.033021629447732716,0.0,0.039240000000000004,-0.50031,9.81
33191918860,21.65,-0.001064650843716541,-0.04366813788489812,0.0,0.11772,-0.51993,9.84924
33196969365,21.65,-0.006387905062299246,-0.04153883619746504,0.0,0.20601000000000003,-0.51012,9.91791
33202019870,21.65,0.001064650843716541,-0.04153883619746504,0.0,0.2943,-0.5591700000000001,9.95715
33207070375,21.65,0.011711159280881954,-0.031956978604016174,0.0,0.37278,-0.5591700000000001,10.05525
33212120880,21.65,0.022375121010567305,-0.015987215948268057,0.0,0.38259000000000004,-0.5395500000000001,10.006200000000002
33217171385,21.65,0.03089232776029963,0.006387905062299246,0.0,0.35316,-0.5493600000000001,9.908100000000001
33222221890,21.65,0.02982767691658309,0.033021629447732716,0.0,0.32373,-0.5395500000000001,9.82962
33227272395,21.65,0.02556907354171693,0.05220279792715039,0.0,0.24525000000000002,-0.51012,9.760950000000001
33232322900,21.65,0.020245819323134222,0.06391395720803235,0.0,0.13734000000000002,-0.50031,9.74133
33237373405,21.65,0.024504422698000388,0.05859070298944965,0.0,-0.02943,-0.46107000000000004,9.80019
33242423910,21.65,0.03408628029144926,0.03515093113516579,0.0,-0.11772,-0.44145,9.81
33247474415,21.65,0.039409534510031964,0.0170518667919846,0.0,-0.14715,-0.43164,9.888480000000001
33252524920,21.65,0.04260348704118158,0.002129301687433082,0.0,-0.18639,-0.42183,9.908100000000001
33257575425,21.65,0.03834488366631542,0.001064650843716541,0.0,-0.15696000000000002,-0.40221,9.79038
33262625930,21.65,0.02556907354171693,-0.011711159280881954,0.0,-0.14715,-0.40221,9.67266
33267676435,21.65,0.012775810124598492,-0.023439771854283843,0.0,-0.07848000000000001,-0.41202000000000005,9.58437
33272726940,21.65,0.00958185759344887,-0.039409534510031964,0.0,0.019620000000000002,-0.3924,9.53532
33277777445,21.65,0.01918116847941768,-0.060720004676882725,0.0,0.12753,-0.41202000000000005,9.6138
33282827950,21.65,0.02663372438543347,-0.07670722062515077,0.0,0.24525000000000002,-0.38259000000000004,9.83943
33287878455,21.65,0.03728023282259888,-0.06284930636431581,0.0,0.40221,-0.42183,9.98658
33292928960,21.65,0.02769837522915001,-0.02769837522915001,0.0,0.48069000000000006,-0.44145,9.98658
33297979465,21.65,0.013840460968315033,0.015987215948268057,0.0,0.45126,-0.45126,9.89829
33303029970,21.65,-0.004258603374866164,0.06178465552059926,0.0,0.33354000000000006,-0.45126,9.69228
33308080475,21.65,0.0,0.08096582400001695,0.0,0.22563,-0.45126,9.54513
33313130980,21.65,0.006387905062299246,0.06284930636431581,0.0,0.04905,-0.46107000000000004,9.64323
33318181485,21.65,0.021310470166850764,0.02663372438543347,0.0,-0.039240000000000004,-0.48069000000000006,9.78057
33323231990,21.65,0.02982767691658309,-0.008517206749732328,-0.005323254218582705,-0.04905,-0.48069000000000006,9.99639
33328282495,21.65,0.02556907354171693,-0.028763026072866547,-0.004258603374866164,-0.02943,-0.48069000000000006,10.163160000000001
33333333000,21.65,0.015987215948268057,-0.021310470166850764,-0.001064650843716541,0.05886,-0.48069000000000006,10.06506
33338383505,21.65,0.007452555906015787,0.004258603374866164,0.0,0.05886,-0.50031,9.908100000000001
33343434010,21.65,0.00958185759344887,0.022375121010567305,0.0,0.04905,-0.49050000000000005,9.72171
33348484515,21.65,0.020245819323134222,0.02556907354171693,0.002129301687433082,0.02943,-0.51012,9.60399
33353535020,21.65,0.028763026072866547,0.006387905062299246,-0.001064650843716541,-0.009810000000000001,-0.46107000000000004,9.67266
33358585525,21.65,0.03515093113516579,-0.015987215948268057,-0.003193952531149623,-0.02943,-0.47088,9.819809999999999
33363636030,21.65,0.03621558197888234,-0.04153883619746504,0.0,0.05886,-0.48069000000000006,9.95715
33368686535,21.65,0.02769837522915001,-0.05859070298944965,0.001064650843716541,0.11772,-0.46107000000000004,10.11411
33373737040,21.65,0.024504422698000388,-0.05539675045830002,0.0,0.23544,-0.46107000000000004,10.13373
33378787545,21.65,0.03089232776029963,-0.049008845396000776,-0.002129301687433082,0.3924,-0.43164,10.006200000000002
33383838050,21.65,0.031956978604016174,-0.021310470166850764,0.0,0.44145,-0.47088,9.82962
33388888555,21.65,0.044732788728614664,0.013840460968315033,0.002129301687433082,0.45126,-0.44145,9.70209
33393939060,21.65,0.04260348704118158,0.054332099614583476,-0.001064650843716541,0.37278,-0.42183,9.59418
33398989565,21.65,0.03621558197888234,0.07243116395776468,0.002129301687433082,0.20601000000000003,-0.40221,9.72171
33404040070,21.65,0.02663372438543347,0.06817256058289851,0.001064650843716541,0.019620000000000002,-0.41202000000000005,9.937529999999999
33409090575,21.65,0.014905111812031574,0.05326744877086694,-0.002129301687433082,-0.13734000000000002,-0.45126,10.025820000000001
33414141080,21.65,0.0170518667919846,0.020245819323134222,-0.004258603374866164,-0.17658,-0.3924,10.045440000000001
33419191585,21.65,0.02982767691658309,-0.015987215948268057,0.0,-0.17658,-0.43164,9.84924
33424242090,21.65,0.04260348704118158,-0.04794419455228423,0.0,-0.019620000000000002,-0.42183,9.66285
33429292595,21.65,0.0404741853537485,-0.06391395720803235,-0.002129301687433082,0.15696000000000002,-0.43164,9.54513
33434343100,21.65,0.03515093113516579,-0.05859070298944965,0.0,0.27468000000000004,-0.3924,9.60399
33439393605,21.65,0.02556907354171693,-0.02556907354171693,0.0,0.35316,-0.40221,9.633420000000001
33444444110,21.65,0.023439771854283843,0.0,0.002129301687433082,0.31392000000000003,-0.40221,9.84924
33449494615,21.65,0.023439771854283843,0.01811651763570114,0.0,0.24525000000000002,-0.41202000000000005,9.96696
33454545120,21.65,0.024504422698000388,0.01918116847941768,-0.003193952531149623,0.18639,-0.40221,10.025820000000001
33459595625,21.65,0.03408628029144926,0.031956978604016174,-0.003193952531149623,0.13734000000000002,-0.40221,9.94734
33464646130,21.65,0.0404741853537485,0.05007349623971732,0.001064650843716541,0.05886,-0.3924,9.751140000000001
33469696635,21.65,0.031956978604016174,0.07670722062515077,-0.001064650843716541,-0.02943,-0.3924,9.623610000000001
33474747140,21.65,0.024504422698000388,0.06391395720803235,0.0,-0.16677000000000003,-0.38259000000000004,9.633420000000001
33479797645,21.65,0.014905111812031574,0.021310470166850764,0.0,-0.24525000000000002,-0.40221,9.66285
33484848150,21.65,0.015987215948268057,-0.02663372438543347,-0.001064650843716541,-0.23544,-0.3924,9.751140000000001
33489898655,21.65,0.028763026072866547,-0.06817256058289851,0.0,-0.0981,-0.41202000000000005,9.94734
33494949160,21.65,0.04366813788489812,-0.09587093581204853,0.001064650843716541,0.06867000000000001,-0.41202000000000005,10.025820000000001
33499999665,21.65,0.04260348704118158,-0.10545279340549739,0.0,0.28449,-0.42183,10.006200000000002
33505050170,21.65,0.03728023282259888,-0.09161233243718235,0.0,0.49050000000000005,-0.41202000000000005,9.86886
33510100675,21.65,0.02982767691658309,-0.05539675045830002,-0.002129301687433082,0.6670800000000001,-0.42183,9.7119
33515151180,21.65,0.028763026072866547,-0.003193952531149623,0.002129301687433082,0.72594,-0.41202000000000005,9.64323
33520201685,21.65,0.024504422698000388,0.0404741853537485,0.001064650843716541,0.60822,-0.41202000000000005,9.81
33525252190,21.65,0.03408628029144926,0.06923721142661506,0.001064650843716541,0.45126,-0.40221,10.03563
33530302695,21.65,0.04153883619746504,0.08841837990603273,-0.003193952531149623,0.23544,-0.41202000000000005,10.17297
33535353200,21.65,0.039409534510031964,0.10119419003063122,-0.003193952531149623,0.0,-0.42183,10.212209999999999
33540403705,21.65,0.03621558197888234,0.09800023749948161,0.0,-0.1962,-0.42183,10.06506
33545454210,21.65,0.02982767691658309,0.0852244273748831,0.001064650843716541,-0.34335000000000004,-0.40221,9.82962
33550504715,21.65,0.02769837522915001,0.06604325889546543,0.0,-0.44145,-0.40221,9.59418
33555555220,21.65,0.03089232776029963,0.02769837522915001,0.0,-0.51012,-0.3924,9.59418
33560605725,21.65,0.04260348704118158,-0.024504422698000388,-0.001064650843716541,-0.48069000000000006,-0.40221,9.7119
33565656230,21.65,0.046879543708567686,-0.07670722062515077,0.0,-0.34335000000000004,-0.38259000000000004,9.87867
33570706735,21.65,0.04366813788489812,-0.1097288500728835,-0.002129301687433082,-0.13734000000000002,-0.3924,9.94734
33575757240,21.65,0.04366813788489812,-0.11611675513518273,-0.003193952531149623,0.0981,-0.40221,9.92772
33580807745,21.65,0.04366813788489812,-0.10119419003063122,0.0,0.32373,-0.3924,9.81
33585858250,21.65,0.04366813788489812,-0.08203047484373349,-0.002129301687433082,0.51993,-0.38259000000000004,9.70209
33590908755,21.65,0.054332099614583476,-0.05326744877086694,-0.001064650843716541,0.64746,-0.33354000000000006,9.56475
33595959260,21.65,0.054332099614583476,-0.008517206749732328,-0.001064650843716541,0.71613,-0.34335000000000004,9.5157
33601009765,21.65,0.05646140130201656,0.024504422698000388,0.001064650843716541,0.64746,-0.31392000000000003,9.65304
33606060270,21.65,0.04794419455228423,0.05113814708343386,-0.003193952531149623,0.5395500000000001,-0.25506,9.81
33611110775,21.65,0.04581489286485115,0.06604325889546543,-0.004258603374866164,0.37278,-0.26487,9.87867
33616161280,21.65,0.03834488366631542,0.0756251164889143,-0.003193952531149623,0.20601000000000003,-0.27468000000000004,9.85905
33621211785,21.65,0.03621558197888234,0.07990117315630041,-0.001064650843716541,0.02943,-0.27468000000000004,9.83943
33626262290,21.65,0.03728023282259888,0.08096582400001695,0.0,-0.11772,-0.26487,9.80019
33631312795,21.65,0.03515093113516579,0.0756251164889143,-0.004258603374866164,-0.25506,-0.28449,9.7119
33636363300,21.65,0.02556907354171693,0.054332099614583476,0.0,-0.37278,-0.30411,9.68247
33641413805,21.65,0.013840460968315033,0.0170518667919846,0.001064650843716541,-0.44145,-0.30411,9.81
33646464310,21.65,0.004258603374866164,-0.015987215948268057,0.0,-0.40221,-0.35316,9.96696
33651514815,21.65,0.011711159280881954,-0.04794419455228423,-0.001064650843716541,-0.34335000000000004,-0.44145,10.074869999999999
33656565320,21.65,0.006387905062299246,-0.0756251164889143,0.0,-0.18639,-0.47088,10.15335
33661615825,21.65,0.01811651763570114,-0.09800023749948161,0.0,0.009810000000000001,-0.50031,10.143540000000002
33666666330,21.65,0.028763026072866547,-0.09267698328089889,-0.003193952531149623,0.21582,-0.50031,9.99639
33671716835,21.65,0.03728023282259888,-0.06178465552059926,-0.001064650843716541,0.40221,-0.51993,9.81
33676767340,21.65,0.03408628029144926,-0.02663372438543347,-0.004258603374866164,0.49050000000000005,-0.49050000000000005,9.751140000000001
33681817845,21.65,0.03834488366631542,0.001064650843716541,-0.002129301687433082,0.51993,-0.47088,9.81
33686868350,21.65,0.05326744877086694,0.02556907354171693,0.0,0.42183,-0.42183,9.89829
33691918855,21.65,0.06604325889546543,0.03834488366631542,-0.004258603374866164,0.32373,-0.41202000000000005,9.99639
33696969360,21.65,0.07349581480148122,0.0404741853537485,-0.006387905062299246,0.22563,-0.35316,9.98658
33702019865,21.65,0.07883652231258387,0.039409534510031964,-0.002129301687433082,0.15696000000000002,-0.32373,9.95715
33707070370,21.65,0.07670722062515077,0.054332099614583476,-0.003193952531149623,0.05886,-0.2943,9.770760000000001
33712120875,21.65,0.07030186227033158,0.05220279792715039,0.0,-0.019620000000000002,-0.23544,9.59418
33717171380,21.65,0.06391395720803235,0.03515093113516579,0.0,-0.07848000000000001,-0.20601000000000003,9.44703
33722221885,21.65,0.06604325889546543,0.012775810124598492,-0.001064650843716541,-0.12753,-0.18639,9.53532
33727272390,21.65,0.06284930636431581,-0.007452555906015787,0.0,-0.10791,-0.15696000000000002,9.74133
33732322895,21.65,0.05646140130201656,-0.039409534510031964,-0.002129301687433082,-0.08829,-0.15696000000000002,9.87867
33737373400,21.65,0.05007349623971732,-0.07030186227033158,-0.002129301687433082,0.039240000000000004,-0.1962,10.01601
33742423905,21.65,0.03834488366631542,-0.09054768159346581,0.002129301687433082,0.21582,-0.22563,9.98658
33747474410,21.65,0.02769837522915001,-0.09054768159346581,0.0,0.3924,-0.23544,9.84924
33752524915,21.65,0.02663372438543347,-0.07349581480148122,0.001064650843716541,0.56898,-0.27468000000000004,9.7119
33757575420,21.65,0.03089232776029963,-0.046879543708567686,0.0,0.71613,-0.2943,9.69228
33762625925,21.65,0.02769837522915001,-0.011711159280881954,-0.002129301687433082,0.75537,-0.33354000000000006,9.81
33767676430,21.65,0.022375121010567305,0.02769837522915001,-0.004258603374866164,0.6867000000000001,-0.33354000000000006,9.92772
33772726935,21.65,0.03089232776029963,0.07349581480148122,0.0,0.52974,-0.38259000000000004,10.006200000000002
33777777440,21.65,0.02769837522915001,0.12037535851004891,-0.002129301687433082,0.24525000000000002,-0.40221,10.03563
33782827945,21.65,0.028763026072866547,0.15659094048893124,0.001064650843716541,-0.04905,-0.3924,9.98658
33787878450,21.65,0.03728023282259888,0.1555262896452147,0.0,-0.32373,-0.36297,9.84924
33792928955,21.65,0.04260348704118158,0.12144000935376545,0.001064650843716541,-0.56898,-0.36297,9.70209
33797979460,21.65,0.05007349623971732,0.07243116395776468,0.001064650843716541,-0.71613,-0.34335000000000004,9.6138
33803029965,21.65,0.05752605214573309,0.01918116847941768,-0.001064650843716541,-0.8142300000000001,-0.32373,9.633420000000001
33808080470,21.65,0.06391395720803235,-0.039409534510031964,0.002129301687433082,-0.74556,-0.32373,9.70209
33813130975,21.65,0.05646140130201656,-0.09800023749948161,-0.002129301687433082,-0.56898,-0.26487,9.80019
33818181480,21.65,0.05113814708343386,-0.13955652698946658,-0.002129301687433082,-0.27468000000000004,-0.28449,9.82962
33823231985,21.65,0.06284930636431581,-0.16191419470751395,-0.001064650843716541,0.02943,-0.2943,9.81
33828282490,21.65,0.06391395720803235,-0.16510814723866357,-0.003193952531149623,0.37278,-0.23544,9.74133
33833332995,21.65,0.06710790973918197,-0.150203035426632,-0.001064650843716541,0.71613,-0.20601000000000003,9.70209
33838383500,21.65,0.07243116395776468,-0.10866419922916695,-0.001064650843716541,0.95157,-0.23544,9.74133
33843434005,21.65,0.06604325889546543,-0.046879543708567686,-0.002129301687433082,1.0791000000000002,-0.20601000000000003,9.83943
33848484510,21.65,0.05326744877086694,0.015987215948268057,-0.003193952531149623,1.02024,-0.18639,9.91791
33853535015,21.65,0.04794419455228423,0.06284930636431581,-0.001064650843716541,0.86328,-0.18639,10.03563
33858585520,21.65,0.04153883619746504,0.09906488834319814,-0.002129301687433082,0.6768900000000001,-0.20601000000000003,10.05525
33863636025,21.65,0.04366813788489812,0.12569861272863161,-0.003193952531149623,0.42183,-0.21582,9.98658
33868686530,21.65,0.04366813788489812,0.14062117783318315,-0.001064650843716541,0.14715,-0.21582,9.908100000000001
33873737035,21.65,0.046879543708567686,0.13849187614575004,0.0,-0.14715,-0.20601000000000003,9.83943
33878787540,21.65,0.039409534510031964,0.12356931104119852,-0.003193952531149623,-0.3924,-0.23544,9.751140000000001
33883838045,21.65,0.033021629447732716,0.09374163412461543,0.0,-0.56898,-0.25506,9.7119
33888888550,21.65,0.02982767691658309,0.04794419455228423,0.0,-0.6670800000000001,-0.26487,9.78057
33893939055,21.65,0.02769837522915001,0.004258603374866164,-0.002129301687433082,-0.6670800000000001,-0.2943,9.82962
33898989560,21.65,0.033021629447732716,-0.03408628029144926,-0.003193952531149623,-0.60822,-0.30411,9.89829
33904040065,21.65,0.04581489286485115,-0.0756251164889143,-0.001064650843716541,-0.49050000000000005,-0.32373,9.888480000000001
33909090570,21.65,0.05539675045830002,-0.09906488834319814,-0.001064650843716541,-0.27468000000000004,-0.33354000000000006,9.74133
33914141075,21.65,0.054332099614583476,-0.11611675513518273,0.0,-0.009810000000000001,-0.28449,9.623610000000001
33919191580,21.65,0.05965535383316618,-0.12463396188491506,-0.001064650843716541,0.23544,-0.2943,9.57456
33924242085,21.65,0.05965535383316618,-0.11185815176031658,0.001064650843716541,0.51993,-0.24525000000000002,9.58437
33929292590,21.65,0.07136651311404815,-0.10225884087434776,0.002129301687433082,0.6867000000000001,-0.22563,9.751140000000001
33934343095,21.65,0.07777187146886733,-0.08309512568745003,0.0,0.85347,-0.18639,9.92772
33939393600,21.65,0.07883652231258387,-0.0404741853537485,-0.001064650843716541,0.9123300000000001,-0.17658,10.09449
33944444105,21.65,0.07670722062515077,0.005323254218582705,-0.002129301687433082,0.9123300000000001,-0.16677000000000003,10.006200000000002
33949494610,21.65,0.06391395720803235,0.054332099614583476,-0.001064650843716541,0.84366,-0.15696000000000002,9.908100000000001
33954545115,21.65,0.05646140130201656,0.10332349171806432,-0.003193952531149623,0.63765,-0.0981,9.81
33959595620,21.65,0.05539675045830002,0.1555262896452147,-0.001064650843716541,0.35316,-0.0981,9.760950000000001
33964646125,21.65,0.05220279792715039,0.17896606149949854,-0.001064650843716541,-0.009810000000000001,-0.12753,9.82962
33969696630,21.65,0.05007349623971732,0.17257815643719931,-0.001064650843716541,-0.38259000000000004,-0.13734000000000002,9.89829
33974747135,21.65,0.04260348704118158,0.14381513036433274,-0.001064650843716541,-0.70632,-0.12753,10.01601
33979797640,21.65,0.03515093113516579,0.08948303074974927,-0.001064650843716541,-0.8829,-0.17658,9.937529999999999
33984848145,21.65,0.02769837522915001,0.020245819323134222,0.002129301687433082,-0.90252,-0.1962,9.82962
33989898650,21.65,0.028763026072866547,-0.05539675045830002,0.0,-0.8240400000000001,-0.20601000000000003,9.68247
33994949155,21.65,0.031956978604016174,-0.12250466019748199,0.0,-0.56898,-0.25506,9.633420000000001
33999999660,21.65,0.05113814708343386,-0.17896606149949854,0.0,-0.20601000000000003,-0.25506,9.6138
34005050165,21.65,0.05220279792715039,-0.21092304010351473,0.001064650843716541,0.20601000000000003,-0.2943,9.70209
34010100670,21.65,0.060720004676882725,-0.20879373841608162,0.0,0.6180300000000001,-0.25506,9.819809999999999
34015151175,21.65,0.06178465552059926,-0.150203035426632,-0.004258603374866164,0.9613800000000001,-0.2943,9.87867
34020201680,21.65,0.06497860805174888,-0.07243116395776468,-0.001064650843716541,1.15758,-0.23544,9.98658
34025252185,21.65,0.07349581480148122,0.02982767691658309,0.0,1.0987200000000001,-0.20601000000000003,9.94734
34030302690,21.65,0.07670722062515077,0.11398745344774965,-0.002129301687433082,0.8829,-0.17658,9.85905
34035353195,21.65,0.07670722062515077,0.16404349639494703,0.0,0.51012,-0.13734000000000002,9.81
34040403700,21.65,0.07349581480148122,0.19067722078038052,0.0,0.18639,-0.11772,9.73152
34045454205,21.65,0.07456046564519776,0.1757721089683489,0.0,-0.1962,-0.06867000000000001,9.70209
34050504710,21.65,0.06923721142661506,0.13102186694721432,0.0,-0.47088,-0.039240000000000004,9.770760000000001
34055555215,21.65,0.06497860805174888,0.07136651311404815,-0.002129301687433082,-0.6670800000000001,-0.04905,9.87867
34060605720,21.65,0.05965535383316618,0.01064650843716541,-0.003193952531149623,-0.71613,-0.04905,9.89829
34065656225,21.65,0.05007349623971732,-0.04794419455228423,-0.001064650843716541,-0.64746,-0.05886,9.908100000000001
34070706730,21.65,0.05113814708343386,-0.08309512568745003,0.0,-0.42183,-0.12753,9.80019
34075757235,21.65,0.04153883619746504,-0.09480628496833199,-0.003193952531149623,-0.21582,-0.11772,9.7119
34080807740,21.65,0.04260348704118158,-0.10012953918691468,0.001064650843716541,-0.009810000000000001,-0.11772,9.59418
34085858245,21.65,0.04260348704118158,-0.09267698328089889,-0.001064650843716541,0.16677000000000003,-0.14715,9.60399
34090908750,21.65,0.04153883619746504,-0.08415977653116657,-0.002129301687433082,0.35316,-0.16677000000000003,9.74133
34095959255,21.65,0.04366813788489812,-0.07883652231258387,-0.003193952531149623,0.48069000000000006,-0.20601000000000003,9.91791
34101009760,21.65,0.05113814708343386,-0.060720004676882725,-0.001064650843716541,0.6180300000000001,-0.21582,9.98658
34106060265,21.65,0.04794419455228423,-0.03408628029144926,0.001064650843716541,0.69651,-0.15696000000000002,10.006200000000002
34111110770,21.65,0.06178465552059926,0.006387905062299246,-0.002129301687433082,0.6768900000000001,-0.15696000000000002,9.908100000000001
34116161275,21.65,0.060720004676882725,0.06817256058289851,-0.004258603374866164,0.60822,-0.16677000000000003,9.83943
34121211780,21.65,0.06604325889546543,0.10545279340549739,-0.001064650843716541,0.38259000000000004,-0.13734000000000002,9.79038
34126262285,21.65,0.06391395720803235,0.12676326357234816,-0.002129301687433082,0.0981,-0.13734000000000002,9.770760000000001
34131312790,21.65,0.06178465552059926,0.1288925652597812,0.0,-0.15696000000000002,-0.13734000000000002,9.79038
34136363295,21.65,0.060720004676882725,0.09693558665576507,0.0,-0.3924,-0.07848000000000001,9.819809999999999
34141413800,21.65,0.06178465552059926,0.046879543708567686,0.0,-0.49050000000000005,-0.05886,9.83943
34146464305,21.65,0.06604325889546543,-0.014905111812031574,0.0,-0.49050000000000005,-0.08829,9.91791
34151514810,21.65,0.07349581480148122,-0.06923721142661506,0.0,-0.37278,-0.08829,9.89829
34156565315,21.65,0.07030186227033158,-0.08841837990603273,0.0,-0.18639,-0.04905,9.819809999999999
34161615820,21.65,0.06284930636431581,-0.08415977653116657,0.0,-0.009810000000000001,-0.06867000000000001,9.72171
34166666325,21.65,0.05859070298944965,-0.06178465552059926,-0.001064650843716541,0.17658,-0.05886,9.57456
34171716830,21.65,0.05220279792715039,-0.039409534510031964,-0.003193952531149623,0.30411,-0.039240000000000004,9.6138
34176767335,21.65,0.05539675045830002,-0.03408628029144926,0.002129301687433082,0.34335000000000004,-0.039240000000000004,9.760950000000001
34181817840,21.65,0.06391395720803235,-0.02556907354171693,0.0,0.35316,-0.019620000000000002,9.819809999999999
34186868345,21.65,0.06497860805174888,-0.014905111812031574,-0.002129301687433082,0.3924,-0.04905,9.96696
34191918850,21.65,0.06923721142661506,-0.004258603374866164,0.0,0.41202000000000005,-0.06867000000000001,9.99639
34196969355,21.65,0.05752605214573309,0.02663372438543347,0.0,0.37278,-0.0981,9.96696
34202019860,21.65,0.04794419455228423,0.05539675045830002,0.0,0.22563,-0.08829,9.87867
34207070365,21.65,0.046879543708567686,0.07349581480148122,0.0,0.13734000000000002,-0.0981,9.81
34212120870,21.65,0.04794419455228423,0.08415977653116657,0.0,-0.02943,-0.07848000000000001,9.7119
34217171375,21.65,0.05646140130201656,0.07030186227033158,0.0,-0.21582,-0.07848000000000001,9.751140000000001
34222221880,21.65,0.05859070298944965,0.04153883619746504,0.0,-0.31392000000000003,-0.08829,9.770760000000001
34227272385,21.65,0.06604325889546543,0.002129301687433082,0.0,-0.33354000000000006,-0.05886,9.92772
34232322890,21.65,0.05965535383316618,-0.03621558197888234,0.0,-0.27468000000000004,-0.08829,9.95715
34237373395,21.65,0.05859070298944965,-0.05220279792715039,0.0,-0.20601000000000003,-0.07848000000000001,9.89829
34242423900,21.65,0.060720004676882725,-0.05646140130201656,0.0,-0.019620000000000002,-0.04905,9.7119
34247474405,21.65,0.06497860805174888,-0.05220279792715039,0.0,0.0981,-0.04905,9.58437
34252524910,21.65,0.0756251164889143,-0.046879543708567686,0.0,0.20601000000000003,0.0,9.60399
34257575415,21.65,0.07777187146886733,-0.046879543708567686,0.0,0.31392000000000003,0.009810000000000001,9.64323
34262625920,21.65,0.07243116395776468,-0.04153883619746504,0.0,0.37278,0.009810000000000001,9.78057
34267676425,21.65,0.06604325889546543,-0.01811651763570114,0.0,0.40221,0.009810000000000001,9.888480000000001
34272726930,21.65,0.06178465552059926,0.012775810124598492,0.0,0.3924,0.0,9.96696
34277777435,21.65,0.05965535383316618,0.03408628029144926,0.0,0.2943,0.009810000000000001,10.03563
34282827940,21.65,0.06178465552059926,0.05113814708343386,0.0,0.23544,0.0,9.908100000000001
34287878445,21.65,0.05752605214573309,0.05752605214573309,0.0,0.10791,-0.009810000000000001,9.73152
34292928950,21.65,0.05646140130201656,0.05965535383316618,0.0,0.0,0.0,9.70209
34297979455,21.65,0.05752605214573309,0.054332099614583476,0.0,-0.11772,0.0,9.60399
34303029960,21.65,0.05007349623971732,0.03834488366631542,0.0,-0.18639,-0.02943,9.74133
34308080465,21.65,0.05007349623971732,0.006387905062299246,0.0,-0.24525000000000002,-0.019620000000000002,9.92772
34313130970,21.65,0.05113814708343386,-0.01811651763570114,0.0,-0.23544,-0.019620000000000002,9.97677
34318181475,21.65,0.05965535383316618,-0.03515093113516579,0.0,-0.15696000000000002,-0.039240000000000004,9.937529999999999
34323231980,21.65,0.060720004676882725,-0.04260348704118158,0.0,-0.05886,-0.019620000000000002,9.79038
34328282485,21.65,0.06817256058289851,-0.03834488366631542,0.0,0.04905,-0.009810000000000001,9.6138
34333332990,21.65,0.06391395720803235,-0.03515093113516579,0.0,0.15696000000000002,0.019620000000000002,9.56475
34338383495,21.65,0.06497860805174888,-0.024504422698000388,0.0,0.22563,0.019620000000000002,9.65304
34343434000,21.65,0.06391395720803235,-0.01064650843716541,0.0,0.24525000000000002,0.02943,9.83943
34348484505,21.65,0.05859070298944965,-0.007452555906015787,0.0,0.1962,0.009810000000000001,9.99639
34353535010,21.65,0.05859070298944965,-0.004258603374866164,0.0,0.20601000000000003,0.019620000000000002,10.11411
34358585515,21.65,0.06497860805174888,-0.002129301687433082,0.0,0.22563,0.02943,10.01601
34363636020,21.65,0.06604325889546543,-0.003193952531149623,0.0,0.20601000000000003,0.009810000000000001,9.82962
34368686525,21.65,0.06710790973918197,0.008517206749732328,0.0,0.23544,0.04905,9.7119
34373737030,21.65,0.06604325889546543,0.033021629447732716,0.0,0.1962,0.039240000000000004,9.6138
34378787535,21.65,0.06391395720803235,0.05113814708343386,0.0,0.0981,0.04905,9.69228
34383838040,21.65,0.05965535383316618,0.05007349623971732,0.0,-0.009810000000000001,0.04905,9.80019
34388888545,21.65,0.05539675045830002,0.02769837522915001,0.0,-0.12753,0.02943,9.819809999999999
34393939050,21.65,0.054332099614583476,0.0,0.0,-0.15696000000000002,0.02943,9.85905
34398989555,21.65,0.06817256058289851,-0.0170518667919846,0.0,-0.08829,0.05886,9.86886
34404040060,21.65,0.07990117315630041,-0.024504422698000388,0.0,-0.019620000000000002,0.08829,9.770760000000001
34409090565,21.65,0.07349581480148122,-0.021310470166850764,0.0,0.02943,0.0981,9.72171
34414141070,21.65,0.06391395720803235,-0.012775810124598492,0.0,0.05886,0.08829,9.69228
34419191575,21.65,0.05326744877086694,-0.004258603374866164,0.0,0.06867000000000001,0.0981,9.6138
34424242080,21.65,0.04260348704118158,-0.002129301687433082,0.0,0.08829,0.07848000000000001,9.72171
34429292585,21.65,0.05113814708343386,-0.00958185759344887,0.0,0.08829,0.07848000000000001,9.908100000000001
34434343090,21.65,0.05965535383316618,-0.01811651763570114,0.0,0.08829,0.07848000000000001,10.03563
34439393595,21.65,0.06710790973918197,-0.021310470166850764,0.0,0.12753,0.039240000000000004,10.06506
34444444100,21.65,0.06817256058289851,-0.011711159280881954,0.0,0.17658,0.019620000000000002,9.95715
34449494605,21.65,0.05752605214573309,0.00958185759344887,0.0,0.1962,0.05886,9.73152
34454545110,21.65,0.05007349623971732,0.022375121010567305,0.0,0.17658,0.019620000000000002,9.623610000000001
34459595615,21.65,0.049008845396000776,0.023439771854283843,0.0,0.10791,0.07848000000000001,9.57456
34464646120,21.65,0.05859070298944965,0.021310470166850764,0.0,0.04905,0.08829,9.70209
34469696625,21.65,0.07349581480148122,0.005323254218582705,0.0,0.009810000000000001,0.10791,9.87867
34474747130,21.65,0.0756251164889143,0.0,0.0,0.009810000000000001,0.0981,9.98658
34479797635,21.65,0.0756251164889143,0.0,0.0,0.0,0.10791,9.95715
34484848140,21.65,0.06497860805174888,0.001064650843716541,0.0,-0.02943,0.10791,9.79038
34489898645,21.65,0.060720004676882725,0.004258603374866164,0.0,0.009810000000000001,0.12753,9.66285
34494949150,21.65,0.060720004676882725,0.006387905062299246,0.0,0.0,0.15696000000000002,9.6138
34499999655,21.65,0.06178465552059926,0.004258603374866164,0.0,0.0,0.13734000000000002,9.64323
34505050160,21.65,0.06923721142661506,-0.002129301687433082,0.0,-0.02943,0.13734000000000002,9.86886
34510100665,21.65,0.06284930636431581,-0.01811651763570114,0.0,-0.02943,0.14715,9.91791
34515151170,21.65,0.05965535383316618,-0.028763026072866547,0.0,0.019620000000000002,0.0981,9.97677
34520201675,21.65,0.054332099614583476,-0.023439771854283843,0.0,0.0981,0.0981,9.91791
34525252180,21.65,0.05113814708343386,-0.0170518667919846,0.0,0.12753,0.0981,9.751140000000001
34530302685,21.65,0.05539675045830002,-0.002129301687433082,0.0,0.17658,0.10791,9.7119
34535353190,21.65,0.06178465552059926,0.007452555906015787,0.0,0.15696000000000002,0.11772,9.64323
34540403695,21.65,0.06391395720803235,0.008517206749732328,0.0,0.16677000000000003,0.13734000000000002,9.60399
34545454200,21.65,0.06497860805174888,0.007452555906015787,0.0,0.12753,0.15696000000000002,9.68247
34550504705,21.65,0.06710790973918197,0.014905111812031574,0.0,0.08829,0.18639,9.760950000000001
34555555210,21.65,0.06497860805174888,0.020245819323134222,0.0,0.019620000000000002,0.12753,9.888480000000001
34560605715,21.65,0.05965535383316618,0.01918116847941768,0.0,-0.039240000000000004,0.15696000000000002,9.91791
34565656220,21.65,0.05965535383316618,0.014905111812031574,0.0,-0.04905,0.14715,9.81
34570706725,21.65,0.060720004676882725,0.011711159280881954,0.0,-0.06867000000000001,0.17658,9.70209
34575757230,21.65,0.05859070298944965,0.0,0.0,-0.07848000000000001,0.1962,9.65304
34580807735,21.65,0.06497860805174888,-0.004258603374866164,0.0,-0.02943,0.17658,9.73152
34585858240,21.65,0.05646140130201656,-0.01064650843716541,0.0,-0.02943,0.1962,9.819809999999999
34590908745,21.65,0.054332099614583476,-0.01918116847941768,0.0,-0.009810000000000001,0.16677000000000003,9.91791
34595959250,21.65,0.05220279792715039,-0.021310470166850764,0.0,0.019620000000000002,0.16677000000000003,9.937529999999999
34601009755,21.65,0.049008845396000776,-0.0170518667919846,0.0,0.06867000000000001,0.14715,9.89829
34606060260,21.65,0.05113814708343386,-0.014905111812031574,0.0,0.11772,0.14715,9.87867
34611110765,21.65,0.060720004676882725,-0.00958185759344887,0.0,0.15696000000000002,0.13734000000000002,9.79038
34616161270,21.65,0.06284930636431581,0.002129301687433082,0.0,0.13734000000000002,0.16677000000000003,9.7119
34621211775,21.65,0.06284930636431581,0.002129301687433082,0.0,0.17658,0.17658,9.64323
34626262280,21.65,0.07136651311404815,0.005323254218582705,0.0,0.13734000000000002,0.24525000000000002,9.7119
34631312785,21.65,0.06710790973918197,0.01064650843716541,0.0,0.11772,0.25506,9.79038
34636363290,21.65,0.060720004676882725,0.011711159280881954,0.0,0.08829,0.26487,9.92772
34641413795,21.65,0.06284930636431581,0.021310470166850764,0.0,0.039240000000000004,0.15696000000000002,9.92772
34646464300,21.65,0.06497860805174888,0.01918116847941768,0.0,-0.019620000000000002,0.1962,9.80019
34651514805,21.65,0.05646140130201656,0.014905111812031574,0.0,-0.04905,0.17658,9.770760000000001
34656565310,21.65,0.060720004676882725,0.011711159280881954,0.0,-0.05886,0.17658,9.70209
34661615815,21.65,0.05326744877086694,0.01064650843716541,0.0,-0.07848000000000001,0.20601000000000003,9.69228
34666666320,21.65,0.06391395720803235,0.003193952531149623,0.0,-0.07848000000000001,0.23544,9.819809999999999
34671716825,21.65,0.06710790973918197,-0.00958185759344887,0.0,-0.06867000000000001,0.24525000000000002,9.86886
34676767330,21.65,0.05965535383316618,-0.023439771854283843,0.0,-0.019620000000000002,0.25506,9.86886
34681817835,21.65,0.05646140130201656,-0.031956978604016174,0.0,0.04905,0.22563,9.81
34686868340,21.65,0.054332099614583476,-0.01811651763570114,0.0,0.10791,0.18639,9.72171
34691918845,21.65,0.05220279792715039,0.0,0.0,0.10791,0.20601000000000003,9.69228
34696969350,21.65,0.060720004676882725,0.005323254218582705,0.0,0.0981,0.27468000000000004,9.66285
34702019855,21.65,0.06284930636431581,0.002129301687433082,0.0,0.0981,0.2943,9.65304
34707070360,21.65,0.05646140130201656,-0.007452555906015787,0.0,0.12753,0.35316,9.72171
34712120865,21.65,0.05220279792715039,-0.005323254218582705,0.0,0.18639,0.30411,9.80019
34717171370,21.65,0.04794419455228423,0.015987215948268057,0.0,0.08829,0.17658,9.86886
34722221875,21.65,0.04260348704118158,0.023439771854283843,0.0,0.06867000000000001,0.14715,9.83943
34727272380,21.65,0.04260348704118158,0.013840460968315033,0.0,-0.019620000000000002,0.13734000000000002,9.908100000000001
34732322885,21.65,0.05007349623971732,0.005323254218582705,0.0,-0.019620000000000002,0.17658,9.87867
34737373390,21.65,0.06178465552059926,-0.007452555906015787,0.0,0.0,0.15696000000000002,9.751140000000001
34742423895,21.65,0.06923721142661506,0.0,0.0,0.009810000000000001,0.27468000000000004,9.81
34747474400,21.65,0.07670722062515077,0.007452555906015787,0.0,0.039240000000000004,0.32373,9.819809999999999
34752524905,21.65,0.06604325889546543,0.00958185759344887,0.0,0.0,0.31392000000000003,9.89829
34757575410,21.65,0.05752605214573309,-0.005323254218582705,0.0,0.0,0.28449,9.78057
34762625915,21.65,0.05539675045830002,-0.004258603374866164,0.0,-0.009810000000000001,0.27468000000000004,9.751140000000001
34767676420,21.65,0.05646140130201656,0.0,0.0,0.0,0.28449,9.70209
34772726925,21.65,0.06284930636431581,0.00958185759344887,0.0,0.009810000000000001,0.33354000000000006,9.78057
34777777430,21.65,0.060720004676882725,0.013840460968315033,0.0,-0.019620000000000002,0.31392000000000003,9.770760000000001
34782827935,21.65,0.05859070298944965,-0.002129301687433082,0.0,0.0,0.34335000000000004,9.65304
34787878440,21.65,0.05326744877086694,-0.014905111812031574,0.0,0.0,0.35316,9.7119
34792928945,21.65,0.04794419455228423,-0.011711159280881954,0.0,0.06867000000000001,0.33354000000000006,9.73152
34797979450,21.65,0.04260348704118158,-0.002129301687433082,0.0,0.07848000000000001,0.25506,9.81
34803029955,21.65,0.04366813788489812,0.004258603374866164,0.0,0.019620000000000002,0.17658,9.937529999999999
34808080460,21.65,0.049008845396000776,0.0,0.0,0.0,0.15696000000000002,9.84924
34813130965,21.65,0.05539675045830002,-0.002129301687433082,0.0,0.0,0.16677000000000003,9.81
34818181470,21.65,0.06497860805174888,-0.005323254218582705,0.0,0.019620000000000002,0.28449,9.770760000000001
34823231975,21.65,0.07243116395776468,0.002129301687433082,0.0,0.04905,0.38259000000000004,9.7119
34828282480,21.65,0.06710790973918197,0.01064650843716541,0.0,0.06867000000000001,0.3924,9.770760000000001
34833332985,21.65,0.060720004676882725,0.007452555906015787,0.0,0.02943,0.36297,9.70209
34838383490,21.65,0.049008845396000776,0.002129301687433082,0.0,0.019620000000000002,0.36297,9.70209
34843433995,21.65,0.05007349623971732,-0.003193952531149623,0.0,0.0,0.38259000000000004,9.72171
34848484500,21.65,0.05007349623971732,-0.005323254218582705,0.0,0.039240000000000004,0.35316,9.760950000000001
34853535005,21.65,0.04794419455228423,0.003193952531149623,0.0,0.039240000000000004,0.30411,9.81
34858585510,21.65,0.049008845396000776,0.001064650843716541,0.0,-0.009810000000000001,0.28449,9.72171
34863636015,21.65,0.05326744877086694,0.0,0.0,0.019620000000000002,0.28449,9.72171
34868686520,21.65,0.054332099614583476,0.0,0.0,-0.009810000000000001,0.32373,9.73152
34873737025,21.65,0.04794419455228423,0.0,0.0,-0.009810000000000001,0.33354000000000006,9.770760000000001
34878787530,21.65,0.05220279792715039,0.008517206749732328,0.0,-0.009810000000000001,0.32373,9.94734
34883838035,21.65,0.054332099614583476,0.005323254218582705,0.0,-0.039240000000000004,0.27468000000000004,9.91791
34888888540,21.65,0.05646140130201656,-0.002129301687433082,0.0,-0.04905,0.25506,9.888480000000001
34893939045,21.65,0.06284930636431581,-0.006387905062299246,0.0,-0.02943,0.28449,9.819809999999999
34898989550,21.65,0.06178465552059926,-0.006387905062299246,0.0,-0.009810000000000001,0.34335000000000004,9.73152
34904040055,21.65,0.05539675045830002,-0.001064650843716541,0.0,0.009810000000000001,0.40221,9.74133
34909090560,21.65,0.05752605214573309,0.005323254218582705,0.0,0.019620000000000002,0.41202000000000005,9.760950000000001
34914141065,21.65,0.05646140130201656,0.00958185759344887,0.0,0.019620000000000002,0.37278,9.770760000000001
34919191570,21.65,0.049008845396000776,0.0,0.0,0.0,0.37278,9.751140000000001
34924242075,21.65,0.046879543708567686,-0.001064650843716541,0.0,-0.009810000000000001,0.36297,9.79038
34929292580,21.65,0.054332099614583476,0.002129301687433082,0.0,0.0,0.33354000000000006,9.760950000000001
34934343085,21.65,0.05220279792715039,-0.002129301687433082,0.0,0.0,0.36297,9.751140000000001
34939393590,21.65,0.05539675045830002,0.0,0.0,0.0,0.36297,9.74133
34944444095,21.65,0.05220279792715039,0.0,0.0,0.019620000000000002,0.34335000000000004,9.73152
34949494600,21.65,0.04794419455228423,-0.005323254218582705,0.0,0.009810000000000001,0.3924,9.68247
34954545105,21.65,0.04794419455228423,-0.005323254218582705,0.0,0.04905,0.41202000000000005,9.80019
34959595610,21.65,0.04794419455228423,-0.011711159280881954,0.0,0.02943,0.38259000000000004,9.82962
34964646115,21.65,0.04581489286485115,-0.003193952531149623,0.0,0.04905,0.32373,9.84924
34969696620,21.65,0.04794419455228423,0.002129301687433082,0.0,0.06867000000000001,0.31392000000000003,9.87867
34974747125,21.65,0.05326744877086694,0.012775810124598492,0.0,0.02943,0.22563,9.79038
34979797630,21.65,0.05646140130201656,0.014905111812031574,0.0,0.0,0.28449,9.7119
34984848135,21.65,0.06284930636431581,0.01811651763570114,0.0,-0.02943,0.37278,9.7119
34989898640,21.65,0.06284930636431581,0.01064650843716541,0.0,-0.039240000000000004,0.48069000000000006,9.66285
34994949145,21.65,0.06284930636431581,0.004258603374866164,0.0,0.0,0.57879,9.74133
34999999650,21.65,0.06178465552059926,0.01064650843716541,0.0,0.0,0.51993,9.770760000000001
35005050155,21.65,0.049008845396000776,0.014905111812031574,0.0,-0.06867000000000001,0.43164,9.72171
35010100660,21.65,0.03728023282259888,0.0,0.0,-0.14715,0.36297,9.66285
35015151165,21.65,0.03728023282259888,-0.008517206749732328,0.0,-0.08829,0.33354000000000006,9.70209
35020201670,21.65,0.03515093113516579,-0.022375121010567305,0.0,-0.06867000000000001,0.40221,9.74133
35025252175,21.65,0.04153883619746504,-0.022375121010567305,0.0,0.009810000000000001,0.43164,9.82962
35030302680,21.65,0.05007349623971732,-0.00958185759344887,0.0,0.07848000000000001,0.44145,9.888480000000001
35035353185,21.65,0.05220279792715039,-0.007452555906015787,0.0,0.06867000000000001,0.37278,9.83943
35040403690,21.65,0.0404741853537485,-0.007452555906015787,0.0,0.06867000000000001,0.33354000000000006,9.82962
35045454195,21.65,0.03728023282259888,-0.00958185759344887,0.0,0.039240000000000004,0.23544,9.81
35050504700,21.65,0.04153883619746504,0.002129301687433082,0.0,0.04905,0.30411,9.81
35055555205,21.65,0.05965535383316618,0.011711159280881954,0.0,0.02943,0.3924,9.888480000000001
35060605710,21.65,0.07136651311404815,0.023439771854283843,0.0,0.009810000000000001,0.46107000000000004,9.888480000000001
35065656215,21.65,0.0756251164889143,0.008517206749732328,0.0,0.0,0.51012,9.819809999999999
35070706720,21.65,0.06604325889546543,-0.002129301687433082,0.0,0.009810000000000001,0.51993,9.74133
35075757225,21.65,0.046879543708567686,-0.001064650843716541,0.0,0.02943,0.49050000000000005,9.65304
35080807730,21.65,0.04366813788489812,0.0,0.0,0.04905,0.50031,9.60399
35085858235,21.65,0.044732788728614664,0.01064650843716541,0.0,0.019620000000000002,0.49050000000000005,9.74133
35090908740,21.65,0.04794419455228423,0.014905111812031574,0.0,-0.04905,0.47088,9.81
35095959245,21.65,0.054332099614583476,0.011711159280881954,0.0,-0.05886,0.40221,9.760950000000001
35101009750,21.65,0.046879543708567686,0.013840460968315033,0.0,-0.10791,0.38259000000000004,9.74133
35106060255,21.65,0.04153883619746504,0.0170518667919846,0.0,-0.14715,0.33354000000000006,9.7119
35111110760,21.65,0.04260348704118158,0.01811651763570114,0.0,-0.18639,0.38259000000000004,9.72171
35116161265,21.65,0.05007349623971732,0.004258603374866164,0.0,-0.1962,0.51012,9.82962
35121211770,21.65,0.05646140130201656,-0.0170518667919846,0.0,-0.16677000000000003,0.5493600000000001,9.89829
35126262275,21.65,0.054332099614583476,-0.02769837522915001,0.0,-0.019620000000000002,0.56898,9.937529999999999
35131312780,21.65,0.046879543708567686,-0.028763026072866547,0.0,-0.009810000000000001,0.45126,9.888480000000001
35136363285,21.65,0.044732788728614664,-0.023439771854283843,0.0,0.04905,0.42183,9.72171
35141413790,21.65,0.03515093113516579,-0.023439771854283843,0.0,0.10791,0.41202000000000005,9.64323
35146464295,21.65,0.03621558197888234,-0.028763026072866547,0.0,0.15696000000000002,0.41202000000000005,9.70209
35151514800,21.65,0.03728023282259888,-0.012775810124598492,0.0,0.23544,0.42183,9.74133
35156565305,21.65,0.04260348704118158,0.015987215948268057,0.0,0.17658,0.40221,9.79038
35161615810,21.65,0.05539675045830002,0.031956978604016174,0.0,0.07848000000000001,0.3924,9.760950000000001
35166666315,21.65,0.06284930636431581,0.04153883619746504,0.0,0.019620000000000002,0.44145,9.81
35171716820,21.65,0.06178465552059926,0.03089232776029963,0.0,-0.08829,0.46107000000000004,9.770760000000001
35176767325,21.65,0.05859070298944965,0.021310470166850764,0.0,-0.14715,0.51993,9.67266
35181817830,21.65,0.060720004676882725,0.02556907354171693,0.0,-0.17658,0.56898,9.65304
35186868335,21.65,0.054332099614583476,0.023439771854283843,0.0,-0.14715,0.6180300000000001,9.65304
35191918840,21.65,0.05220279792715039,0.014905111812031574,0.0,-0.18639,0.6670800000000001,9.70209
35196969345,21.65,0.04366813788489812,0.004258603374866164,0.0,-0.22563,0.5886,9.819809999999999
35202019850,21.65,0.02982767691658309,-0.024504422698000388,0.0,-0.26487,0.48069000000000006,9.80019
35207070355,21.65,0.0170518667919846,-0.03834488366631542,0.0,-0.13734000000000002,0.38259000000000004,9.84924
35212120860,21.65,0.01811651763570114,-0.039409534510031964,0.0,-0.04905,0.32373,9.83943
35217171365,21.65,0.03089232776029963,-0.039409534510031964,0.0,0.009810000000000001,0.43164,9.770760000000001
35222221870,21.65,0.04794419455228423,-0.03728023282259888,0.0,0.15696000000000002,0.51012,9.937529999999999
35227272375,21.65,0.05752605214573309,-0.01918116847941768,0.0,0.25506,0.45126,9.86886
35232322880,21.65,0.046879543708567686,-0.003193952531149623,0.0,0.22563,0.41202000000000005,9.68247
35237373385,21.65,0.046879543708567686,0.02982767691658309,0.0,0.18639,0.33354000000000006,9.70209
35242423890,21.65,0.049008845396000776,0.044732788728614664,0.0,0.02943,0.3924,9.67266
35247474395,21.65,0.05113814708343386,0.03728023282259888,0.0,-0.04905,0.5395500000000001,9.74133
35252524900,21.65,0.07136651311404815,0.020245819323134222,0.0,-0.08829,0.6670800000000001,9.84924
35257575405,21.65,0.07136651311404815,0.006387905062299246,0.0,-0.07848000000000001,0.73575,9.82962
35262625910,21.65,0.060720004676882725,0.003193952531149623,-0.005323254218582705,-0.04905,0.71613,9.70209
35267676415,21.65,0.05113814708343386,0.021310470166850764,-0.004258603374866164,-0.06867000000000001,0.5591700000000001,9.6138
35272726920,21.65,0.02982767691658309,0.02663372438543347,-0.001064650843716541,-0.18639,0.43164,9.53532
35277777425,21.65,0.01918116847941768,0.0170518667919846,-0.001064650843716541,-0.27468000000000004,0.43164,9.60399
35282827930,21.65,0.024504422698000388,0.002129301687433082,-0.001064650843716541,-0.28449,0.46107000000000004,9.819809999999999
35287878435,21.65,0.03408628029144926,-0.022375121010567305,0.002129301687433082,-0.23544,0.5493600000000001,9.95715
35292928940,21.65,0.05220279792715039,-0.04581489286485115,0.0,-0.16677000000000003,0.6278400000000001,9.937529999999999
35297979445,21.65,0.05326744877086694,-0.05326744877086694,-0.002129301687433082,0.07848000000000001,0.60822,9.96696
35303029950,21.65,0.04260348704118158,-0.046879543708567686,0.0,0.13734000000000002,0.5493600000000001,9.78057
35308080455,21.65,0.028763026072866547,-0.023439771854283843,-0.004258603374866164,0.1962,0.44145,9.57456
35313130960,21.65,0.03089232776029963,0.01811651763570114,-0.003193952531149623,0.18639,0.33354000000000006,9.69228
35318181465,21.65,0.02982767691658309,0.044732788728614664,0.0,0.009810000000000001,0.32373,9.64323
35323231970,21.65,0.044732788728614664,0.05113814708343386,-0.001064650843716541,-0.15696000000000002,0.43164,9.79038
35328282475,21.65,0.07136651311404815,0.0404741853537485,0.002129301687433082,-0.14715,0.56898,9.87867
35333332980,21.65,0.07030186227033158,0.002129301687433082,-0.001064650843716541,-0.17658,0.75537,9.86886
35338383485,21.65,0.06817256058289851,-0.022375121010567305,0.0,-0.08829,0.84366,9.81
35343433990,21.65,0.05646140130201656,-0.021310470166850764,-0.001064650843716541,0.06867000000000001,0.7651800000000001,9.751140000000001
35348484495,21.65,0.03728023282259888,-0.014905111812031574,0.0,0.039240000000000004,0.56898,9.59418
35353535000,21.65,0.013840460968315033,0.002129301687433082,-0.002129301687433082,0.009810000000000001,0.46107000000000004,9.50589
35358585505,21.65,0.01811651763570114,0.02769837522915001,-0.003193952531149623,-0.06867000000000001,0.36297,9.65304
35363636010,21.65,0.033021629447732716,0.04366813788489812,0.001064650843716541,-0.24525000000000002,0.32373,9.74133
35368686515,21.65,0.03621558197888234,0.04153883619746504,0.0,-0.30411,0.46107000000000004,9.82962
35373737020,21.65,0.05539675045830002,0.012775810124598492,0.002129301687433082,-0.34335000000000004,0.59841,9.92772
35378787525,21.65,0.060720004676882725,-0.031956978604016174,0.003193952531149623,-0.31392000000000003,0.79461,9.95715
35383838030,21.65,0.054332099614583476,-0.07883652231258387,-0.001064650843716541,-0.039240000000000004,0.95157,9.87867
35388888535,21.65,0.03834488366631542,-0.09054768159346581,0.0,0.21582,0.7848,9.87867
35393939040,21.65,0.01918116847941768,-0.05646140130201656,0.0,0.36297,0.48069000000000006,9.64323
35398989545,21.65,0.001064650843716541,-0.004258603374866164,0.0,0.33354000000000006,0.22563,9.50589
35404040050,21.65,0.006387905062299246,0.04153883619746504,0.002129301687433082,0.08829,0.13734000000000002,9.633420000000001
35409090555,21.65,0.031956978604016174,0.06604325889546543,0.001064650843716541,-0.04905,0.20601000000000003,9.84924
35414141060,21.65,0.05646140130201656,0.06923721142661506,-0.002129301687433082,-0.14715,0.3924,9.888480000000001
35419191565,21.65,0.08309512568745003,0.06284930636431581,-0.001064650843716541,-0.27468000000000004,0.64746,9.98658
35424242070,21.65,0.09374163412461543,0.04366813788489812,-0.003193952531149623,-0.33354000000000006,0.87309,9.89829
35429292575,21.65,0.09267698328089889,0.015987215948268057,-0.001064650843716541,-0.32373,0.94176,9.84924
35434343080,21.65,0.06497860805174888,-0.006387905062299246,0.0,-0.34335000000000004,0.90252,9.65304
35439393585,21.65,0.02982767691658309,-0.028763026072866547,0.0,-0.21582,0.8142300000000001,9.50589
35444444090,21.65,0.005323254218582705,-0.05326744877086694,-0.001064650843716541,-0.12753,0.71613,9.44703
35449494595,21.65,-0.001064650843716541,-0.06604325889546543,0.003193952531149623,0.009810000000000001,0.65727,9.56475
35454545100,21.65,-0.003193952531149623,-0.05752605214573309,0.0,0.15696000000000002,0.5886,9.7119
35459595605,21.65,0.006387905062299246,-0.05326744877086694,0.0,0.21582,0.47088,9.819809999999999
35464646110,21.65,0.00958185759344887,-0.022375121010567305,-0.001064650843716541,0.26487,0.30411,9.89829
35469696615,21.65,0.028763026072866547,0.003193952531149623,-0.002129301687433082,0.18639,0.20601000000000003,9.81
35474747120,21.65,0.033021629447732716,0.046879543708567686,-0.002129301687433082,0.04905,0.21582,9.87867
35479797625,21.65,0.05646140130201656,0.07456046564519776,0.0,-0.07848000000000001,0.34335000000000004,9.85905
35484848130,21.65,0.08096582400001695,0.09480628496833199,0.0,-0.23544,0.60822,9.82962
35489898635,21.65,0.09480628496833199,0.08415977653116657,-0.001064650843716541,-0.41202000000000005,0.89271,9.78057
35494949140,21.65,0.10012953918691468,0.05326744877086694,0.0,-0.48069000000000006,1.0791000000000002,9.79038
35499999645,21.65,0.06817256058289851,0.008517206749732328,0.001064650843716541,-0.45126,1.03986,9.751140000000001
35505050150,21.65,0.03089232776029963,-0.03621558197888234,0.002129301687433082,-0.40221,0.8829,9.67266
35510100655,21.65,-0.001064650843716541,-0.06817256058289851,0.0,-0.27468000000000004,0.74556,9.59418
35515151160,21.65,-0.011711159280881954,-0.09480628496833199,0.004258603374866164,-0.11772,0.59841,9.73152
35520201665,21.65,-0.014905111812031574,-0.11292280260403312,-0.001064650843716541,0.12753,0.52974,9.84924
35525252170,21.65,-0.008517206749732328,-0.09480628496833199,-0.001064650843716541,0.33354000000000006,0.34335000000000004,9.888480000000001
35530302675,21.65,0.008517206749732328,-0.06178465552059926,0.0,0.48069000000000006,0.27468000000000004,9.760950000000001
35535353180,21.65,0.02769837522915001,-0.02663372438543347,0.0,0.52974,0.31392000000000003,9.73152
35540403685,21.65,0.04153883619746504,0.012775810124598492,-0.004258603374866164,0.49050000000000005,0.3924,9.67266
35545454190,21.65,0.06178465552059926,0.054332099614583476,-0.001064650843716541,0.41202000000000005,0.51012,9.760950000000001
35550504695,21.65,0.07777187146886733,0.09161233243718235,-0.005323254218582705,0.17658,0.6768900000000001,9.751140000000001
35555555200,21.65,0.08735372906231618,0.11079350091660004,-0.003193952531149623,-0.039240000000000004,0.73575,9.760950000000001
35560605705,21.65,0.08203047484373349,0.11824605682261582,-0.001064650843716541,-0.23544,0.8142300000000001,9.74133
35565656210,21.65,0.07456046564519776,0.10119419003063122,0.0,-0.46107000000000004,0.86328,9.57456
35570706715,21.65,0.06497860805174888,0.07243116395776468,0.0,-0.60822,0.9613800000000001,9.5157
35575757220,21.65,0.039409534510031964,0.0404741853537485,0.0,-0.6768900000000001,0.9319500000000001,9.6138
35580807725,21.65,0.01918116847941768,0.0,0.0,-0.69651,0.8142300000000001,9.633420000000001
35585858230,21.65,0.003193952531149623,-0.04366813788489812,0.0,-0.64746,0.73575,9.72171
35590908735,21.65,-0.002129301687433082,-0.08203047484373349,0.002129301687433082,-0.48069000000000006,0.6670800000000001,9.86886
35595959240,21.65,-0.007452555906015787,-0.11398745344774965,0.001064650843716541,-0.24525000000000002,0.56898,9.95715
35601009745,21.65,-0.011711159280881954,-0.13421581947836395,-0.002129301687433082,0.0,0.52974,9.95715
35606060250,21.65,0.0,-0.12037535851004891,0.0,0.36297,0.46107000000000004,9.888480000000001
35611110755,21.65,0.005323254218582705,-0.07883652231258387,-0.001064650843716541,0.5591700000000001,0.44145,9.770760000000001
35616161260,21.65,0.01918116847941768,-0.031956978604016174,-0.002129301687433082,0.63765,0.3924,9.7119
35621211765,21.65,0.03089232776029963,0.013840460968315033,-0.002129301687433082,0.6180300000000001,0.40221,9.79038
35626262270,21.65,0.044732788728614664,0.05007349623971732,-0.004258603374866164,0.43164,0.44145,9.82962
35631312775,21.65,0.06497860805174888,0.07990117315630041,0.0,0.2943,0.5493600000000001,9.82962
35636363280,21.65,0.07349581480148122,0.09693558665576507,-0.003193952531149623,0.05886,0.6278400000000001,9.86886
35641413785,21.65,0.07777187146886733,0.09267698328089889,-0.004258603374866164,-0.11772,0.72594,9.819809999999999
35646464290,21.65,0.08203047484373349,0.07136651311404815,-0.001064650843716541,-0.25506,0.85347,9.67266
35651514795,21.65,0.07030186227033158,0.05326744877086694,-0.002129301687433082,-0.32373,0.9908100000000001,9.6138
35656565300,21.65,0.049008845396000776,0.02556907354171693,-0.003193952531149623,-0.35316,1.02024,9.53532
35661615805,21.65,0.03089232776029963,-0.002129301687433082,0.001064650843716541,-0.33354000000000006,0.9613800000000001,9.56475
35666666310,21.65,0.01064650843716541,-0.020245819323134222,0.0,-0.32373,0.7848,9.64323
35671716815,21.65,-0.003193952531149623,-0.03621558197888234,0.0,-0.27468000000000004,0.63765,9.64323
35676767320,21.65,-0.002129301687433082,-0.049008845396000776,0.0,-0.21582,0.5493600000000001,9.69228
35681817825,21.65,0.003193952531149623,-0.05326744877086694,0.002129301687433082,-0.11772,0.45126,9.819809999999999
35686868330,21.65,0.012775810124598492,-0.05646140130201656,0.0,0.0,0.5395500000000001,9.78057
35691918835,21.65,0.02769837522915001,-0.054332099614583476,0.0,0.13734000000000002,0.6867000000000001,9.72171
35696969340,21.65,0.031956978604016174,-0.04260348704118158,-0.001064650843716541,0.30411,0.7848,9.72171
35702019845,21.65,0.03089232776029963,-0.02982767691658309,0.001064650843716541,0.44145,0.71613,9.74133
35707070350,21.65,0.01918116847941768,-0.004258603374866164,-0.001064650843716541,0.43164,0.60822,9.751140000000001
35712120855,21.65,0.01918116847941768,0.024504422698000388,-0.001064650843716541,0.2943,0.49050000000000005,9.751140000000001
35717171360,21.65,0.0170518667919846,0.04153883619746504,0.0,0.13734000000000002,0.43164,9.83943
35722221865,21.65,0.031956978604016174,0.049008845396000776,-0.003193952531149623,0.0,0.48069000000000006,9.99639
35727272370,21.65,0.05007349623971732,0.05007349623971732,-0.001064650843716541,-0.06867000000000001,0.5395500000000001,10.025820000000001
35732322875,21.65,0.06923721142661506,0.05007349623971732,0.0,-0.17658,0.6768900000000001,9.91791
35737373380,21.65,0.06497860805174888,0.044732788728614664,-0.006387905062299246,-0.23544,0.86328,9.81
35742423885,21.65,0.060720004676882725,0.046879543708567686,-0.002129301687433082,-0.2943,0.89271,9.81
35747474390,21.65,0.04581489286485115,0.05220279792715039,-0.003193952531149623,-0.43164,0.7749900000000001,9.83943
35752524895,21.65,0.02982767691658309,0.05326744877086694,0.0,-0.5395500000000001,0.65727,9.81
35757575400,21.65,0.02663372438543347,0.0404741853537485,0.0,-0.6768900000000001,0.5493600000000001,9.84924
35762625905,21.65,0.02769837522915001,0.01811651763570114,0.0,-0.73575,0.59841,9.82962
35767676410,21.65,0.04581489286485115,-0.005323254218582705,0.002129301687433082,-0.6670800000000001,0.74556,9.80019
35772726915,21.65,0.05646140130201656,-0.03515093113516579,0.001064650843716541,-0.5493600000000001,0.89271,9.7119
35777777420,21.65,0.046879543708567686,-0.06923721142661506,0.0,-0.37278,1.03986,9.60399
35782827925,21.65,0.031956978604016174,-0.09906488834319814,0.0,-0.10791,1.10853,9.53532
35787878430,21.65,0.005323254218582705,-0.1097288500728835,0.0,0.15696000000000002,0.9810000000000001,9.4176
35792928935,21.65,-0.01811651763570114,-0.09161233243718235,0.003193952531149623,0.35316,0.84366,9.47646
35797979440,21.65,-0.031956978604016174,-0.08309512568745003,-0.002129301687433082,0.52974,0.57879,9.58437
35803029945,21.65,-0.03089232776029963,-0.06284930636431581,-0.002129301687433082,0.6278400000000001,0.32373,9.68247
35808080450,21.65,-0.015987215948268057,-0.03515093113516579,-0.002129301687433082,0.64746,0.2943,9.633420000000001
35813130955,21.65,0.0170518667919846,0.002129301687433082,-0.002129301687433082,0.5886,0.33354000000000006,9.623610000000001
35818181460,21.65,0.05113814708343386,0.03834488366631542,-0.002129301687433082,0.5493600000000001,0.5591700000000001,9.623610000000001
35823231965,21.65,0.06923721142661506,0.07456046564519776,-0.003193952531149623,0.44145,0.7848,9.69228
35828282470,21.65,0.07456046564519776,0.09906488834319814,-0.003193952531149623,0.23544,0.8829,9.67266
35833332975,21.65,0.06391395720803235,0.11185815176031658,0.0,-0.04905,0.9123300000000001,9.73152
35838383480,21.65,0.04366813788489812,0.10653489754173388,-0.002129301687433082,-0.26487,0.86328,9.7119
35843433985,21.65,0.03408628029144926,0.09480628496833199,-0.003193952531149623,-0.47088,0.8142300000000001,9.74133
35848484490,21.65,0.01811651763570114,0.0756251164889143,0.0,-0.6768900000000001,0.79461,9.80019
35853534995,21.65,0.021310470166850764,0.0170518667919846,-0.002129301687433082,-0.75537,0.80442,9.84924
35858585500,21.65,0.01811651763570114,-0.03089232776029963,0.0,-0.65727,0.8142300000000001,9.92772
35863636005,21.65,0.011711159280881954,-0.05859070298944965,0.0,-0.52974,0.73575,9.89829
35868686510,21.65,0.001064650843716541,-0.07349581480148122,0.001064650843716541,-0.37278,0.70632,9.91791
35873737015,21.65,-0.003193952531149623,-0.08628907821859966,0.0,-0.1962,0.6867000000000001,9.92772
35878787520,21.65,-0.004258603374866164,-0.08735372906231618,0.003193952531149623,0.0,0.65727,9.98658
35883838025,21.65,0.0,-0.08203047484373349,0.0,0.17658,0.6278400000000001,9.99639
35888888530,21.65,0.01064650843716541,-0.07030186227033158,-0.001064650843716541,0.35316,0.5395500000000001,9.94734
35893939035,21.65,0.015987215948268057,-0.028763026072866547,-0.001064650843716541,0.43164,0.45126,9.80019
35898989540,21.65,0.03408628029144926,0.014905111812031574,0.0,0.37278,0.50031,9.6138
35904040045,21.65,0.049008845396000776,0.04366813788489812,0.001064650843716541,0.24525000000000002,0.60822,9.66285
35909090550,21.65,0.05220279792715039,0.05113814708343386,0.0,0.18639,0.79461,9.770760000000001
35914141055,21.65,0.05326744877086694,0.046879543708567686,-0.002129301687433082,0.08829,0.89271,9.760950000000001
35919191560,21.65,0.05752605214573309,0.0404741853537485,-0.001064650843716541,0.019620000000000002,0.94176,9.78057
35924242065,21.65,0.05220279792715039,0.03621558197888234,0.0,-0.06867000000000001,0.94176,9.67266
35929292570,21.65,0.03834488366631542,0.023439771854283843,-0.002129301687433082,-0.12753,0.8240400000000001,9.57456
35934343075,21.65,0.0170518667919846,0.00958185759344887,-0.002129301687433082,-0.1962,0.79461,9.45684
35939393580,21.65,0.012775810124598492,-0.004258603374866164,0.0,-0.17658,0.7848,9.40779
35944444085,21.65,0.011711159280881954,-0.008517206749732328,0.001064650843716541,-0.11772,0.86328,9.48627
35949494590,21.65,0.01918116847941768,0.002129301687433082,-0.001064650843716541,-0.11772,0.89271,9.6138
35954545095,21.65,0.020245819323134222,0.01918116847941768,0.002129301687433082,-0.14715,0.75537,9.73152
35959595600,21.65,0.014905111812031574,0.024504422698000388,-0.002129301687433082,-0.24525000000000002,0.63765,9.64323
35964646105,21.65,0.007452555906015787,0.024504422698000388,-0.001064650843716541,-0.30411,0.5493600000000001,9.66285
35969696610,21.65,0.004258603374866164,0.0170518667919846,0.003193952531149623,-0.42183,0.5493600000000001,9.73152
35974747115,21.65,0.022375121010567305,-0.001064650843716541,0.002129301687433082,-0.40221,0.8142300000000001,9.74133
35979797620,21.65,0.03089232776029963,-0.02982767691658309,0.003193952531149623,-0.30411,1.01043,9.888480000000001
35984848125,21.65,0.03834488366631542,-0.05965535383316618,0.0,-0.11772,1.19682,9.86886
35989898630,21.65,0.01918116847941768,-0.08628907821859966,0.0,0.14715,1.05948,9.819809999999999
35994949135,21.65,-0.012775810124598492,-0.09374163412461543,0.0,0.33354000000000006,0.8240400000000001,9.70209
35999999640,21.65,-0.044732788728614664,-0.07349581480148122,0.0,0.48069000000000006,0.44145,9.633420000000001
36005050145,21.65,-0.05220279792715039,-0.03515093113516579,0.0,0.43164,0.21582,9.7119
36010100650,21.65,-0.023439771854283843,0.001064650843716541,-0.001064650843716541,0.38259000000000004,0.1962,9.89829
36015151155,21.65,0.01918116847941768,0.039409534510031964,0.0,0.28449,0.2943,10.09449
36020201660,21.65,0.06710790973918197,0.07136651311404815,0.0,0.10791,0.5395500000000001,10.045440000000001
36025252165,21.65,0.09480628496833199,0.09587093581204853,0.0,0.009810000000000001,0.7848,9.91791
36030302670,21.65,0.09587093581204853,0.11079350091660004,-0.003193952531149623,-0.15696000000000002,1.01043,9.73152
36035353175,21.65,0.08415977653116657,0.09800023749948161,-0.002129301687433082,-0.35316,1.21644,9.5157
36040403680,21.65,0.05007349623971732,0.07349581480148122,0.002129301687433082,-0.48069000000000006,1.21644,9.54513
36045454185,21.65,0.01918116847941768,0.021310470166850764,0.0,-0.5493600000000001,1.1477700000000002,9.55494
36050504690,21.65,-0.004258603374866164,-0.03728023282259888,0.002129301687433082,-0.50031,1.01043,9.6138
36055555195,21.65,-0.01918116847941768,-0.07243116395776468,0.002129301687433082,-0.32373,0.8338500000000001,9.760950000000001
36060605700,21.65,-0.02556907354171693,-0.09374163412461543,0.001064650843716541,-0.20601000000000003,0.6867000000000001,9.80019
36065656205,21.65,-0.02556907354171693,-0.09693558665576507,0.002129301687433082,-0.009810000000000001,0.52974,9.7119
36070706710,21.65,-0.021310470166850764,-0.07670722062515077,-0.001064650843716541,0.15696000000000002,0.44145,9.72171
36075757215,21.65,-0.00958185759344887,-0.039409534510031964,0.0,0.24525000000000002,0.47088,9.65304
36080807720,21.65,0.008517206749732328,-0.00958185759344887,0.0,0.28449,0.59841,9.7119
36085858225,21.65,0.03834488366631542,0.008517206749732328,0.001064650843716541,0.30411,0.7848,9.83943
36090908730,21.65,0.04153883619746504,0.012775810124598492,-0.001064650843716541,0.26487,0.90252,9.84924
36095959235,21.65,0.04366813788489812,0.011711159280881954,0.0,0.25506,0.9221400000000001,9.770760000000001
36101009740,21.65,0.022375121010567305,0.02663372438543347,-0.005323254218582705,0.24525000000000002,0.79461,9.70209
36106060245,21.65,0.012775810124598492,0.04581489286485115,-0.001064650843716541,0.08829,0.6670800000000001,9.60399
36111110750,21.65,0.003193952531149623,0.06604325889546543,-0.001064650843716541,-0.10791,0.59841,9.6138
36116161255,21.65,0.013840460968315033,0.0756251164889143,-0.001064650843716541,-0.28449,0.63765,9.83943
36121211760,21.65,0.028763026072866547,0.054332099614583476,0.0,-0.41202000000000005,0.70632,9.83943
36126262265,21.65,0.03834488366631542,0.022375121010567305,0.0,-0.44145,0.90252,9.86886
36131312770,21.65,0.04153883619746504,-0.011711159280881954,-0.002129301687433082,-0.38259000000000004,1.03005,9.81
36136363275,21.65,0.03621558197888234,-0.04260348704118158,0.001064650843716541,-0.25506,1.0791000000000002,9.67266
36141413780,21.65,0.004258603374866164,-0.06178465552059926,0.0,-0.0981,1.0791000000000002,9.55494
36146464285,21.65,-0.013840460968315033,-0.06923721142661506,0.0,0.07848000000000001,0.9221400000000001,9.56475
36151514790,21.65,-0.031956978604016174,-0.05965535383316618,0.0,0.20601000000000003,0.6867000000000001,9.56475
36156565295,21.65,-0.03728023282259888,-0.033021629447732716,0.0,0.20601000000000003,0.52974,9.65304
36161615800,21.65,-0.02663372438543347,0.005323254218582705,0.0,0.13734000000000002,0.37278,9.79038
36166666305,21.65,0.003193952531149623,0.02663372438543347,0.001064650843716541,0.06867000000000001,0.38259000000000004,9.86886
36171716810,21.65,0.024504422698000388,0.02556907354171693,0.0,-0.009810000000000001,0.57879,9.91791
36176767315,21.65,0.0404741853537485,0.01918116847941768,-0.002129301687433082,-0.009810000000000001,0.8338500000000001,9.97677
36181817820,21.65,0.05113814708343386,0.003193952531149623,-0.001064650843716541,0.02943,0.9810000000000001,9.83943
36186868325,21.65,0.044732788728614664,-0.001064650843716541,-0.003193952531149623,0.11772,1.06929,9.74133
36191918830,21.65,0.02769837522915001,0.00958185759344887,0.0,0.12753,1.01043,9.633420000000001
36196969335,21.65,0.011711159280881954,0.028763026072866547,0.001064650843716541,0.019620000000000002,0.8338500000000001,9.53532
36202019840,21.65,0.001064650843716541,0.039409534510031964,0.0,-0.10791,0.6768900000000001,9.50589
36207070345,21.65,-0.011711159280881954,0.04153883619746504,-0.002129301687433082,-0.20601000000000003,0.59841,9.60399
36212120850,21.65,-0.006387905062299246,0.02982767691658309,0.001064650843716541,-0.32373,0.6768900000000001,9.66285
36217171355,21.65,0.012775810124598492,-0.004258603374866164,-0.002129301687433082,-0.33354000000000006,0.89271,9.81
36222221860,21.65,0.028763026072866547,-0.03728023282259888,0.001064650843716541,-0.17658,1.08891,9.84924
36227272365,21.65,0.020245819323134222,-0.054332099614583476,-0.001064650843716541,0.0,1.08891,9.83943
36232322870,21.65,0.004258603374866164,-0.04581489286485115,0.0,0.13734000000000002,0.9221400000000001,9.65304
36237373375,21.65,-0.013840460968315033,-0.012775810124598492,-0.001064650843716541,0.13734000000000002,0.5591700000000001,9.52551
36242423880,21.65,-0.02663372438543347,0.012775810124598492,0.001064650843716541,0.019620000000000002,0.48069000000000006,9.46665
36247474385,21.65,-0.02663372438543347,0.020245819323134222,-0.002129301687433082,-0.06867000000000001,0.52974,9.67266
36252524890,21.65,0.003193952531149623,0.012775810124598492,0.001064650843716541,-0.0981,0.69651,9.89829
36257575395,21.65,0.02663372438543347,-0.007452555906015787,0.002129301687433082,0.0,0.95157,9.98658
36262625900,21.65,0.03408628029144926,-0.021310470166850764,-0.002129301687433082,0.08829,1.05948,9.95715
36267676405,21.65,0.02556907354171693,-0.013840460968315033,-0.001064650843716541,0.16677000000000003,0.9221400000000001,9.89829
36272726910,21.65,0.004258603374866164,0.0,-0.002129301687433082,0.11772,0.71613,9.633420000000001
36277777415,21.65,-0.015987215948268057,0.014905111812031574,-0.002129301687433082,0.02943,0.56898,9.6138
36282827920,21.65,-0.013840460968315033,0.02982767691658309,0.001064650843716541,-0.0981,0.51993,9.67266
36287878425,21.65,0.001064650843716541,0.023439771854283843,0.0,-0.12753,0.64746,9.78057
36292928930,21.65,0.023439771854283843,0.011711159280881954,0.001064650843716541,-0.16677000000000003,0.8829,9.89829
36297979435,21.65,0.03515093113516579,0.0,0.0,-0.0981,1.02024,9.91791
36303029940,21.65,0.033021629447732716,-0.014905111812031574,0.0,-0.009810000000000001,1.01043,9.760950000000001
36308080445,21.65,0.008517206749732328,-0.020245819323134222,-0.003193952531149623,0.039240000000000004,0.9221400000000001,9.65304
36313130950,21.65,-0.012775810124598492,-0.008517206749732328,-0.001064650843716541,0.019620000000000002,0.73575,9.55494
36318181455,21.65,-0.02663372438543347,0.004258603374866164,0.0,-0.02943,0.59841,9.55494
36323231960,21.65,-0.013840460968315033,0.004258603374866164,0.0,-0.07848000000000001,0.64746,9.65304
36328282465,21.65,0.002129301687433082,0.002129301687433082,0.003193952531149623,-0.02943,0.7651800000000001,9.82962
36333332970,21.65,0.021310470166850764,-0.008517206749732328,0.0,0.0,0.94176,9.79038
36338383475,21.65,0.02769837522915001,-0.013840460968315033,0.0,0.0981,0.9810000000000001,9.751140000000001
36343433980,21.65,0.011711159280881954,-0.003193952531149623,-0.001064650843716541,0.11772,0.89271,9.64323
36348484485,21.65,-0.008517206749732328,0.01064650843716541,0.0,0.05886,0.75537,9.54513
36353534990,21.65,-0.020245819323134222,0.01918116847941768,-0.004258603374866164,-0.04905,0.6670800000000001,9.60399
36358585495,21.65,-0.01811651763570114,0.015987215948268057,-0.001064650843716541,-0.11772,0.65727,9.770760000000001
36363636000,21.65,-0.001064650843716541,0.006387905062299246,0.0,-0.16677000000000003,0.72594,9.85905
36368686505,21.65,0.015987215948268057,0.00958185759344887,0.0,-0.13734000000000002,0.80442,9.91791
36373737010,21.65,0.0170518667919846,0.01064650843716541,-0.001064650843716541,-0.13734000000000002,0.8240400000000001,9.819809999999999
36378787515,21.65,0.012775810124598492,0.001064650843716541,0.0,-0.17658,0.85347,9.751140000000001
36383838020,21.65,0.001064650843716541,-0.014905111812031574,-0.001064650843716541,-0.12753,0.85347,9.74133
36388888525,21.65,-0.00958185759344887,-0.031956978604016174,0.0,-0.04905,0.8338500000000001,9.80019
36393939030,21.65,-0.015987215948268057,-0.04260348704118158,0.002129301687433082,0.06867000000000001,0.7749900000000001,9.81
36398989535,21.65,-0.012775810124598492,-0.03728023282259888,-0.002129301687433082,0.16677000000000003,0.74556,9.86886
36404040040,21.65,0.0,-0.012775810124598492,0.001064650843716541,0.17658,0.6278400000000001,9.819809999999999
36409090545,21.65,0.0,0.008517206749732328,-0.002129301687433082,0.14715,0.6180300000000001,9.623610000000001
36414141050,21.65,0.007452555906015787,0.0170518667919846,0.0,0.07848000000000001,0.64746,9.59418
36419191555,21.65,0.015987215948268057,0.020245819323134222,0.002129301687433082,0.04905,0.8142300000000001,9.56475
36424242060,21.65,0.00958185759344887,0.01918116847941768,-0.001064650843716541,0.019620000000000002,0.95157,9.57456
36429292565,21.65,0.01918116847941768,0.01918116847941768,-0.001064650843716541,-0.009810000000000001,1.0791000000000002,9.65304
36434343070,21.65,0.014905111812031574,0.022375121010567305,-0.001064650843716541,0.0,1.02024,9.65304
36439393575,21.65,0.004258603374866164,0.022375121010567305,-0.001064650843716541,-0.0981,0.90252,9.57456
36444444080,21.65,-0.005323254218582705,0.01918116847941768,0.0,-0.16677000000000003,0.74556,9.50589
36449494585,21.65,-0.01811651763570114,0.015987215948268057,0.001064650843716541,-0.20601000000000003,0.6867000000000001,9.44703
36454545090,21.65,-0.020245819323134222,0.0,0.002129301687433082,-0.20601000000000003,0.80442,9.45684
36459595595,21.65,-0.012775810124598492,-0.015987215948268057,0.0,-0.12753,0.9711900000000001,9.633420000000001
36464646100,21.65,-0.004258603374866164,-0.02556907354171693,0.0,-0.02943,1.03005,9.81
36469696605,21.65,-0.01064650843716541,-0.03408628029144926,-0.002129301687433082,0.039240000000000004,0.9221400000000001,9.81
36474747110,21.65,-0.024504422698000388,-0.02982767691658309,0.0,0.05886,0.71613,9.79038
36479797615,21.65,-0.039409534510031964,-0.020245819323134222,0.002129301687433082,0.06867000000000001,0.51012,9.760950000000001
36484848120,21.65,-0.039409534510031964,-0.012775810124598492,0.001064650843716541,0.039240000000000004,0.40221,9.78057
36489898625,21.65,-0.022375121010567305,-0.0,-0.001064650843716541,0.019620000000000002,0.5395500000000001,9.91791
36494949130,21.65,0.0,0.012775810124598492,0.001064650843716541,0.02943,0.63765,9.99639
36499999635,21.65,0.020245819323134222,0.012775810124598492,0.0,0.019620000000000002,0.8338500000000001,10.025820000000001
36505050140,21.65,0.02663372438543347,0.006387905062299246,-0.002129301687433082,0.04905,0.94176,10.01601
36510100645,21.65,0.015987215948268057,0.005323254218582705,-0.001064650843716541,0.06867000000000001,0.86328,9.89829
36515151150,21.65,0.002129301687433082,0.003193952531149623,-0.002129301687433082,0.039240000000000004,0.80442,9.69228
36520201655,21.65,-0.011711159280881954,0.012775810124598492,-0.003193952531149623,0.009810000000000001,0.70632,9.69228
36525252160,21.65,-0.014905111812031574,0.0170518667919846,0.001064650843716541,-0.05886,0.69651,9.65304
36530302665,21.65,-0.008517206749732328,0.00958185759344887,-0.003193952531149623,-0.07848000000000001,0.8142300000000001,9.633420000000001
36535353170,21.65,0.004258603374866164,-0.001064650843716541,0.002129301687433082,-0.009810000000000001,0.9319500000000001,9.72171
36540403675,21.65,0.011711159280881954,-0.01064650843716541,0.002129301687433082,0.019620000000000002,1.01043,9.64323
36545454180,21.65,0.0,-0.011711159280881954,-0.002129301687433082,0.07848000000000001,0.9319500000000001,9.58437
36550504685,21.65,-0.015987215948268057,-0.0,-0.001064650843716541,0.04905,0.80442,9.53532
36555555190,21.65,-0.031956978604016174,0.011711159280881954,0.0,-0.019620000000000002,0.6278400000000001,9.53532
36560605695,21.65,-0.03515093113516579,0.00958185759344887,0.0,-0.11772,0.59841,9.6138
36565656200,21.65,-0.023439771854283843,0.002129301687433082,0.0,-0.11772,0.64746,9.80019
36570706705,21.65,-0.006387905062299246,-0.005323254218582705,0.001064650843716541,-0.10791,0.7848,9.888480000000001
36575757210,21.65,0.008517206749732328,-0.01811651763570114,0.0,0.0,0.89271,9.81
36580807715,21.65,0.008517206749732328,-0.00958185759344887,0.0,0.039240000000000004,0.89271,9.73152
36585858220,21.65,-0.007452555906015787,0.0,0.0,0.06867000000000001,0.87309,9.54513
36590908725,21.65,-0.022375121010567305,-0.002129301687433082,-0.001064650843716541,0.039240000000000004,0.80442,9.48627
36595959230,21.65,-0.031956978604016174,0.001064650843716541,0.003193952531149623,0.02943,0.79461,9.66285
36601009735,21.65,-0.028763026072866547,0.003193952531149623,0.001064650843716541,0.009810000000000001,0.7651800000000001,9.751140000000001
36606060240,21.65,-0.0170518667919846,0.004258603374866164,0.0,0.0,0.73575,9.85905
36611110745,21.65,-0.015987215948268057,0.00958185759344887,0.0,-0.02943,0.6180300000000001,9.89829
36616161250,21.65,-0.011711159280881954,0.003193952531149623,0.0,-0.08829,0.64746,9.760950000000001
36621211755,21.65,-0.015987215948268057,-0.00958185759344887,0.0,-0.06867000000000001,0.69651,9.770760000000001
36626262260,21.65,-0.011711159280881954,-0.013840460968315033,0.0,0.0,0.7749900000000001,9.82962
36631312765,21.65,-0.01064650843716541,-0.00958185759344887,0.0,0.06867000000000001,0.8338500000000001,9.85905
36636363270,21.65,-0.008517206749732328,-0.005323254218582705,-0.005323254218582705,0.06867000000000001,0.87309,9.84924
36641413775,21.65,-0.001064650843716541,0.001064650843716541,0.0,0.08829,0.7848,9.82962
36646464280,21.65,-0.014905111812031574,0.001064650843716541,-0.002129301687433082,0.05886,0.70632,9.72171
36651514785,21.65,-0.022375121010567305,0.002129301687433082,0.0,0.009810000000000001,0.69651,9.66285
36656565290,21.65,-0.020245819323134222,0.007452555906015787,0.0,0.0,0.6670800000000001,9.72171
36661615795,21.65,-0.01811651763570114,0.013840460968315033,0.001064650843716541,-0.019620000000000002,0.72594,9.74133
36666666300,21.65,-0.007452555906015787,0.005323254218582705,0.0,-0.039240000000000004,0.7848,9.83943
36671716805,21.65,-0.004258603374866164,-0.003193952531149623,0.0,-0.02943,0.8142300000000001,9.87867
36676767310,21.65,-0.003193952531149623,-0.01918116847941768,0.0,0.019620000000000002,0.8142300000000001,9.74133
36681817815,21.65,-0.004258603374866164,-0.014905111812031574,-0.001064650843716541,0.08829,0.8142300000000001,9.70209
36686868320,21.65,-0.012775810124598492,-0.001064650843716541,0.0,0.0981,0.7749900000000001,9.58437
36691918825,21.65,-0.013840460968315033,0.014905111812031574,0.002129301687433082,0.06867000000000001,0.75537,9.50589
36696969330,21.65,-0.0170518667919846,0.01918116847941768,-0.001064650843716541,0.019620000000000002,0.75537,9.52551
36702019835,21.65,-0.01918116847941768,0.011711159280881954,0.001064650843716541,-0.04905,0.80442,9.60399
36707070340,21.65,-0.020245819323134222,0.001064650843716541,0.002129301687433082,-0.04905,0.8240400000000001,9.623610000000001
36712120845,21.65,-0.0170518667919846,-0.002129301687433082,-0.001064650843716541,-0.019620000000000002,0.84366,9.751140000000001
36717171350,21.65,-0.015987215948268057,0.005323254218582705,0.001064650843716541,-0.02943,0.7749900000000001,9.78057
36722221855,21.65,-0.01811651763570114,0.005323254218582705,-0.001064650843716541,-0.11772,0.75537,9.65304
36727272360,21.65,-0.021310470166850764,0.0,0.001064650843716541,-0.08829,0.71613,9.66285
36732322865,21.65,-0.02663372438543347,-0.004258603374866164,0.0,-0.07848000000000001,0.73575,9.623610000000001
36737373370,21.65,-0.02769837522915001,-0.00958185759344887,0.0,-0.06867000000000001,0.7749900000000001,9.59418
36742423875,21.65,-0.02769837522915001,-0.014905111812031574,-0.001064650843716541,0.02943,0.84366,9.751140000000001
36747474380,21.65,-0.02556907354171693,-0.01918116847941768,0.0,0.07848000000000001,0.8142300000000001,9.82962
36752524885,21.65,-0.03728023282259888,-0.02769837522915001,0.0,0.14715,0.72594,9.81
36757575390,21.65,-0.039409534510031964,-0.02769837522915001,-0.001064650843716541,0.14715,0.63765,9.82962
36762625895,21.65,-0.03408628029144926,-0.015987215948268057,-0.002129301687433082,0.20601000000000003,0.5591700000000001,9.80019
36767676400,21.65,-0.031956978604016174,0.002129301687433082,-0.001064650843716541,0.16677000000000003,0.5493600000000001,9.770760000000001
36772726905,21.65,-0.01811651763570114,0.015987215948268057,0.0,0.0981,0.59841,9.83943
36777777410,21.65,-0.008517206749732328,0.020245819323134222,0.002129301687433082,0.02943,0.6867000000000001,9.83943
36782827915,21.65,-0.003193952531149623,0.005323254218582705,-0.001064650843716541,0.04905,0.86328,9.79038
36787878420,21.65,0.001064650843716541,-0.002129301687433082,-0.001064650843716541,0.12753,0.9613800000000001,9.81
36792928925,21.65,-0.007452555906015787,0.003193952531149623,-0.001064650843716541,0.11772,0.9613800000000001,9.751140000000001
36797979430,21.65,-0.024504422698000388,0.01064650843716541,-0.001064650843716541,0.07848000000000001,0.74556,9.7119
36803029935,21.65,-0.031956978604016174,0.024504422698000388,0.0,0.0,0.5591700000000001,9.66285
36808080440,21.65,-0.04153883619746504,0.033021629447732716,0.0,-0.14715,0.47088,9.59418
36813130945,21.65,-0.028763026072866547,0.023439771854283843,0.0,-0.1962,0.60822,9.6138
36818181450,21.65,-0.01064650843716541,0.0170518667919846,-0.001064650843716541,-0.1962,0.8338500000000001,9.760950000000001
36823231955,21.65,0.003193952531149623,0.003193952531149623,-0.001064650843716541,-0.10791,1.06929,9.83943
36828282460,21.65,0.001064650843716541,-0.013840460968315033,-0.001064650843716541,-0.04905,1.03986,9.78057
36833332965,21.65,-0.024504422698000388,-0.02769837522915001,-0.002129301687433082,0.009810000000000001,0.8240400000000001,9.67266
36838383470,21.65,-0.05752605214573309,-0.02769837522915001,-0.001064650843716541,0.0,0.60822,9.44703
36843433975,21.65,-0.05859070298944965,-0.023439771854283843,0.003193952531149623,0.0,0.5886,9.496080000000001
36848484480,21.65,-0.05113814708343386,-0.015987215948268057,0.003193952531149623,0.039240000000000004,0.6670800000000001,9.70209
36853534985,21.65,-0.039409534510031964,-0.011711159280881954,0.002129301687433082,0.08829,0.70632,9.888480000000001
36858585490,21.65,-0.02663372438543347,-0.01811651763570114,0.0,0.18639,0.6867000000000001,9.888480000000001
36863635995,21.65,-0.024504422698000388,-0.01918116847941768,0.0,0.1962,0.65727,9.84924
36868686500,21.65,-0.02663372438543347,-0.005323254218582705,0.0,0.17658,0.6180300000000001,9.70209
36873737005,21.65,-0.03089232776029963,0.008517206749732328,0.0,0.12753,0.60822,9.70209
36878787510,21.65,-0.02982767691658309,0.020245819323134222,-0.001064650843716541,0.14715,0.6867000000000001,9.82962
36883838015,21.65,-0.020245819323134222,0.024504422698000388,0.0,0.08829,0.6670800000000001,9.87867
36888888520,21.65,-0.012775810124598492,0.020245819323134222,0.0,0.009810000000000001,0.6867000000000001,9.819809999999999
36893939025,21.65,-0.007452555906015787,0.01918116847941768,0.0,-0.039240000000000004,0.74556,9.770760000000001
36898989530,21.65,-0.006387905062299246,0.01811651763570114,-0.001064650843716541,-0.04905,0.86328,9.6138
36904040035,21.65,-0.012775810124598492,0.011711159280881954,0.0,-0.039240000000000004,0.9221400000000001,9.6138
36909090540,21.65,-0.02982767691658309,0.0,0.001064650843716541,-0.019620000000000002,0.8142300000000001,9.72171
36914141045,21.65,-0.05007349623971732,-0.00958185759344887,-0.001064650843716541,-0.019620000000000002,0.70632,9.7119
36919191550,21.65,-0.05007349623971732,-0.020245819323134222,0.0,-0.019620000000000002,0.57879,9.68247
36924242055,21.65,-0.04153883619746504,-0.012775810124598492,0.001064650843716541,-0.039240000000000004,0.60822,9.79038
36929292560,21.65,-0.02663372438543347,-0.00958185759344887,0.002129301687433082,0.02943,0.6768900000000001,9.79038
36934343065,21.65,-0.020245819323134222,-0.00958185759344887,0.0,0.07848000000000001,0.72594,9.770760000000001
36939393570,21.65,-0.022375121010567305,-0.007452555906015787,-0.003193952531149623,0.12753,0.69651,9.73152
36944444075,21.65,-0.033021629447732716,0.003193952531149623,0.0,0.10791,0.63765,9.5157
36949494580,21.65,-0.033021629447732716,0.012775810124598492,0.0,0.039240000000000004,0.75537,9.53532
36954545085,21.65,-0.02769837522915001,0.0170518667919846,0.001064650843716541,0.0,0.8142300000000001,9.70209
36959595590,21.65,-0.028763026072866547,0.005323254218582705,0.001064650843716541,0.009810000000000001,0.79461,9.81
36964646095,21.65,-0.03728023282259888,-0.013840460968315033,-0.003193952531149623,0.06867000000000001,0.7749900000000001,9.78057
36969696600,21.65,-0.0404741853537485,-0.01918116847941768,-0.002129301687433082,0.07848000000000001,0.6278400000000001,9.68247
36974747105,21.65,-0.04794419455228423,0.004258603374866164,0.0,0.039240000000000004,0.5395500000000001,9.59418
36979797610,21.65,-0.04366813788489812,0.021310470166850764,-0.001064650843716541,-0.039240000000000004,0.59841,9.6138
36984848115,21.65,-0.03515093113516579,0.007452555906015787,0.004258603374866164,0.0,0.73575,9.751140000000001
36989898620,21.65,-0.03515093113516579,-0.012775810124598492,-0.003193952531149623,0.02943,0.84366,9.82962
36994949125,21.65,-0.031956978604016174,-0.01811651763570114,-0.001064650843716541,0.08829,0.7848,9.937529999999999
36999999630,21.65,-0.03728023282259888,-0.008517206749732328,-0.001064650843716541,0.12753,0.64746,9.84924
37005050135,21.65,-0.046879543708567686,0.007452555906015787,0.0,0.05886,0.52974,9.751140000000001
37010100640,21.65,-0.05007349623971732,0.00958185759344887,0.002129301687433082,-0.019620000000000002,0.44145,9.79038
37015151145,21.65,-0.0404741853537485,-0.001064650843716541,0.002129301687433082,-0.02943,0.5395500000000001,9.86886
37020201650,21.65,-0.03408628029144926,-0.013840460968315033,-0.001064650843716541,0.05886,0.64746,9.91791
37025252155,21.65,-0.022375121010567305,-0.0170518667919846,0.0,0.11772,0.7651800000000001,9.937529999999999
37030302660,21.65,-0.012775810124598492,-0.002129301687433082,-0.001064650843716541,0.17658,0.71613,9.87867
37035353165,21.65,-0.0170518667919846,0.004258603374866164,-0.001064650843716541,0.11772,0.71613,9.73152
37040403670,21.65,-0.02982767691658309,-0.0,-0.002129301687433082,0.07848000000000001,0.63765,9.64323
37045454175,21.65,-0.04366813788489812,0.002129301687433082,-0.001064650843716541,0.08829,0.52974,9.72171
37050504680,21.65,-0.04794419455228423,0.01064650843716541,0.0,0.039240000000000004,0.52974,9.633420000000001
37055555185,21.65,-0.033021629447732716,0.015987215948268057,0.0,0.019620000000000002,0.63765,9.68247
37060605690,21.65,-0.014905111812031574,0.023439771854283843,0.0,-0.039240000000000004,0.7749900000000001,9.760950000000001
37065656195,21.65,-0.007452555906015787,0.0170518667919846,0.0,-0.039240000000000004,0.8240400000000001,9.73152
37070706700,21.65,-0.01811651763570114,-0.007452555906015787,0.003193952531149623,-0.019620000000000002,0.8142300000000001,9.633420000000001
37075757205,21.65,-0.039409534510031964,-0.014905111812031574,-0.001064650843716541,0.019620000000000002,0.74556,9.50589
37080807710,21.65,-0.05220279792715039,-0.005323254218582705,0.0,0.0,0.64746,9.48627
37085858215,21.65,-0.05752605214573309,0.004258603374866164,0.0,0.009810000000000001,0.64746,9.58437
37090908720,21.65,-0.049008845396000776,0.003193952531149623,0.0,0.0,0.64746,9.69228
37095959225,21.65,-0.04260348704118158,-0.015987215948268057,0.0,0.0,0.65727,9.73152
37101009730,21.65,-0.0404741853537485,-0.02982767691658309,-0.001064650843716541,0.0981,0.6867000000000001,9.74133
37106060235,21.65,-0.04581489286485115,-0.021310470166850764,-0.003193952531149623,0.17658,0.64746,9.68247
37111110740,21.65,-0.054332099614583476,-0.00958185759344887,-0.002129301687433082,0.17658,0.6180300000000001,9.64323
37116161245,21.65,-0.05539675045830002,-0.001064650843716541,0.0,0.15696000000000002,0.60822,9.760950000000001
37121211750,21.65,-0.049008845396000776,0.003193952531149623,0.0,0.14715,0.5493600000000001,9.85905
37126262255,21.65,-0.05220279792715039,0.006387905062299246,0.0,0.06867000000000001,0.48069000000000006,9.86886
37131312760,21.65,-0.049008845396000776,0.008517206749732328,-0.001064650843716541,0.039240000000000004,0.44145,9.95715
37136363265,21.65,-0.03728023282259888,0.01064650843716541,0.0,0.0,0.51012,9.96696
37141413770,21.65,-0.02556907354171693,0.004258603374866164,0.0,0.02943,0.64746,9.87867
37146464275,21.65,-0.024504422698000388,-0.004258603374866164,0.0,0.08829,0.75537,9.92772
37151514780,21.65,-0.03515093113516579,-0.011711159280881954,0.0,0.14715,0.70632,9.89829
37156565285,21.65,-0.03834488366631542,0.002129301687433082,0.0,0.11772,0.6180300000000001,9.80019
37161615790,21.65,-0.04366813788489812,0.014905111812031574,0.0,0.039240000000000004,0.48069000000000006,9.770760000000001
37166666295,21.65,-0.049008845396000776,0.01811651763570114,0.0,-0.019620000000000002,0.48069000000000006,9.80019
37171716800,21.65,-0.04366813788489812,-0.004258603374866164,0.0,-0.02943,0.56898,9.81
37176767305,21.65,-0.024504422698000388,-0.021310470166850764,0.0,0.06867000000000001,0.71613,9.83943
37181817810,21.65,-0.02556907354171693,-0.015987215948268057,0.0,0.17658,0.69651,9.78057
37186868315,21.65,-0.033021629447732716,0.0,0.0,0.18639,0.6278400000000001,9.633420000000001
37191918820,21.65,-0.03834488366631542,0.012775810124598492,0.0,0.08829,0.57879,9.58437
37196969325,21.65,-0.03621558197888234,0.020245819323134222,0.0,0.009810000000000001,0.56898,9.59418
37202019830,21.65,-0.04153883619746504,0.008517206749732328,0.0,-0.009810000000000001,0.60822,9.57456
37207070335,21.65,-0.0404741853537485,-0.006387905062299246,0.0,0.04905,0.6768900000000001,9.633420000000001
37212120840,21.65,-0.03621558197888234,-0.00958185759344887,0.0,0.0981,0.72594,9.65304
37217171345,21.65,-0.03621558197888234,0.0,0.0,0.08829,0.74556,9.58437
37222221850,21.65,-0.04366813788489812,0.003193952531149623,0.0,0.08829,0.72594,9.60399
37227272355,21.65,-0.05326744877086694,-0.001064650843716541,0.0,0.07848000000000001,0.59841,9.60399
37232322860,21.65,-0.06497860805174888,-0.006387905062299246,0.0,0.039240000000000004,0.47088,9.67266
37237373365,21.65,-0.07030186227033158,-0.003193952531149623,0.0,0.0,0.41202000000000005,9.751140000000001
37242423870,21.65,-0.06178465552059926,-0.001064650843716541,0.0,0.0,0.48069000000000006,9.82962
37247474375,21.65,-0.04794419455228423,-0.015987215948268057,0.0,0.05886,0.60822,9.94734
37252524880,21.65,-0.03621558197888234,-0.028763026072866547,0.0,0.12753,0.6278400000000001,10.03563
37257575385,21.65,-0.03728023282259888,-0.023439771854283843,0.0,0.21582,0.56898,9.89829
37262625890,21.65,-0.046879543708567686,-0.008517206749732328,0.0,0.25506,0.50031,9.80019
37267676395,21.65,-0.05007349623971732,0.01064650843716541,0.0,0.1962,0.36297,9.80019
37272726900,21.65,-0.05326744877086694,0.031956978604016174,0.0,0.07848000000000001,0.31392000000000003,9.819809999999999
37277777405,21.65,-0.04260348704118158,0.024504422698000388,0.0,0.0,0.47088,9.84924
37282827910,21.65,-0.02556907354171693,0.005323254218582705,0.0,-0.019620000000000002,0.6867000000000001,9.97677
37287878415,21.65,-0.020245819323134222,-0.014905111812031574,0.0,0.0981,0.75537,9.98658
37292928920,21.65,-0.02769837522915001,-0.01811651763570114,0.0,0.20601000000000003,0.73575,9.82962
37297979425,21.65,-0.03728023282259888,-0.007452555906015787,0.0,0.20601000000000003,0.56898,9.67266
37303029930,21.65,-0.05220279792715039,0.007452555906015787,0.0,0.15696000000000002,0.43164,9.54513
37308080435,21.65,-0.06391395720803235,0.0170518667919846,0.0,0.02943,0.3924,9.53532
37313130940,21.65,-0.04794419455228423,0.022375121010567305,0.0,-0.019620000000000002,0.44145,9.7119
37318181445,21.65,-0.031956978604016174,0.020245819323134222,0.0,-0.009810000000000001,0.6180300000000001,9.73152
37323231950,21.65,-0.023439771854283843,0.002129301687433082,0.0,-0.019620000000000002,0.79461,9.74133
37328282455,21.65,-0.021310470166850764,-0.020245819323134222,0.0,0.05886,0.87309,9.751140000000001
37333332960,21.65,-0.03621558197888234,-0.031956978604016174,0.0,0.1962,0.73575,9.64323
37338383465,21.65,-0.07349581480148122,-0.02769837522915001,0.0,0.21582,0.5395500000000001,9.52551
37343433970,21.65,-0.08628907821859966,-0.006387905062299246,0.0,0.16677000000000003,0.36297,9.59418
37348484475,21.65,-0.07777187146886733,0.011711159280881954,0.0,0.10791,0.22563,9.68247
37353534980,21.65,-0.06178465552059926,0.022375121010567305,0.0,0.009810000000000001,0.32373,9.819809999999999
37358585485,21.65,-0.03728023282259888,0.0170518667919846,0.0,-0.02943,0.47088,9.94734
37363635990,21.65,-0.020245819323134222,0.0,0.0,0.0,0.6278400000000001,9.91791
37368686495,21.65,-0.023439771854283843,-0.012775810124598492,0.0,0.0981,0.72594,9.85905
37373737000,21.65,-0.0404741853537485,-0.013840460968315033,0.0,0.15696000000000002,0.6768900000000001,9.78057
37378787505,21.65,-0.05646140130201656,-0.01811651763570114,0.0,0.15696000000000002,0.59841,9.7119
37383838010,21.65,-0.07243116395776468,-0.0404741853537485,0.0,0.24525000000000002,0.52974,9.78057
37388888515,21.65,-0.0756251164889143,-0.049008845396000776,0.0,0.34335000000000004,0.48069000000000006,9.83943
37393939020,21.65,-0.07030186227033158,-0.033021629447732716,0.0,0.41202000000000005,0.34335000000000004,9.85905
37398989525,21.65,-0.054332099614583476,-0.001064650843716541,0.0,0.40221,0.25506,9.73152
37404040030,21.65,-0.044732788728614664,0.0404741853537485,0.0,0.27468000000000004,0.22563,9.74133
37409090535,21.65,-0.03621558197888234,0.07243116395776468,0.0,0.10791,0.23544,9.760950000000001
37414141040,21.65,-0.02663372438543347,0.07777187146886733,0.0,-0.07848000000000001,0.42183,9.85905
37419191545,21.65,-0.00958185759344887,0.06284930636431581,0.0,-0.1962,0.65727,9.908100000000001
37424242050,21.65,-0.012775810124598492,0.028763026072866547,0.0,-0.21582,0.80442,9.87867
37429292555,21.65,-0.01918116847941768,-0.00958185759344887,0.0,-0.18639,0.9123300000000001,9.819809999999999
37434343060,21.65,-0.03728023282259888,-0.039409534510031964,0.0,-0.06867000000000001,0.84366,9.67266
37439393565,21.65,-0.07030186227033158,-0.05220279792715039,0.0,0.07848000000000001,0.60822,9.56475
37444444070,21.65,-0.09693558665576507,-0.06178465552059926,0.0,0.14715,0.42183,9.50589
37449494575,21.65,-0.09906488834319814,-0.05539675045830002,0.0,0.23544,0.24525000000000002,9.69228
37454545080,21.65,-0.09693558665576507,-0.03728023282259888,0.0,0.30411,0.15696000000000002,9.81
37459595585,21.65,-0.07349581480148122,-0.023439771854283843,0.0,0.31392000000000003,0.21582,9.91791
37464646090,21.65,-0.03834488366631542,-0.003193952531149623,0.0,0.32373,0.23544,10.025820000000001
37469696595,21.65,-0.01918116847941768,0.024504422698000388,0.0,0.30411,0.27468000000000004,9.89829
37474747100,21.65,-0.014905111812031574,0.05326744877086694,0.0,0.16677000000000003,0.36297,9.72171
37479797605,21.65,-0.01064650843716541,0.07243116395776468,0.0,0.0,0.49050000000000005,9.7119
37484848110,21.65,-0.015987215948268057,0.06497860805174888,0.0,-0.08829,0.6180300000000001,9.66285
37489898615,21.65,-0.02556907354171693,0.04153883619746504,0.0,-0.18639,0.79461,9.64323
37494949120,21.65,-0.022375121010567305,0.00958185759344887,0.0,-0.18639,0.90252,9.72171
37499999625,21.65,-0.046879543708567686,-0.024504422698000388,0.0,-0.10791,0.8142300000000001,9.72171
37505050130,21.65,-0.07030186227033158,-0.049008845396000776,0.0,-0.02943,0.59841,9.68247
37510100635,21.65,-0.10012953918691468,-0.06391395720803235,0.0,0.08829,0.33354000000000006,9.66285
37515151140,21.65,-0.11185815176031658,-0.07030186227033158,0.0,0.16677000000000003,0.18639,9.70209
37520201645,21.65,-0.10332349171806432,-0.06604325889546543,0.0,0.34335000000000004,0.1962,9.81
37525252150,21.65,-0.08309512568745003,-0.04581489286485115,0.0,0.46107000000000004,0.1962,9.97677
37530302655,21.65,-0.054332099614583476,-0.023439771854283843,0.0,0.50031,0.20601000000000003,10.03563
37535353160,21.65,-0.03408628029144926,0.01064650843716541,0.0,0.46107000000000004,0.20601000000000003,9.95715
37540403665,21.65,-0.022375121010567305,0.04366813788489812,0.0,0.35316,0.22563,9.89829
37545454170,21.65,-0.02556907354171693,0.07136651311404815,0.0,0.16677000000000003,0.27468000000000004,9.81
37550504675,21.65,-0.013840460968315033,0.07990117315630041,0.0,0.0,0.38259000000000004,9.79038
37555555180,21.65,-0.012775810124598492,0.08628907821859966,0.0,-0.17658,0.57879,9.83943
37560605685,21.65,-0.011711159280881954,0.06497860805174888,0.0,-0.25506,0.72594,9.74133
37565656190,21.65,-0.011711159280881954,0.03089232776029963,0.0,-0.32373,0.8240400000000001,9.760950000000001
37570706695,21.65,-0.03408628029144926,-0.003193952531149623,0.0,-0.28449,0.74556,9.70209
37575757200,21.65,-0.06391395720803235,-0.02982767691658309,0.0,-0.25506,0.56898,9.48627
37580807705,21.65,-0.09161233243718235,-0.044732788728614664,0.0,-0.16677000000000003,0.40221,9.52551
37585858210,21.65,-0.09161233243718235,-0.06284930636431581,0.0,-0.06867000000000001,0.37278,9.6138
37590908715,21.65,-0.09161233243718235,-0.06710790973918197,0.0,0.10791,0.40221,9.78057
37595959220,21.65,-0.07990117315630041,-0.06497860805174888,0.0,0.24525000000000002,0.34335000000000004,9.95715
37601009725,21.65,-0.07456046564519776,-0.06497860805174888,0.0,0.40221,0.23544,9.908100000000001
37606060230,21.65,-0.06497860805174888,-0.044732788728614664,0.0,0.50031,0.18639,9.760950000000001
37611110735,21.65,-0.060720004676882725,-0.006387905062299246,0.0,0.49050000000000005,0.14715,9.751140000000001
37616161240,21.65,-0.05113814708343386,0.013840460968315033,0.0,0.40221,0.22563,9.72171
37621211745,21.65,-0.0404741853537485,0.033021629447732716,0.0,0.37278,0.32373,9.87867
37626262250,21.65,-0.02982767691658309,0.04366813788489812,0.0,0.27468000000000004,0.35316,9.96696
37631312755,21.65,-0.023439771854283843,0.0404741853537485,0.0,0.17658,0.43164,9.908100000000001
37636363260,21.65,-0.023439771854283843,0.04794419455228423,0.0,0.04905,0.44145,9.89829
37641413765,21.65,-0.028763026072866547,0.054332099614583476,0.0,-0.05886,0.41202000000000005,9.79038
37646464270,21.65,-0.03408628029144926,0.044732788728614664,0.0,-0.14715,0.45126,9.72171
37651514775,21.65,-0.044732788728614664,0.03089232776029963,0.0,-0.21582,0.43164,9.78057
37656565280,21.65,-0.05646140130201656,0.005323254218582705,0.0,-0.25506,0.44145,9.760950000000001
37661615785,21.65,-0.046879543708567686,-0.015987215948268057,0.0,-0.1962,0.50031,9.760950000000001
37666666290,21.65,-0.05113814708343386,-0.022375121010567305,0.0,-0.13734000000000002,0.51012,9.82962
37671716795,21.65,-0.05220279792715039,-0.039409534510031964,0.0,-0.06867000000000001,0.48069000000000006,9.74133
37676767300,21.65,-0.06497860805174888,-0.04581489286485115,0.0,0.07848000000000001,0.38259000000000004,9.73152
37681817805,21.65,-0.07777187146886733,-0.03728023282259888,0.0,0.15696000000000002,0.23544,9.70209
37686868310,21.65,-0.07883652231258387,-0.02769837522915001,0.0,0.17658,0.18639,9.66285
37691918815,21.65,-0.06817256058289851,-0.007452555906015787,0.0,0.18639,0.1962,9.770760000000001
37696969320,21.65,-0.05326744877086694,-0.001064650843716541,0.0,0.18639,0.2943,9.819809999999999
37702019825,21.65,-0.04153883619746504,0.001064650843716541,0.0,0.20601000000000003,0.36297,9.83943
37707070330,21.65,-0.03728023282259888,0.008517206749732328,0.0,0.21582,0.35316,9.83943
37712120835,21.65,-0.0404741853537485,0.011711159280881954,0.0,0.15696000000000002,0.36297,9.67266
37717171340,21.65,-0.04366813788489812,0.021310470166850764,0.0,0.12753,0.3924,9.6138
37722221845,21.65,-0.0404741853537485,0.02663372438543347,0.0,0.039240000000000004,0.43164,9.69228
37727272350,21.65,-0.044732788728614664,0.0170518667919846,0.0,0.02943,0.52974,9.64323
37732322855,21.65,-0.054332099614583476,0.001064650843716541,0.0,0.039240000000000004,0.48069000000000006,9.7119
37737373360,21.65,-0.05965535383316618,-0.008517206749732328,0.0,0.06867000000000001,0.40221,9.7119
37742423865,21.65,-0.06923721142661506,-0.011711159280881954,0.0,0.05886,0.31392000000000003,9.633420000000001
37747474370,21.65,-0.07670722062515077,-0.0170518667919846,0.0,0.0981,0.32373,9.67266
37752524875,21.65,-0.07349581480148122,-0.033021629447732716,0.0,0.16677000000000003,0.3924,9.760950000000001
37757575380,21.65,-0.0756251164889143,-0.05007349623971732,0.0,0.30411,0.30411,9.888480000000001
37762625885,21.65,-0.08309512568745003,-0.049008845396000776,0.0,0.41202000000000005,0.21582,9.91791
37767676390,21.65,-0.07777187146886733,-0.03728023282259888,0.0,0.48069000000000006,0.14715,9.86886
37772726895,21.65,-0.07136651311404815,-0.007452555906015787,0.0,0.46107000000000004,0.06867000000000001,9.95715
37777777400,21.65,-0.05752605214573309,0.01811651763570114,0.0,0.38259000000000004,0.0,9.95715
37782827905,21.65,-0.05326744877086694,0.03728023282259888,0.0,0.24525000000000002,0.02943,10.045440000000001
37787878410,21.65,-0.03515093113516579,0.049008845396000776,0.0,0.14715,0.10791,10.074869999999999
37792928915,21.65,-0.021310470166850764,0.07456046564519776,0.0,0.0,0.16677000000000003,10.025820000000001
37797979420,21.65,-0.012775810124598492,0.08309512568745003,0.0,-0.15696000000000002,0.33354000000000006,9.98658
37803029925,21.65,-0.006387905062299246,0.06497860805174888,0.0,-0.30411,0.48069000000000006,9.89829
37808080430,21.65,-0.011711159280881954,0.04153883619746504,0.0,-0.38259000000000004,0.51012,9.83943
37813130935,21.65,-0.03515093113516579,0.008517206749732328,0.0,-0.38259000000000004,0.5395500000000001,9.78057
37818181440,21.65,-0.04260348704118158,-0.013840460968315033,0.0,-0.34335000000000004,0.50031,9.65304
37823231945,21.65,-0.06178465552059926,-0.031956978604016174,0.0,-0.23544,0.44145,9.59418
37828282450,21.65,-0.07777187146886733,-0.05859070298944965,0.0,-0.17658,0.3924,9.60399
37833332955,21.65,-0.08415977653116657,-0.0852244273748831,0.0,0.02943,0.3924,9.64323
37838383460,21.65,-0.0852244273748831,-0.10438814256178083,0.0,0.28449,0.37278,9.70209
37843433965,21.65,-0.08841837990603273,-0.10332349171806432,0.0,0.5493600000000001,0.2943,9.72171
37848484470,21.65,-0.09161233243718235,-0.0756251164889143,0.0,0.72594,0.10791,9.66285
37853534975,21.65,-0.08841837990603273,-0.03408628029144926,0.0,0.70632,0.009810000000000001,9.6138
37858585480,21.65,-0.07990117315630041,0.001064650843716541,0.0,0.69651,-0.039240000000000004,9.633420000000001
37863635985,21.65,-0.06391395720803235,0.03728023282259888,0.0,0.5493600000000001,-0.07848000000000001,9.770760000000001
37868686490,21.65,-0.03728023282259888,0.06604325889546543,0.0,0.36297,0.009810000000000001,9.81
37873736995,21.65,-0.021310470166850764,0.0852244273748831,0.0,0.21582,0.06867000000000001,9.81
37878787500,21.65,-0.006387905062299246,0.09374163412461543,0.0,0.009810000000000001,0.38259000000000004,9.78057
37883838005,21.65,0.001064650843716541,0.08203047484373349,0.0,-0.10791,0.52974,9.94734
37888888510,21.65,-0.01064650843716541,0.06710790973918197,0.0,-0.22563,0.52974,9.96696
37893939015,21.65,-0.04260348704118158,0.04794419455228423,0.0,-0.36297,0.41202000000000005,9.84924
37898989520,21.65,-0.05752605214573309,0.024504422698000388,0.0,-0.45126,0.35316,9.67266
37904040025,21.65,-0.07243116395776468,0.004258603374866164,0.0,-0.46107000000000004,0.30411,9.760950000000001
37909090530,21.65,-0.07777187146886733,-0.020245819323134222,0.0,-0.3924,0.22563,9.85905
37914141035,21.65,-0.07349581480148122,-0.049008845396000776,0.0,-0.32373,0.15696000000000002,9.94734
37919191540,21.65,-0.08415977653116657,-0.06497860805174888,0.0,-0.1962,0.11772,10.006200000000002
37924242045,21.65,-0.0756251164889143,-0.08096582400001695,0.0,-0.04905,0.13734000000000002,9.94734
37929292550,21.65,-0.06604325889546543,-0.08948303074974927,0.0,0.17658,0.24525000000000002,9.98658
37934343055,21.65,-0.06710790973918197,-0.09693558665576507,0.0,0.44145,0.31392000000000003,10.006200000000002
37939393560,21.65,-0.06497860805174888,-0.09267698328089889,0.0,0.73575,0.24525000000000002,9.85905
37944444065,21.65,-0.0756251164889143,-0.060720004676882725,0.0,0.86328,0.16677000000000003,9.7119
37949494570,21.65,-0.07243116395776468,-0.015987215948268057,0.0,0.87309,0.0,9.52551
37954545075,21.65,-0.05859070298944965,0.039409534510031964,0.0,0.74556,-0.08829,9.58437
37959595580,21.65,-0.05646140130201656,0.07243116395776468,0.0,0.51993,-0.02943,9.66285
37964646085,21.65,-0.03408628029144926,0.07990117315630041,0.0,0.33354000000000006,0.009810000000000001,9.85905
37969696590,21.65,-0.011711159280881954,0.10012953918691468,0.0,0.11772,0.12753,9.819809999999999
37974747095,21.65,0.001064650843716541,0.11931070766633237,0.0,-0.0981,0.24525000000000002,9.83943
37979797600,21.65,0.011711159280881954,0.12356931104119852,0.0,-0.35316,0.33354000000000006,9.81
37984848105,21.65,-0.011711159280881954,0.11611675513518273,0.0,-0.60822,0.45126,9.79038
37989898610,21.65,-0.02556907354171693,0.06923721142661506,0.0,-0.69651,0.41202000000000005,9.59418
37994949115,21.65,-0.04260348704118158,0.00958185759344887,0.0,-0.75537,0.56898,9.57456
37999999620,21.65,-0.05859070298944965,-0.05539675045830002,0.0,-0.64746,0.60822,9.633420000000001
38005050125,21.65,-0.07990117315630041,-0.11185815176031658,0.0,-0.3924,0.56898,9.819809999999999
38010100630,21.65,-0.10225884087434776,-0.15978489302008084,0.0,-0.08829,0.43164,9.87867
38015151135,21.65,-0.12463396188491506,-0.17364280728091586,0.0,0.2943,0.20601000000000003,9.89829
38020201640,21.65,-0.13849187614575004,-0.16191419470751395,0.0,0.6670800000000001,0.0,9.83943
38025252145,21.65,-0.1480737337391989,-0.10759954838545042,0.0,0.86328,-0.21582,9.85905
38030302650,21.65,-0.12676326357234816,-0.0404741853537485,0.0,0.8829,-0.27468000000000004,9.760950000000001
38035353155,21.65,-0.09267698328089889,0.03089232776029963,0.0,0.8240400000000001,-0.32373,9.908100000000001
38040403660,21.65,-0.06178465552059926,0.09480628496833199,0.0,0.64746,-0.26487,9.96696
38045454165,21.65,-0.023439771854283843,0.1374272253020335,0.0,0.31392000000000003,-0.18639,9.92772
38050504670,21.65,0.002129301687433082,0.14700908289548237,0.0,0.0,-0.08829,9.82962
38055555175,21.65,0.013840460968315033,0.1288925652597812,0.0,-0.25506,0.02943,9.82962
38060605680,21.65,0.020245819323134222,0.08203047484373349,0.0,-0.48069000000000006,0.14715,9.79038
38065656185,21.65,0.02556907354171693,0.02769837522915001,0.0,-0.5395500000000001,0.36297,9.819809999999999
38070706690,21.65,0.023439771854283843,-0.028763026072866547,0.0,-0.44145,0.9319500000000001,9.80019
38075757195,21.65,-0.015987215948268057,-0.04794419455228423,0.0,-0.1962,0.8829,10.212209999999999
38080807700,21.65,-0.04153883619746504,-0.06817256058289851,0.0,-0.06867000000000001,0.51993,9.6138
38085858205,21.65,-0.10653489754173388,-0.05220279792715039,0.0,0.0,0.25506,9.45684
38090908710,21.65,-0.12463396188491506,-0.046879543708567686,0.0,0.04905,-0.05886,9.47646
38095959215,21.65,-0.12569861272863161,-0.05007349623971732,0.0,0.05886,0.0,9.74133
38101009720,21.65,-0.12037535851004891,-0.0404741853537485,0.0,0.16677000000000003,-0.07848000000000001,10.08468
38106060225,21.65,-0.08096582400001695,-0.03834488366631542,0.0,0.26487,-0.16677000000000003,9.937529999999999
38111110730,21.65,-0.07777187146886733,-0.03834488366631542,0.0,0.34335000000000004,-0.04905,9.87867
38116161235,21.65,-0.046879543708567686,-0.04260348704118158,0.0,0.43164,-0.12753,9.7119
38121211740,21.65,-0.02769837522915001,-0.015987215948268057,0.0,0.47088,-0.02943,9.65304
38126262245,21.65,-0.01918116847941768,0.020245819323134222,0.0,0.43164,0.0,9.66285
38131312750,21.65,-0.0170518667919846,0.06178465552059926,0.0,0.34335000000000004,0.05886,9.80019
38136363255,21.65,-0.022375121010567305,0.09693558665576507,0.0,0.10791,0.11772,9.79038
38141413760,21.65,-0.022375121010567305,0.09587093581204853,0.0,-0.08829,0.22563,9.84924
38146464265,21.65,-0.022375121010567305,0.06710790973918197,0.0,-0.24525000000000002,0.35316,9.819809999999999
38151514770,21.65,-0.02663372438543347,0.02982767691658309,0.0,-0.33354000000000006,0.47088,9.89829
38156565275,21.65,-0.046879543708567686,-0.022375121010567305,0.0,-0.25506,0.37278,9.82962
38161615780,21.65,-0.07243116395776468,-0.049008845396000776,0.0,-0.12753,0.22563,9.888480000000001
38166666285,21.65,-0.09054768159346581,-0.05646140130201656,0.0,-0.05886,0.019620000000000002,9.73152
38171716790,21.65,-0.09480628496833199,-0.04581489286485115,0.0,0.019620000000000002,0.009810000000000001,9.770760000000001
38176767295,21.65,-0.08841837990603273,-0.03515093113516579,0.0,0.14715,-0.08829,9.91791
38181817800,21.65,-0.08096582400001695,-0.03089232776029963,0.0,0.18639,-0.05886,9.81
38186868305,21.65,-0.0756251164889143,-0.022375121010567305,0.0,0.24525000000000002,-0.05886,9.83943
38191918810,21.65,-0.05220279792715039,-0.01811651763570114,0.0,0.2943,-0.08829,9.751140000000001
38196969315,21.65,-0.046879543708567686,-0.015987215948268057,0.0,0.32373,-0.02943,9.770760000000001
38202019820,21.65,-0.03515093113516579,-0.005323254218582705,0.0,0.2943,-0.019620000000000002,9.82962
38207070325,21.65,-0.033021629447732716,0.013840460968315033,0.0,0.27468000000000004,0.009810000000000001,9.86886
38212120830,21.65,-0.031956978604016174,0.03728023282259888,0.0,0.23544,0.039240000000000004,9.85905
38217171335,21.65,-0.02982767691658309,0.05220279792715039,0.0,0.10791,0.08829,9.84924
38222221840,21.65,-0.03089232776029963,0.06497860805174888,0.0,-0.04905,0.12753,9.79038
38227272345,21.65,-0.031956978604016174,0.06391395720803235,0.0,-0.17658,0.13734000000000002,9.67266
38232322850,21.65,-0.03834488366631542,0.03408628029144926,0.0,-0.21582,0.25506,9.70209
38237373355,21.65,-0.04260348704118158,0.0,0.0,-0.21582,0.25506,9.819809999999999
38242423860,21.65,-0.054332099614583476,-0.023439771854283843,0.0,-0.1962,0.1962,9.86886
38247474365,21.65,-0.06817256058289851,-0.03728023282259888,0.0,-0.13734000000000002,0.02943,9.80019
38252524870,21.65,-0.07777187146886733,-0.04581489286485115,0.0,-0.05886,0.0,9.81
38257575375,21.65,-0.0756251164889143,-0.044732788728614664,0.0,0.02943,0.0,9.69228
38262625880,21.65,-0.07990117315630041,-0.04260348704118158,0.0,0.15696000000000002,0.009810000000000001,9.770760000000001
38267676385,21.65,-0.06497860805174888,-0.044732788728614664,0.0,0.23544,-0.039240000000000004,9.64323
38272726890,21.65,-0.060720004676882725,-0.03621558197888234,0.0,0.33354000000000006,0.06867000000000001,9.69228
38277777395,21.65,-0.060720004676882725,-0.028763026072866547,0.0,0.45126,0.019620000000000002,9.87867
38282827900,21.65,-0.06178465552059926,-0.007452555906015787,0.0,0.41202000000000005,-0.039240000000000004,9.97677
38287878405,21.65,-0.06710790973918197,0.02663372438543347,0.0,0.28449,-0.02943,9.87867
38292928910,21.65,-0.05965535383316618,0.05113814708343386,0.0,0.24525000000000002,-0.10791,9.97677
38297979415,21.65,-0.05539675045830002,0.06923721142661506,0.0,0.08829,-0.06867000000000001,9.888480000000001
38303029920,21.65,-0.05113814708343386,0.07136651311404815,0.0,-0.06867000000000001,-0.02943,9.81
38308080425,21.65,-0.0404741853537485,0.05326744877086694,0.0,-0.18639,-0.039240000000000004,9.751140000000001
38313130930,21.65,-0.03834488366631542,0.028763026072866547,0.0,-0.26487,0.0,9.74133
38318181435,21.65,-0.03621558197888234,0.007452555906015787,0.0,-0.26487,0.009810000000000001,9.751140000000001
38323231940,21.65,-0.03728023282259888,-0.012775810124598492,0.0,-0.24525000000000002,0.019620000000000002,9.92772
38328282445,21.65,-0.03728023282259888,-0.03728023282259888,0.0,-0.1962,0.07848000000000001,9.908100000000001
38333332950,21.65,-0.04366813788489812,-0.060720004676882725,0.0,-0.05886,0.039240000000000004,9.819809999999999
38338383455,21.65,-0.05220279792715039,-0.07456046564519776,0.0,0.06867000000000001,0.07848000000000001,9.74133
38343433960,21.65,-0.04581489286485115,-0.06923721142661506,0.0,0.25506,0.30411,9.60399
38348484465,21.65,-0.054332099614583476,-0.044732788728614664,0.0,0.5493600000000001,0.1962,9.770760000000001
38353534970,21.65,-0.05965535383316618,-0.011711159280881954,0.0,0.48069000000000006,-0.019620000000000002,9.66285
38358585475,21.65,-0.09054768159346581,0.024504422698000388,0.0,0.32373,-0.02943,9.68247
38363635980,21.65,-0.08203047484373349,0.03834488366631542,0.0,0.25506,-0.16677000000000003,9.937529999999999
38368686485,21.65,-0.0852244273748831,0.044732788728614664,0.0,0.12753,-0.11772,10.03563
38373736990,21.65,-0.07883652231258387,0.05539675045830002,0.0,0.04905,-0.17658,9.96696
38378787495,21.65,-0.05539675045830002,0.049008845396000776,0.0,-0.019620000000000002,-0.15696000000000002,9.78057
38383838000,21.65,-0.046879543708567686,0.03834488366631542,0.0,-0.14715,-0.14715,9.74133
38388888505,21.65,-0.03408628029144926,0.024504422698000388,0.0,-0.16677000000000003,-0.13734000000000002,9.760950000000001
38393939010,21.65,-0.03515093113516579,0.01064650843716541,0.0,-0.24525000000000002,-0.0981,9.770760000000001
38398989515,21.65,-0.04260348704118158,-0.00958185759344887,0.0,-0.23544,-0.06867000000000001,9.81
38404040020,21.65,-0.04260348704118158,-0.039409534510031964,0.0,-0.15696000000000002,-0.019620000000000002,9.81
38409090525,21.65,-0.03728023282259888,-0.06604325889546543,0.0,0.0,0.019620000000000002,9.78057
38414141030,21.65,-0.024504422698000388,-0.07670722062515077,0.0,0.15696000000000002,0.02943,9.86886
38419191535,21.65,-0.014905111812031574,-0.06391395720803235,0.0,0.28449,0.2943,9.78057
38424242040,21.65,-0.033021629447732716,-0.02663372438543347,0.0,0.51012,-0.02943,9.94734
38429292545,21.65,-0.05007349623971732,0.008517206749732328,0.0,0.35316,0.009810000000000001,9.56475
38434343050,21.65,-0.08309512568745003,0.0404741853537485,0.0,0.31392000000000003,-0.039240000000000004,9.60399
38439393555,21.65,-0.07136651311404815,0.044732788728614664,0.0,0.16677000000000003,-0.07848000000000001,9.81
38444444060,21.65,-0.07990117315630041,0.05113814708343386,0.0,0.07848000000000001,-0.07848000000000001,9.937529999999999
38449494565,21.65,-0.05113814708343386,0.04260348704118158,0.0,-0.019620000000000002,-0.12753,10.006200000000002
38454545070,21.65,-0.049008845396000776,0.02982767691658309,0.0,-0.15696000000000002,-0.11772,9.96696
38459595575,21.65,-0.05326744877086694,0.01811651763570114,0.0,-0.17658,-0.10791,9.91791
38464646080,21.65,-0.06497860805174888,0.004258603374866164,0.0,-0.13734000000000002,-0.13734000000000002,9.70209
38469696585,21.65,-0.06604325889546543,-0.012775810124598492,0.0,-0.11772,-0.0981,9.58437
38474747090,21.65,-0.05965535383316618,-0.022375121010567305,0.0,-0.02943,-0.10791,9.633420000000001
38479797595,21.65,-0.04581489286485115,-0.03089232776029963,0.0,-0.009810000000000001,-0.10791,9.760950000000001
38484848100,21.65,-0.033021629447732716,-0.04581489286485115,0.0,0.06867000000000001,-0.06867000000000001,9.908100000000001
38489898605,21.65,-0.031956978604016174,-0.046879543708567686,0.0,0.11772,-0.06867000000000001,10.006200000000002
38494949110,21.65,-0.03515093113516579,-0.03621558197888234,0.0,0.24525000000000002,-0.05886,9.83943
38499999615,21.65,-0.05007349623971732,-0.007452555906015787,0.0,0.28449,-0.06867000000000001,9.7119
38505050120,21.65,-0.05113814708343386,0.021310470166850764,0.0,0.23544,-0.02943,9.65304
38510100625,21.65,-0.05113814708343386,0.03834488366631542,0.0,0.20601000000000003,-0.039240000000000004,9.65304
38515151130,21.65,-0.046879543708567686,0.02982767691658309,0.0,0.10791,-0.05886,9.80019
38520201635,21.65,-0.04581489286485115,0.020245819323134222,0.0,0.02943,-0.05886,9.937529999999999
38525252140,21.65,-0.046879543708567686,0.01064650843716541,0.0,0.019620000000000002,-0.039240000000000004,9.87867
38530302645,21.65,-0.05965535383316618,0.012775810124598492,0.0,-0.019620000000000002,-0.07848000000000001,9.91791
38535353150,21.65,-0.060720004676882725,0.006387905062299246,0.0,-0.05886,-0.11772,9.87867
38540403655,21.65,-0.06497860805174888,-0.006387905062299246,0.0,-0.02943,-0.12753,9.81
38545454160,21.65,-0.06284930636431581,-0.02663372438543347,0.0,0.0,-0.13734000000000002,9.78057
38550504665,21.65,-0.05646140130201656,-0.02769837522915001,0.0,0.05886,-0.13734000000000002,9.79038
38555555170,21.65,-0.054332099614583476,-0.023439771854283843,0.0,0.12753,-0.14715,9.751140000000001
38560605675,21.65,-0.05007349623971732,-0.015987215948268057,0.0,0.14715,-0.16677000000000003,9.82962
38565656180,21.65,-0.046879543708567686,-0.002129301687433082,0.0,0.18639,-0.18639,9.888480000000001
38570706685,21.65,-0.05220279792715039,0.007452555906015787,0.0,0.14715,-0.13734000000000002,9.888480000000001
38575757190,21.65,-0.05113814708343386,0.012775810124598492,0.0,0.0981,-0.15696000000000002,9.81
38580807695,21.65,-0.04794419455228423,0.02556907354171693,0.0,0.05886,-0.12753,9.751140000000001
38585858200,21.65,-0.039409534510031964,0.031956978604016174,0.0,0.019620000000000002,-0.13734000000000002,9.65304
38590908705,21.65,-0.02982767691658309,0.023439771854283843,0.0,-0.02943,-0.10791,9.68247
38595959210,21.65,-0.03515093113516579,0.014905111812031574,0.0,-0.05886,-0.0981,9.79038
38601009715,21.65,-0.04581489286485115,-0.002129301687433082,0.0,-0.10791,-0.10791,9.84924
38606060220,21.65,-0.05539675045830002,-0.01064650843716541,0.0,-0.10791,-0.08829,9.86886
38611110725,21.65,-0.05326744877086694,-0.00958185759344887,0.0,-0.05886,-0.0981,9.86886
38616161230,21.65,-0.05539675045830002,-0.020245819323134222,0.0,-0.009810000000000001,-0.10791,9.82962
38621211735,21.65,-0.05007349623971732,-0.02769837522915001,0.0,0.02943,-0.12753,9.82962
38626262240,21.65,-0.04794419455228423,-0.03089232776029963,0.0,0.13734000000000002,-0.11772,9.82962
38631312745,21.65,-0.05326744877086694,-0.02982767691658309,0.0,0.15696000000000002,-0.14715,9.760950000000001
38636363250,21.65,-0.06391395720803235,-0.00958185759344887,0.0,0.17658,-0.17658,9.81
38641413755,21.65,-0.06817256058289851,0.002129301687433082,0.0,0.1962,-0.16677000000000003,9.819809999999999
38646464260,21.65,-0.06391395720803235,0.00958185759344887,0.0,0.1962,-0.20601000000000003,9.81
38651514765,21.65,-0.05539675045830002,0.011711159280881954,0.0,0.12753,-0.18639,9.908100000000001
38656565270,21.65,-0.04581489286485115,0.011711159280881954,0.0,0.0981,-0.20601000000000003,9.888480000000001
38661615775,21.65,-0.04153883619746504,0.022375121010567305,0.0,0.07848000000000001,-0.24525000000000002,9.79038
38666666280,21.78,-0.04260348704118158,0.02769837522915001,0.0,0.02943,-0.17658,9.72171
38671716785,21.78,-0.04581489286485115,0.03408628029144926,0.0,-0.019620000000000002,-0.18639,9.66285
38676767290,21.78,-0.04794419455228423,0.03089232776029963,0.0,-0.10791,-0.18639,9.7119
38681817795,21.78,-0.05220279792715039,0.008517206749732328,0.0,-0.14715,-0.15696000000000002,9.82962
38686868300,21.78,-0.046879543708567686,-0.008517206749732328,0.0,-0.14715,-0.13734000000000002,9.908100000000001
38691918805,21.78,-0.04366813788489812,-0.01918116847941768,0.0,-0.08829,-0.15696000000000002,9.89829
38696969310,21.78,-0.04260348704118158,-0.03621558197888234,0.0,-0.02943,-0.16677000000000003,9.908100000000001
38702019815,21.78,-0.04260348704118158,-0.031956978604016174,0.0,0.05886,-0.17658,9.84924
38707070320,21.78,-0.05326744877086694,-0.01811651763570114,0.0,0.0981,-0.18639,9.79038
38712120825,21.78,-0.06178465552059926,-0.015987215948268057,0.0,0.13734000000000002,-0.20601000000000003,9.78057
38717171330,21.78,-0.05859070298944965,-0.00958185759344887,0.0,0.18639,-0.1962,9.7119
38722221835,21.78,-0.05326744877086694,-0.006387905062299246,0.0,0.1962,-0.18639,9.7119
38727272340,21.78,-0.04366813788489812,-0.003193952531149623,0.0,0.20601000000000003,-0.20601000000000003,9.83943
38732322845,21.78,-0.03834488366631542,0.006387905062299246,0.0,0.17658,-0.1962,9.91791
38737373350,21.78,-0.039409534510031964,0.014905111812031574,0.0,0.12753,-0.21582,9.908100000000001
38742423855,21.78,-0.05539675045830002,0.03089232776029963,0.0,0.07848000000000001,-0.22563,9.85905
38747474360,21.78,-0.05326744877086694,0.049008845396000776,0.0,0.009810000000000001,-0.21582,9.65304
38752524865,21.78,-0.054332099614583476,0.0404741853537485,0.0,-0.11772,-0.20601000000000003,9.56475
38757575370,21.78,-0.05007349623971732,0.024504422698000388,0.0,-0.13734000000000002,-0.20601000000000003,9.67266
38762625875,21.78,-0.03408628029144926,0.0,0.0,-0.12753,-0.21582,9.78057
38767676380,21.78,-0.03728023282259888,-0.01918116847941768,0.0,-0.15696000000000002,-0.1962,9.89829
38772726885,21.78,-0.044732788728614664,-0.03089232776029963,0.0,-0.11772,-0.22563,9.95715
38777777390,21.78,-0.05539675045830002,-0.024504422698000388,0.0,-0.019620000000000002,-0.22563,9.85905
38782827895,21.78,-0.06178465552059926,-0.02769837522915001,0.0,0.04905,-0.22563,9.82962
38787878400,21.78,-0.05646140130201656,-0.028763026072866547,0.0,0.0981,-0.24525000000000002,9.81
38792928905,21.78,-0.044732788728614664,-0.024504422698000388,0.0,0.16677000000000003,-0.23544,9.770760000000001
38797979410,21.78,-0.04581489286485115,-0.021310470166850764,0.0,0.17658,-0.23544,9.819809999999999
38803029915,21.78,-0.04153883619746504,-0.00958185759344887,0.0,0.22563,-0.25506,9.84924
38808080420,21.78,-0.046879543708567686,0.012775810124598492,0.0,0.21582,-0.26487,9.87867
38813130925,21.78,-0.05752605214573309,0.02663372438543347,0.0,0.13734000000000002,-0.28449,9.95715
38818181430,21.78,-0.05646140130201656,0.033021629447732716,0.0,0.04905,-0.26487,9.91791
38823231935,21.78,-0.046879543708567686,0.03515093113516579,0.0,-0.019620000000000002,-0.25506,9.79038
38828282440,21.78,-0.04581489286485115,0.024504422698000388,0.0,-0.039240000000000004,-0.28449,9.73152
38833332945,21.78,-0.039409534510031964,0.014905111812031574,0.0,-0.06867000000000001,-0.21582,9.67266
38838383450,21.78,-0.03089232776029963,0.0170518667919846,0.0,-0.08829,-0.21582,9.67266
38843433955,21.78,-0.03834488366631542,0.005323254218582705,0.0,-0.13734000000000002,-0.24525000000000002,9.770760000000001
38848484460,21.78,-0.046879543708567686,-0.006387905062299246,0.0,-0.12753,-0.22563,9.80019
38853534965,21.78,-0.044732788728614664,-0.020245819323134222,0.0,-0.07848000000000001,-0.24525000000000002,9.81
38858585470,21.78,-0.05007349623971732,-0.0404741853537485,0.0,0.0,-0.25506,9.83943
38863635975,21.78,-0.044732788728614664,-0.04260348704118158,0.0,0.08829,-0.20601000000000003,9.86886
38868686480,21.78,-0.0404741853537485,-0.02556907354171693,0.0,0.13734000000000002,-0.24525000000000002,9.85905
38873736985,21.78,-0.04366813788489812,-0.014905111812031574,0.0,0.15696000000000002,-0.26487,9.85905
38878787490,21.78,-0.05113814708343386,-0.01064650843716541,0.0,0.17658,-0.25506,9.81
38883837995,21.78,-0.05326744877086694,0.003193952531149623,0.0,0.17658,-0.27468000000000004,9.79038
38888888500,21.78,-0.054332099614583476,0.012775810124598492,0.0,0.13734000000000002,-0.30411,9.82962
38893939005,21.78,-0.05539675045830002,0.02556907354171693,0.0,0.07848000000000001,-0.30411,9.888480000000001
38898989510,21.78,-0.05007349623971732,0.03728023282259888,0.0,0.0,-0.33354000000000006,9.95715
38904040015,21.78,-0.04581489286485115,0.03408628029144926,0.0,-0.05886,-0.32373,9.97677
38909090520,21.78,-0.04581489286485115,0.014905111812031574,0.0,-0.07848000000000001,-0.32373,9.81
38914141025,21.78,-0.05113814708343386,0.001064650843716541,0.0,-0.0981,-0.33354000000000006,9.7119
38919191530,21.78,-0.049008845396000776,-0.005323254218582705,0.0,-0.07848000000000001,-0.31392000000000003,9.70209
38924242035,21.78,-0.04153883619746504,-0.003193952531149623,0.0,-0.05886,-0.31392000000000003,9.7119
38929292540,21.78,-0.04366813788489812,-0.008517206749732328,0.0,-0.039240000000000004,-0.32373,9.82962
38934343045,21.78,-0.03515093113516579,-0.021310470166850764,0.0,-0.039240000000000004,-0.31392000000000003,9.86886
38939393550,21.78,-0.03621558197888234,-0.022375121010567305,0.0,0.039240000000000004,-0.28449,9.78057
38944444055,21.78,-0.03515093113516579,-0.01811651763570114,0.0,0.07848000000000001,-0.25506,9.79038
38949494560,21.78,-0.03728023282259888,-0.008517206749732328,0.0,0.06867000000000001,-0.27468000000000004,9.78057
38954545065,21.78,-0.03515093113516579,0.01064650843716541,0.0,0.0981,-0.2943,9.79038
38959595570,21.78,-0.0404741853537485,0.015987215948268057,0.0,0.07848000000000001,-0.30411,9.770760000000001
38964646075,21.78,-0.04794419455228423,0.006387905062299246,0.0,0.04905,-0.26487,9.819809999999999
38969696580,21.78,-0.04260348704118158,-0.004258603374866164,0.0,0.02943,-0.2943,9.84924
38974747085,21.78,-0.04366813788489812,-0.004258603374866164,0.0,0.02943,-0.34335000000000004,9.89829
38979797590,21.78,-0.044732788728614664,0.0,0.0,0.02943,-0.31392000000000003,9.95715
38984848095,21.78,-0.04581489286485115,0.00958185759344887,0.0,0.02943,-0.35316,10.006200000000002
38989898600,21.78,-0.05113814708343386,0.00958185759344887,0.0,0.0,-0.36297,9.86886
38994949105,21.78,-0.054332099614583476,0.002129301687433082,0.0,-0.019620000000000002,-0.35316,9.74133
38999999610,21.78,-0.05113814708343386,0.002129301687433082,0.0,0.02943,-0.33354000000000006,9.74133
39005050115,21.78,-0.04794419455228423,-0.001064650843716541,0.0,0.0,-0.38259000000000004,9.81
39010100620,21.78,-0.04366813788489812,0.002129301687433082,0.0,0.0,-0.40221,9.86886
39015151125,21.78,-0.03621558197888234,0.005323254218582705,0.0,-0.009810000000000001,-0.36297,9.86886
39020201630,21.78,-0.033021629447732716,0.003193952531149623,0.0,-0.04905,-0.3924,9.84924
39025252135,21.78,-0.04260348704118158,-0.004258603374866164,0.0,-0.039240000000000004,-0.38259000000000004,9.79038
39030302640,21.78,-0.03408628029144926,-0.01064650843716541,0.0,-0.009810000000000001,-0.34335000000000004,9.7119
39035353145,21.78,-0.03834488366631542,-0.005323254218582705,0.0,0.019620000000000002,-0.33354000000000006,9.72171
39040403650,21.78,-0.02769837522915001,0.0,0.0,0.009810000000000001,-0.34335000000000004,9.770760000000001
39045454155,21.78,-0.024504422698000388,0.0,0.0,0.009810000000000001,-0.33354000000000006,9.7119
39050504660,21.78,-0.028763026072866547,0.001064650843716541,0.0,0.0,-0.31392000000000003,9.7119
39055555165,21.78,-0.03728023282259888,0.0,0.0,-0.05886,-0.27468000000000004,9.888480000000001
39060605670,21.78,-0.03728023282259888,0.006387905062299246,0.0,-0.04905,-0.28449,9.92772
39065656175,21.78,-0.04260348704118158,0.005323254218582705,0.0,-0.039240000000000004,-0.32373,9.86886
39070706680,21.78,-0.046879543708567686,0.002129301687433082,0.0,-0.0981,-0.32373,9.85905
39075757185,21.78,-0.046879543708567686,0.001064650843716541,0.0,-0.08829,-0.33354000000000006,9.85905
39080807690,21.78,-0.05113814708343386,-0.011711159280881954,0.0,-0.02943,-0.37278,9.83943
39085858195,21.78,-0.05220279792715039,-0.02663372438543347,0.0,0.009810000000000001,-0.38259000000000004,9.83943
39090908700,21.78,-0.05220279792715039,-0.03408628029144926,0.0,0.04905,-0.41202000000000005,9.92772
39095959205,21.78,-0.04794419455228423,-0.03089232776029963,0.0,0.12753,-0.41202000000000005,9.91791
39101009710,21.78,-0.04260348704118158,-0.01811651763570114,0.0,0.16677000000000003,-0.3924,9.94734
39106060215,21.78,-0.03728023282259888,0.0,0.0,0.20601000000000003,-0.43164,9.89829
39111110720,21.78,-0.04260348704118158,0.014905111812031574,0.0,0.18639,-0.41202000000000005,9.87867
39116161225,21.78,-0.04153883619746504,0.02556907354171693,0.0,0.10791,-0.43164,9.819809999999999
39121211730,21.78,-0.03089232776029963,0.03515093113516579,0.0,0.05886,-0.43164,9.72171
39126262235,21.78,-0.03089232776029963,0.033021629447732716,0.0,-0.039240000000000004,-0.3924,9.74133
39131312740,21.78,-0.03089232776029963,0.028763026072866547,0.0,-0.08829,-0.3924,9.82962
39136363245,21.78,-0.021310470166850764,0.02663372438543347,0.0,-0.13734000000000002,-0.36297,9.86886
39141413750,21.78,-0.022375121010567305,0.022375121010567305,0.0,-0.1962,-0.3924,9.80019
39146464255,21.78,-0.02769837522915001,0.00958185759344887,0.0,-0.23544,-0.36297,9.81
39151514760,21.78,-0.02982767691658309,-0.014905111812031574,0.0,-0.17658,-0.34335000000000004,9.73152
39156565265,21.78,-0.03089232776029963,-0.03728023282259888,0.0,-0.13734000000000002,-0.34335000000000004,9.623610000000001
39161615770,21.78,-0.02982767691658309,-0.0404741853537485,0.0,-0.02943,-0.31392000000000003,9.633420000000001
39166666275,21.78,-0.03089232776029963,-0.03089232776029963,0.0,0.039240000000000004,-0.32373,9.70209
39171716780,21.78,-0.028763026072866547,-0.031956978604016174,0.0,0.10791,-0.34335000000000004,9.84924
39176767285,21.78,-0.03621558197888234,-0.021310470166850764,0.0,0.13734000000000002,-0.36297,9.94734
39181817790,21.78,-0.04366813788489812,-0.004258603374866164,0.0,0.11772,-0.37278,9.89829
39186868295,21.78,-0.054332099614583476,0.006387905062299246,0.0,0.0981,-0.3924,9.85905
39191918800,21.78,-0.05220279792715039,0.01064650843716541,0.0,0.10791,-0.41202000000000005,9.83943
39196969305,21.78,-0.044732788728614664,0.014905111812031574,0.0,0.05886,-0.44145,9.86886
39202019810,21.78,-0.046879543708567686,0.0170518667919846,0.0,0.04905,-0.45126,9.888480000000001
39207070315,21.78,-0.044732788728614664,0.024504422698000388,0.0,-0.02943,-0.44145,9.96696
39212120820,21.78,-0.0404741853537485,0.022375121010567305,0.0,-0.05886,-0.49050000000000005,10.01601
39217171325,21.78,-0.039409534510031964,0.013840460968315033,0.005323254218582705,-0.0981,-0.50031,9.99639
39222221830,21.78,-0.044732788728614664,-0.002129301687433082,0.0,-0.10791,-0.51993,9.87867
39227272335,21.78,-0.04260348704118158,-0.00958185759344887,0.002129301687433082,-0.07848000000000001,-0.50031,9.81
39232322840,21.78,-0.031956978604016174,-0.01811651763570114,-0.002129301687433082,-0.05886,-0.50031,9.78057
39237373345,21.78,-0.01918116847941768,-0.014905111812031574,0.0,-0.009810000000000001,-0.49050000000000005,9.81
39242423850,21.78,-0.011711159280881954,-0.006387905062299246,0.0,0.0,-0.43164,9.819809999999999
39247474355,21.78,-0.013840460968315033,-0.004258603374866164,0.0,-0.019620000000000002,-0.43164,9.84924
39252524860,21.78,-0.022375121010567305,0.002129301687433082,0.0,0.0,-0.42183,9.78057
39257575365,21.78,-0.022375121010567305,0.012775810124598492,0.002129301687433082,0.02943,-0.41202000000000005,9.7119
39262625870,21.78,-0.024504422698000388,0.003193952531149623,0.001064650843716541,-0.039240000000000004,-0.41202000000000005,9.69228
39267676375,21.78,-0.015987215948268057,-0.006387905062299246,-0.003193952531149623,-0.039240000000000004,-0.35316,9.74133
39272726880,21.78,-0.006387905062299246,-0.011711159280881954,0.001064650843716541,0.009810000000000001,-0.36297,9.70209
39277777385,21.78,-0.011711159280881954,-0.004258603374866164,-0.001064650843716541,0.0,-0.35316,9.74133
39282827890,21.78,-0.01918116847941768,0.007452555906015787,-0.003193952531149623,0.0,-0.36297,9.770760000000001
39287878395,21.78,-0.03408628029144926,0.013840460968315033,-0.001064650843716541,0.009810000000000001,-0.36297,9.760950000000001
39292928900,21.78,-0.046879543708567686,0.007452555906015787,0.0,-0.06867000000000001,-0.37278,9.760950000000001
39297979405,21.78,-0.05007349623971732,0.006387905062299246,0.0,-0.06867000000000001,-0.3924,9.751140000000001
39303029910,21.78,-0.04581489286485115,-0.003193952531149623,0.002129301687433082,-0.07848000000000001,-0.40221,9.78057
39308080415,21.78,-0.04260348704118158,-0.015987215948268057,0.0,-0.04905,-0.42183,9.83943
39313130920,21.78,-0.03621558197888234,-0.022375121010567305,0.0,-0.009810000000000001,-0.45126,9.89829
39318181425,21.78,-0.0404741853537485,-0.01064650843716541,-0.004258603374866164,0.06867000000000001,-0.47088,9.91791
39323231930,21.78,-0.046879543708567686,0.002129301687433082,-0.001064650843716541,0.039240000000000004,-0.51012,9.908100000000001
39328282435,21.78,-0.05113814708343386,0.033021629447732716,-0.002129301687433082,-0.039240000000000004,-0.5493600000000001,9.91791
39333332940,21.78,-0.04794419455228423,0.05113814708343386,0.0,-0.13734000000000002,-0.5493600000000001,9.85905
39338383445,21.78,-0.046879543708567686,0.031956978604016174,0.003193952531149623,-0.20601000000000003,-0.5395500000000001,9.937529999999999
39343433950,21.78,-0.039409534510031964,-0.002129301687433082,0.001064650843716541,-0.21582,-0.56898,9.99639
39348484455,21.78,-0.024504422698000388,-0.033021629447732716,0.0,-0.15696000000000002,-0.57879,9.96696
39353534960,21.78,-0.020245819323134222,-0.05113814708343386,0.001064650843716541,-0.04905,-0.5591700000000001,9.94734
39358585465,21.78,-0.013840460968315033,-0.046879543708567686,-0.001064650843716541,0.04905,-0.56898,9.937529999999999
39363635970,21.78,-0.008517206749732328,-0.024504422698000388,-0.001064650843716541,0.10791,-0.51012,9.908100000000001
39368686475,21.78,-0.01064650843716541,0.001064650843716541,-0.003193952531149623,0.13734000000000002,-0.5395500000000001,9.89829
39373736980,21.78,-0.008517206749732328,0.031956978604016174,0.0,0.08829,-0.50031,9.819809999999999
39378787485,21.78,-0.00958185759344887,0.054332099614583476,0.004258603374866164,-0.02943,-0.46107000000000004,9.72171
39383837990,21.78,-0.012775810124598492,0.054332099614583476,0.001064650843716541,-0.13734000000000002,-0.44145,9.65304
39388888495,21.78,-0.006387905062299246,0.024504422698000388,0.002129301687433082,-0.1962,-0.40221,9.68247
39393939000,21.78,0.0,-0.01064650843716541,0.0,-0.22563,-0.38259000000000004,9.72171
39398989505,21.78,-0.003193952531149623,-0.04581489286485115,-0.002129301687433082,-0.15696000000000002,-0.40221,9.82962
39404040010,21.78,-0.004258603374866164,-0.05326744877086694,-0.003193952531149623,-0.039240000000000004,-0.37278,9.84924
39409090515,21.78,-0.01811651763570114,-0.03728023282259888,0.0,0.07848000000000001,-0.40221,9.79038
39414141020,21.78,-0.02769837522915001,-0.005323254218582705,0.0,0.08829,-0.40221,9.73152
39419191525,21.78,-0.02982767691658309,0.023439771854283843,0.004258603374866164,0.08829,-0.3924,9.623610000000001
39424242030,21.78,-0.03621558197888234,0.04366813788489812,0.0,0.009810000000000001,-0.41202000000000005,9.65304
39429292535,21.78,-0.03408628029144926,0.05007349623971732,0.001064650843716541,-0.15696000000000002,-0.43164,9.760950000000001
39434343040,21.78,-0.03408628029144926,0.046879543708567686,0.0,-0.25506,-0.46107000000000004,9.85905
39439393545,21.78,-0.03728023282259888,0.028763026072866547,0.0,-0.34335000000000004,-0.49050000000000005,9.92772
39444444050,21.78,-0.04794419455228423,-0.002129301687433082,0.0,-0.35316,-0.52974,9.92772
39449494555,21.78,-0.046879543708567686,-0.03834488366631542,0.001064650843716541,-0.26487,-0.51993,9.85905
39454545060,21.78,-0.044732788728614664,-0.06178465552059926,-0.001064650843716541,-0.13734000000000002,-0.5395500000000001,9.79038
39459595565,21.78,-0.03408628029144926,-0.07136651311404815,0.0,0.02943,-0.5591700000000001,9.83943
39464646070,21.78,-0.02769837522915001,-0.06391395720803235,-0.001064650843716541,0.14715,-0.60822,9.83943
39469696575,21.78,-0.021310470166850764,-0.05007349623971732,-0.003193952531149623,0.26487,-0.5886,9.91791
39474747080,21.78,-0.023439771854283843,-0.03515093113516579,-0.002129301687433082,0.32373,-0.5886,9.95715
39479797585,21.78,-0.024504422698000388,0.0,0.0,0.35316,-0.5591700000000001,9.95715
39484848090,21.78,-0.01918116847941768,0.04260348704118158,0.001064650843716541,0.27468000000000004,-0.56898,9.937529999999999
39489898595,21.78,-0.011711159280881954,0.08096582400001695,-0.002129301687433082,0.11772,-0.52974,9.92772
39494949100,21.78,0.0,0.10225884087434776,0.002129301687433082,-0.0981,-0.48069000000000006,9.89829
39499999605,21.78,0.005323254218582705,0.09693558665576507,0.001064650843716541,-0.30411,-0.49050000000000005,9.85905
39505050110,21.78,0.0,0.07136651311404815,0.0,-0.47088,-0.46107000000000004,9.81
39510100615,21.78,-0.003193952531149623,0.03728023282259888,0.0,-0.5493600000000001,-0.43164,9.74133
39515151120,21.78,-0.020245819323134222,0.0,0.001064650843716541,-0.5395500000000001,-0.46107000000000004,9.770760000000001
39520201625,21.78,-0.022375121010567305,-0.044732788728614664,0.001064650843716541,-0.51993,-0.44145,9.85905
39525252130,21.78,-0.01811651763570114,-0.08841837990603273,0.002129301687433082,-0.32373,-0.49050000000000005,9.908100000000001
39530302635,21.78,-0.01064650843716541,-0.12356931104119852,-0.001064650843716541,-0.0981,-0.48069000000000006,9.89829
39535353140,21.78,-0.007452555906015787,-0.13634512116579703,-0.003193952531149623,0.20601000000000003,-0.49050000000000005,9.83943
39540403645,21.78,-0.00958185759344887,-0.1171814059788993,0.0,0.49050000000000005,-0.50031,9.79038
39545454150,21.78,-0.011711159280881954,-0.06710790973918197,0.002129301687433082,0.63765,-0.51012,9.69228
39550504655,21.78,-0.01811651763570114,-0.01064650843716541,0.0,0.69651,-0.52974,9.751140000000001
39555555160,21.78,-0.020245819323134222,0.03408628029144926,0.0,0.60822,-0.49050000000000005,9.83943
39560605665,21.78,-0.023439771854283843,0.07243116395776468,0.0,0.46107000000000004,-0.51012,9.937529999999999
39565656170,21.78,-0.021310470166850764,0.10545279340549739,-0.001064650843716541,0.23544,-0.51993,10.006200000000002
39570706675,21.78,-0.013840460968315033,0.12144000935376545,0.0,-0.039240000000000004,-0.51993,10.01601
39575757180,21.78,-0.008517206749732328,0.12250466019748199,0.0,-0.26487,-0.52974,9.89829
39580807685,21.78,-0.011711159280881954,0.10545279340549739,0.002129301687433082,-0.46107000000000004,-0.50031,9.73152
39585858190,21.78,-0.01918116847941768,0.08096582400001695,-0.002129301687433082,-0.6278400000000001,-0.46107000000000004,9.633420000000001
39590908695,21.78,-0.02556907354171693,0.05220279792715039,-0.003193952531149623,-0.72594,-0.47088,9.64323
39595959200,21.78,-0.01918116847941768,0.006387905062299246,0.0,-0.7651800000000001,-0.50031,9.72171
39601009705,21.78,-0.014905111812031574,-0.044732788728614664,0.0,-0.69651,-0.50031,9.80019
39606060210,21.78,-0.015987215948268057,-0.09161233243718235,0.0,-0.5493600000000001,-0.52974,9.94734
39611110715,21.78,-0.015987215948268057,-0.12569861272863161,0.0,-0.28449,-0.5591700000000001,9.96696
39616161220,21.78,-0.015987215948268057,-0.1352804703220805,-0.004258603374866164,-0.009810000000000001,-0.60822,9.99639
39621211725,21.78,-0.012775810124598492,-0.12144000935376545,0.0,0.26487,-0.59841,9.89829
39626262230,21.78,-0.012775810124598492,-0.09480628496833199,0.0,0.49050000000000005,-0.57879,9.770760000000001
39631312735,21.78,-0.004258603374866164,-0.06178465552059926,0.0,0.65727,-0.5493600000000001,9.74133
39636363240,21.78,0.003193952531149623,-0.012775810124598492,0.0,0.71613,-0.56898,9.74133
39641413745,21.78,0.004258603374866164,0.03515093113516579,-0.002129301687433082,0.6180300000000001,-0.51993,9.80019
39646464250,21.78,0.00958185759344887,0.0756251164889143,0.0,0.47088,-0.49050000000000005,9.888480000000001
39651514755,21.78,0.005323254218582705,0.10225884087434776,-0.003193952531149623,0.26487,-0.49050000000000005,9.87867
39656565260,21.78,0.0,0.10545279340549739,-0.001064650843716541,0.0,-0.46107000000000004,9.89829
39661615765,21.78,0.0,0.10012953918691468,0.0,-0.1962,-0.45126,9.819809999999999
39666666270,21.78,-0.001064650843716541,0.0756251164889143,-0.001064650843716541,-0.37278,-0.44145,9.80019
39671716775,21.78,-0.005323254218582705,0.04794419455228423,0.0,-0.48069000000000006,-0.44145,9.86886
39676767280,21.78,-0.015987215948268057,0.015987215948268057,-0.002129301687433082,-0.51012,-0.47088,9.92772
39681817785,21.78,-0.01918116847941768,-0.01811651763570114,0.0,-0.48069000000000006,-0.48069000000000006,9.96696
39686868290,21.78,-0.023439771854283843,-0.049008845396000776,0.0,-0.3924,-0.5493600000000001,9.97677
39691918795,21.78,-0.02982767691658309,-0.07030186227033158,0.0,-0.31392000000000003,-0.57879,9.92772
39696969300,21.78,-0.02663372438543347,-0.0852244273748831,0.001064650843716541,-0.07848000000000001,-0.60822,9.888480000000001
39702019805,21.78,-0.014905111812031574,-0.08415977653116657,0.0,0.11772,-0.60822,9.79038
39707070310,21.78,-0.01064650843716541,-0.07243116395776468,-0.002129301687433082,0.27468000000000004,-0.63765,9.751140000000001
39712120815,21.78,0.001064650843716541,-0.05326744877086694,0.0,0.42183,-0.6180300000000001,9.68247
39717171320,21.78,0.004258603374866164,-0.028763026072866547,0.0,0.50031,-0.5886,9.68247
39722221825,21.78,0.007452555906015787,0.002129301687433082,0.0,0.50031,-0.56898,9.72171
39727272330,21.78,0.013840460968315033,0.03515093113516579,0.0,0.43164,-0.51993,9.760950000000001
39732322835,21.78,0.015987215948268057,0.054332099614583476,0.0,0.30411,-0.51012,9.751140000000001
39737373340,21.78,0.01811651763570114,0.05965535383316618,0.0,0.16677000000000003,-0.43164,9.7119
39742423845,21.78,0.014905111812031574,0.06391395720803235,0.0,0.019620000000000002,-0.42183,9.68247
39747474350,21.78,0.012775810124598492,0.05965535383316618,0.0,-0.05886,-0.37278,9.65304
39752524855,21.78,0.013840460968315033,0.049008845396000776,0.0,-0.20601000000000003,-0.41202000000000005,9.751140000000001
39757575360,21.78,0.0,0.033021629447732716,0.0,-0.30411,-0.41202000000000005,9.82962
39762625865,21.78,-0.003193952531149623,0.028763026072866547,0.0,-0.35316,-0.40221,9.86886
39767676370,21.78,-0.012775810124598492,0.05326744877086694,0.0,-0.48069000000000006,-0.41202000000000005,9.888480000000001
39772726875,21.78,-0.024504422698000388,0.07456046564519776,0.0,-0.6180300000000001,-0.46107000000000004,9.888480000000001
39777777380,21.78,-0.028763026072866547,0.054332099614583476,0.0,-0.6278400000000001,-0.52974,9.81
39782827885,21.78,-0.03728023282259888,0.033021629447732716,0.0,-0.6670800000000001,-0.5493600000000001,9.74133
39787878390,21.78,-0.04153883619746504,0.01918116847941768,0.0,-0.7749900000000001,-0.5591700000000001,9.73152
39792928895,21.78,-0.03728023282259888,-0.02663372438543347,0.0,-0.8240400000000001,-0.59841,9.79038
39797979400,21.78,-0.02982767691658309,-0.0852244273748831,0.0,-0.65727,-0.6768900000000001,10.006200000000002
39803029905,21.78,-0.02982767691658309,-0.13102186694721432,0.0,-0.3924,-0.6867000000000001,10.212209999999999
39808080410,21.78,-0.02663372438543347,-0.14913838458291545,0.0,-0.039240000000000004,-0.71613,10.22202
39813130915,21.78,-0.0170518667919846,-0.16084954386379738,0.0,0.21582,-0.74556,10.182780000000001
39818181420,21.78,-0.002129301687433082,-0.17470745812463237,0.0,0.5886,-0.72594,9.99639
39823231925,21.78,0.00958185759344887,-0.15126768627034853,0.0,0.9908100000000001,-0.71613,9.86886
39828282430,21.78,0.02663372438543347,-0.10653489754173388,0.0,1.20663,-0.69651,9.86886
39833332935,21.78,0.04581489286485115,-0.04260348704118158,0.0,1.29492,-0.6180300000000001,9.819809999999999
39838383440,21.78,0.05326744877086694,0.04794419455228423,-0.005323254218582705,1.1870100000000001,-0.5591700000000001,9.84924
39843433945,21.78,0.05539675045830002,0.13955652698946658,0.001064650843716541,0.9123300000000001,-0.51012,9.82962
39848484450,21.78,0.044732788728614664,0.19387117331153014,0.0,0.5591700000000001,-0.44145,9.82962
39853534955,21.78,0.03621558197888234,0.20347048419749894,-0.004258603374866164,0.14715,-0.37278,9.7119
39858585460,21.78,0.03834488366631542,0.2151816434783809,-0.002129301687433082,-0.25506,-0.2943,9.623610000000001
39863635965,21.78,0.03834488366631542,0.20985838925979816,0.0,-0.74556,-0.27468000000000004,9.59418
39868686470,21.78,0.03408628029144926,0.16191419470751395,-0.003193952531149623,-1.03005,-0.25506,9.496080000000001
39873736975,21.78,0.020245819323134222,0.08203047484373349,0.001064650843716541,-1.19682,-0.24525000000000002,9.47646
39878787480,21.78,-0.00958185759344887,0.012775810124598492,-0.002129301687433082,-1.22625,-0.27468000000000004,9.45684
39883837985,21.78,-0.028763026072866547,-0.05113814708343386,0.0,-1.1772,-0.35316,9.6138
39888888490,21.78,-0.03728023282259888,-0.1097288500728835,0.0,-0.95157,-0.37278,9.68247
39893938995,21.78,-0.04581489286485115,-0.15126768627034853,0.0,-0.6670800000000001,-0.46107000000000004,9.770760000000001
39898989500,21.78,-0.04153883619746504,-0.19493582415524666,0.001064650843716541,-0.33354000000000006,-0.51993,9.82962
39904040005,21.78,-0.03515093113516579,-0.20879373841608162,0.002129301687433082,0.10791,-0.6180300000000001,9.937529999999999
39909090510,21.78,-0.03515093113516579,-0.18854791909294744,-0.001064650843716541,0.51993,-0.6670800000000001,9.91791
39914141015,21.78,-0.03621558197888234,-0.13208651779093086,-0.001064650843716541,0.80442,-0.73575,9.97677
39919191520,21.78,-0.03621558197888234,-0.07030186227033158,0.0,0.9711900000000001,-0.7651800000000001,9.98658
39924242025,21.78,-0.022375121010567305,-0.015987215948268057,0.0,1.00062,-0.7651800000000001,10.11411
39929292530,21.78,-0.005323254218582705,0.046879543708567686,-0.002129301687433082,0.89271,-0.74556,10.163160000000001
39934343035,21.78,0.00958185759344887,0.08203047484373349,0.002129301687433082,0.73575,-0.72594,10.2024
39939393540,21.78,0.020245819323134222,0.10225884087434776,-0.001064650843716541,0.49050000000000005,-0.69651,10.15335
39944444045,21.78,0.031956978604016174,0.11931070766633237,-0.002129301687433082,0.27468000000000004,-0.63765,10.045440000000001
39949494550,21.78,0.039409534510031964,0.1331511686346474,0.0,0.0,-0.60822,9.98658
39954545055,21.78,0.046879543708567686,0.12356931104119852,0.0,-0.21582,-0.5493600000000001,9.87867
39959595560,21.78,0.03728023282259888,0.10653489754173388,-0.002129301687433082,-0.42183,-0.51012,9.82962
39964646065,21.78,0.039409534510031964,0.09267698328089889,-0.001064650843716541,-0.6278400000000001,-0.45126,9.89829
39969696570,21.78,0.03728023282259888,0.07456046564519776,0.001064650843716541,-0.8142300000000001,-0.45126,9.89829
39974747075,21.78,0.03834488366631542,0.03515093113516579,0.002129301687433082,-0.8829,-0.41202000000000005,9.87867
39979797580,21.78,0.03728023282259888,-0.008517206749732328,0.002129301687433082,-0.85347,-0.42183,9.760950000000001
39984848085,21.78,0.022375121010567305,-0.05220279792715039,0.001064650843716541,-0.73575,-0.3924,9.70209
39989898590,21.78,0.01918116847941768,-0.09374163412461543,0.0,-0.52974,-0.3924,9.623610000000001
39994949095,21.78,0.012775810124598492,-0.1278279144160647,0.002129301687433082,-0.2943,-0.43164,9.60399
39999999600,21.78,0.013840460968315033,-0.15126768627034853,0.001064650843716541,0.019620000000000002,-0.47088,9.69228
40005050105,21.78,0.002129301687433082,-0.16938420390604966,0.001064650843716541,0.34335000000000004,-0.50031,9.82962
40010100610,21.78,0.007452555906015787,-0.15978489302008084,0.0,0.6867000000000001,-0.51993,9.888480000000001
40015151115,21.78,0.003193952531149623,-0.11292280260403312,-0.001064650843716541,0.9319500000000001,-0.5395500000000001,9.89829
40020201620,21.78,0.01064650843716541,-0.03621558197888234,-0.003193952531149623,1.03986,-0.5395500000000001,9.888480000000001
40025252125,21.78,0.007452555906015787,0.05326744877086694,-0.001064650843716541,0.95157,-0.5493600000000001,9.770760000000001
40030302630,21.78,0.004258603374866164,0.1331511686346474,-0.001064650843716541,0.69651,-0.51993,9.760950000000001
40035353135,21.78,0.011711159280881954,0.19067722078038052,0.0,0.30411,-0.51012,9.74133
40040403640,21.78,0.015987215948268057,0.21944024685324706,0.001064650843716541,-0.10791,-0.50031,9.73152
40045454145,21.78,0.012775810124598492,0.19814722997891623,0.0,-0.5591700000000001,-0.47088,9.64323
40050504650,21.78,0.012775810124598492,0.13421581947836395,0.0,-0.86328,-0.47088,9.70209
40055555155,21.78,0.0170518667919846,0.05220279792715039,0.001064650843716541,-0.9908100000000001,-0.44145,9.760950000000001
40060605660,21.78,0.015987215948268057,-0.03621558197888234,0.001064650843716541,-0.94176,-0.47088,9.760950000000001
40065656165,21.78,0.020245819323134222,-0.11611675513518273,0.0,-0.73575,-0.49050000000000005,9.80019
40070706670,21.78,0.007452555906015787,-0.16191419470751395,-0.003193952531149623,-0.40221,-0.49050000000000005,9.82962
40075757175,21.78,0.008517206749732328,-0.16404349639494703,-0.004258603374866164,-0.039240000000000004,-0.52974,9.91791
40080807680,21.78,0.00958185759344887,-0.14594443205176583,0.0,0.25506,-0.59841,9.92772
40085858185,21.78,0.008517206749732328,-0.10438814256178083,0.004258603374866164,0.48069000000000006,-0.57879,9.99639
40090908690,21.78,0.005323254218582705,-0.05752605214573309,0.0,0.60822,-0.59841,9.98658
40095959195,21.78,0.003193952531149623,-0.00958185759344887,0.0,0.6278400000000001,-0.5886,10.006200000000002
40101009700,21.78,0.01811651763570114,0.02663372438543347,0.001064650843716541,0.5591700000000001,-0.56898,9.94734
40106060205,21.78,0.02982767691658309,0.05113814708343386,0.001064650843716541,0.45126,-0.5591700000000001,9.87867
40111110710,21.78,0.02982767691658309,0.06178465552059926,-0.002129301687433082,0.33354000000000006,-0.52974,9.85905
40116161215,21.78,0.03515093113516579,0.07349581480148122,-0.004258603374866164,0.1962,-0.49050000000000005,9.84924
40121211720,21.78,0.03515093113516579,0.09374163412461543,-0.001064650843716541,0.02943,-0.46107000000000004,9.83943
40126262225,21.78,0.028763026072866547,0.10759954838545042,0.0,-0.20601000000000003,-0.48069000000000006,9.86886
40131312730,21.78,0.022375121010567305,0.10119419003063122,0.0,-0.43164,-0.43164,9.86886
40136363235,21.78,0.01811651763570114,0.06710790973918197,0.002129301687433082,-0.5591700000000001,-0.44145,9.770760000000001
40141413740,21.78,0.014905111812031574,0.015987215948268057,0.0,-0.59841,-0.43164,9.760950000000001
40146464245,21.78,0.020245819323134222,-0.031956978604016174,0.0,-0.56898,-0.45126,9.69228
40151514750,21.78,0.02663372438543347,-0.07883652231258387,0.0,-0.41202000000000005,-0.45126,9.68247
40156565255,21.78,0.024504422698000388,-0.10332349171806432,-0.002129301687433082,-0.17658,-0.46107000000000004,9.73152
40161615760,21.78,0.020245819323134222,-0.10545279340549739,-0.001064650843716541,0.02943,-0.47088,9.770760000000001
40166666265,21.78,0.021310470166850764,-0.08841837990603273,0.0,0.1962,-0.49050000000000005,9.760950000000001
40171716770,21.78,0.0170518667919846,-0.05752605214573309,-0.002129301687433082,0.33354000000000006,-0.50031,9.770760000000001
40176767275,21.78,0.013840460968315033,-0.024504422698000388,0.0,0.40221,-0.50031,9.80019
40181817780,21.78,0.01064650843716541,-0.001064650843716541,0.0,0.41202000000000005,-0.45126,9.770760000000001
40186868285,21.78,0.014905111812031574,0.002129301687433082,0.003193952531149623,0.38259000000000004,-0.51012,9.81
40191918790,21.78,0.02556907354171693,0.011711159280881954,0.0,0.31392000000000003,-0.46107000000000004,9.888480000000001
40196969295,21.78,0.02556907354171693,0.023439771854283843,-0.003193952531149623,0.30411,-0.47088,9.888480000000001
40202019800,21.78,0.024504422698000388,0.049008845396000776,-0.003193952531149623,0.18639,-0.47088,9.97677
40207070305,21.78,0.02769837522915001,0.06817256058289851,-0.001064650843716541,0.06867000000000001,-0.46107000000000004,9.95715
40212120810,21.78,0.013840460968315033,0.08841837990603273,-0.001064650843716541,-0.05886,-0.48069000000000006,9.97677
40217171315,21.78,0.006387905062299246,0.08841837990603273,0.0,-0.28449,-0.49050000000000005,9.94734
40222221820,21.78,0.003193952531149623,0.07456046564519776,0.0,-0.46107000000000004,-0.51993,9.82962
40227272325,21.78,0.008517206749732328,0.031956978604016174,0.002129301687433082,-0.51012,-0.51012,9.81
40232322830,21.78,0.011711159280881954,-0.0170518667919846,-0.001064650843716541,-0.48069000000000006,-0.50031,9.83943
40237373335,21.78,0.02663372438543347,-0.06284930636431581,-0.001064650843716541,-0.36297,-0.51993,9.91791
40242423840,21.78,0.03408628029144926,-0.08203047484373349,-0.001064650843716541,-0.18639,-0.5493600000000001,9.94734
40247474345,21.78,0.031956978604016174,-0.07990117315630041,0.0,-0.019620000000000002,-0.5493600000000001,9.99639
40252524850,21.78,0.031956978604016174,-0.05539675045830002,0.001064650843716541,0.10791,-0.5395500000000001,9.888480000000001
40257575355,21.78,0.02556907354171693,-0.02982767691658309,0.0,0.17658,-0.5395500000000001,9.7119
40262625860,21.78,0.02982767691658309,-0.013840460968315033,0.002129301687433082,0.23544,-0.51012,9.68247
40267676365,21.78,0.033021629447732716,-0.007452555906015787,0.0,0.23544,-0.46107000000000004,9.633420000000001
40272726870,21.78,0.04794419455228423,-0.0170518667919846,0.002129301687433082,0.24525000000000002,-0.45126,9.65304
40277777375,21.78,0.05965535383316618,-0.014905111812031574,0.0,0.27468000000000004,-0.41202000000000005,9.819809999999999
40282827880,21.78,0.05965535383316618,0.002129301687433082,0.0,0.27468000000000004,-0.40221,9.92772
40287878385,21.78,0.049008845396000776,0.02982767691658309,-0.005323254218582705,0.22563,-0.3924,9.937529999999999
40292928890,21.78,0.02982767691658309,0.054332099614583476,0.0,0.0981,-0.40221,9.85905
40297979395,21.78,0.024504422698000388,0.07136651311404815,0.0,-0.019620000000000002,-0.34335000000000004,9.633420000000001
40303029900,21.78,0.022375121010567305,0.06497860805174888,0.0,-0.16677000000000003,-0.36297,9.48627
40308080405,21.78,0.031956978604016174,0.03621558197888234,0.0,-0.21582,-0.36297,9.56475
40313130910,21.78,0.03515093113516579,0.01064650843716541,-0.001064650843716541,-0.27468000000000004,-0.36297,9.633420000000001
40318181415,21.78,0.02982767691658309,-0.00958185759344887,-0.003193952531149623,-0.27468000000000004,-0.3924,9.89829
40323231920,21.78,0.015987215948268057,-0.01811651763570114,-0.003193952531149623,-0.25506,-0.3924,9.99639
40328282425,21.78,0.003193952531149623,-0.023439771854283843,0.0,-0.20601000000000003,-0.46107000000000004,9.99639
40333332930,21.78,-0.01064650843716541,-0.03408628029144926,0.001064650843716541,-0.11772,-0.45126,9.87867
40338383435,21.78,-0.006387905062299246,-0.04366813788489812,0.001064650843716541,0.0,-0.50031,9.78057
40343433940,21.78,0.015987215948268057,-0.04794419455228423,0.002129301687433082,0.07848000000000001,-0.51012,9.69228
40348484445,21.78,0.02556907354171693,-0.039409534510031964,0.0,0.18639,-0.5395500000000001,9.72171
40353534950,21.78,0.033021629447732716,-0.02556907354171693,0.0,0.20601000000000003,-0.52974,9.888480000000001
40358585455,21.78,0.020245819323134222,-0.004258603374866164,-0.003193952531149623,0.23544,-0.52974,9.95715
40363635960,21.78,0.020245819323134222,0.004258603374866164,0.0,0.22563,-0.52974,10.01601
40368686465,21.78,0.023439771854283843,0.012775810124598492,0.001064650843716541,0.1962,-0.5395500000000001,10.03563
40373736970,21.78,0.033021629447732716,0.02982767691658309,0.0,0.15696000000000002,-0.50031,9.91791
40378787475,21.78,0.046879543708567686,0.04260348704118158,-0.003193952531149623,0.07848000000000001,-0.47088,9.80019
40383837980,21.78,0.05859070298944965,0.05539675045830002,-0.002129301687433082,-0.02943,-0.44145,9.79038
40388888485,21.78,0.060720004676882725,0.05859070298944965,-0.002129301687433082,-0.14715,-0.41202000000000005,9.74133
40393938990,21.78,0.04153883619746504,0.04260348704118158,0.0,-0.25506,-0.40221,9.80019
40398989495,21.78,0.02982767691658309,0.0170518667919846,0.0,-0.31392000000000003,-0.3924,9.84924
40404040000,21.78,0.028763026072866547,-0.01811651763570114,0.0,-0.30411,-0.3924,9.89829
40409090505,21.78,0.03515093113516579,-0.04260348704118158,-0.002129301687433082,-0.23544,-0.38259000000000004,9.95715
40414141010,21.78,0.044732788728614664,-0.04794419455228423,-0.001064650843716541,-0.13734000000000002,-0.3924,9.97677
40419191515,21.78,0.054332099614583476,-0.05220279792715039,0.0,0.0,-0.40221,9.84924
40424242020,21.78,0.039409534510031964,-0.049008845396000776,0.0,0.07848000000000001,-0.41202000000000005,9.78057
40429292525,21.78,0.02663372438543347,-0.044732788728614664,0.0,0.1962,-0.40221,9.68247
40434343030,21.78,0.0170518667919846,-0.03621558197888234,0.0,0.30411,-0.41202000000000005,9.57456
40439393535,21.78,0.023439771854283843,-0.022375121010567305,0.001064650843716541,0.34335000000000004,-0.41202000000000005,9.67266
40444444040,21.78,0.03089232776029963,-0.005323254218582705,0.0,0.34335000000000004,-0.44145,9.89829
40449494545,21.78,0.04260348704118158,0.012775810124598492,-0.004258603374866164,0.30411,-0.42183,10.006200000000002
40454545050,21.78,0.05007349623971732,0.033021629447732716,-0.001064650843716541,0.22563,-0.41202000000000005,10.05525
40459595555,21.78,0.04153883619746504,0.05646140130201656,-0.001064650843716541,0.13734000000000002,-0.41202000000000005,9.87867
40464646060,21.78,0.02982767691658309,0.07670722062515077,0.0,0.0,-0.40221,9.55494
40469696565,21.78,0.01918116847941768,0.07883652231258387,0.0,-0.15696000000000002,-0.3924,9.44703
40474747070,21.78,0.024504422698000388,0.05859070298944965,0.001064650843716541,-0.27468000000000004,-0.38259000000000004,9.53532
40479797575,21.78,0.03515093113516579,0.028763026072866547,-0.001064650843716541,-0.36297,-0.35316,9.760950000000001
40484848080,21.78,0.04794419455228423,-0.006387905062299246,0.0,-0.40221,-0.36297,9.96696
40489898585,21.78,0.044732788728614664,-0.03408628029144926,-0.002129301687433082,-0.37278,-0.36297,10.06506
40494949090,21.78,0.03834488366631542,-0.05646140130201656,0.0,-0.23544,-0.40221,9.95715
40499999595,21.78,0.02769837522915001,-0.06710790973918197,0.0,-0.06867000000000001,-0.41202000000000005,9.79038
40505050100,21.78,0.020245819323134222,-0.060720004676882725,0.0,0.10791,-0.41202000000000005,9.65304
40510100605,21.78,0.02556907354171693,-0.03728023282259888,0.001064650843716541,0.18639,-0.41202000000000005,9.58437
40515151110,21.78,0.03621558197888234,-0.02769837522915001,-0.004258603374866164,0.22563,-0.3924,9.73152
40520201615,21.78,0.04153883619746504,-0.022375121010567305,-0.002129301687433082,0.27468000000000004,-0.36297,9.87867
40525252120,21.78,0.04581489286485115,-0.01918116847941768,0.0,0.26487,-0.40221,9.97677
40530302625,21.78,0.03834488366631542,-0.004258603374866164,-0.003193952531149623,0.27468000000000004,-0.41202000000000005,10.05525
40535353130,21.78,0.033021629447732716,0.022375121010567305,0.001064650843716541,0.23544,-0.42183,10.05525
40540403635,21.78,0.02663372438543347,0.054332099614583476,-0.001064650843716541,0.15696000000000002,-0.41202000000000005,9.97677
40545454140,21.78,0.028763026072866547,0.05965535383316618,0.0,0.019620000000000002,-0.3924,9.86886
40550504645,21.78,0.03834488366631542,0.054332099614583476,0.0,-0.06867000000000001,-0.38259000000000004,9.751140000000001
40555555150,21.78,0.04366813788489812,0.03408628029144926,0.0,-0.10791,-0.3924,9.68247
40560605655,21.78,0.04366813788489812,0.01811651763570114,-0.001064650843716541,-0.18639,-0.38259000000000004,9.84924
40565656160,21.78,0.04153883619746504,0.002129301687433082,0.0,-0.1962,-0.37278,9.99639
40570706665,21.78,0.03728023282259888,-0.005323254218582705,0.0,-0.20601000000000003,-0.41202000000000005,10.006200000000002
40575757170,21.78,0.033021629447732716,-0.021310470166850764,0.0,-0.16677000000000003,-0.41202000000000005,9.99639
40580807675,21.78,0.031956978604016174,-0.03728023282259888,-0.002129301687433082,-0.07848000000000001,-0.3924,9.819809999999999
40585858180,21.78,0.044732788728614664,-0.04581489286485115,0.0,0.019620000000000002,-0.37278,9.66285
40590908685,21.78,0.054332099614583476,-0.04260348704118158,0.0,0.13734000000000002,-0.38259000000000004,9.623610000000001
40595959190,21.78,0.06284930636431581,-0.024504422698000388,0.0,0.21582,-0.34335000000000004,9.64323
40601009695,21.78,0.05752605214573309,-0.004258603374866164,0.002129301687433082,0.23544,-0.33354000000000006,9.68247
40606060200,21.78,0.046879543708567686,0.001064650843716541,0.0,0.18639,-0.31392000000000003,9.85905
40611110705,21.78,0.04581489286485115,0.01064650843716541,-0.001064650843716541,0.16677000000000003,-0.30411,9.85905
40616161210,21.78,0.04153883619746504,0.023439771854283843,0.0,0.11772,-0.31392000000000003,9.819809999999999
40621211715,21.78,0.04260348704118158,0.03408628029144926,0.001064650843716541,0.04905,-0.28449,9.84924
40626262220,21.78,0.05007349623971732,0.03515093113516579,0.001064650843716541,-0.02943,-0.2943,9.760950000000001
40631312725,21.78,0.05326744877086694,0.02769837522915001,0.001064650843716541,-0.05886,-0.2943,9.633420000000001
40636363230,21.78,0.044732788728614664,0.014905111812031574,0.0,-0.10791,-0.25506,9.60399
40641413735,21.78,0.03408628029144926,0.006387905062299246,-0.001064650843716541,-0.11772,-0.28449,9.623610000000001
40646464240,21.78,0.024504422698000388,0.0,0.001064650843716541,-0.10791,-0.31392000000000003,9.81
40651514745,21.78,0.02556907354171693,-0.011711159280881954,-0.001064650843716541,-0.0981,-0.28449,9.96696
40656565250,21.78,0.02769837522915001,-0.021310470166850764,-0.001064650843716541,-0.0981,-0.33354000000000006,9.99639
40661615755,21.78,0.024504422698000388,-0.03728023282259888,-0.001064650843716541,-0.02943,-0.36297,9.94734
40666666260,21.78,0.031956978604016174,-0.04794419455228423,0.0,0.0981,-0.3924,9.96696
40671716765,21.78,0.033021629447732716,-0.02769837522915001,0.0,0.16677000000000003,-0.36297,9.81
40676767270,21.78,0.028763026072866547,0.0,0.0,0.20601000000000003,-0.37278,9.751140000000001
40681817775,21.78,0.028763026072866547,0.002129301687433082,0.003193952531149623,0.15696000000000002,-0.41202000000000005,9.888480000000001
40686868280,21.78,0.02769837522915001,0.001064650843716541,-0.002129301687433082,0.16677000000000003,-0.38259000000000004,9.97677
40691918785,21.78,0.03834488366631542,0.004258603374866164,0.0,0.12753,-0.42183,9.98658
40696969290,21.78,0.039409534510031964,0.01064650843716541,-0.002129301687433082,0.10791,-0.40221,10.025820000000001
40702019795,21.78,0.05113814708343386,0.021310470166850764,-0.003193952531149623,0.08829,-0.3924,10.006200000000002
40707070300,21.78,0.05965535383316618,0.021310470166850764,-0.002129301687433082,0.04905,-0.36297,9.83943
40712120805,21.78,0.06284930636431581,0.022375121010567305,0.0,0.0,-0.33354000000000006,9.7119
40717171310,21.78,0.05646140130201656,0.01918116847941768,-0.002129301687433082,-0.019620000000000002,-0.2943,9.58437
40722221815,21.78,0.05859070298944965,0.008517206749732328,0.002129301687433082,-0.019620000000000002,-0.27468000000000004,9.623610000000001
40727272320,21.78,0.05859070298944965,0.012775810124598492,0.0,-0.039240000000000004,-0.24525000000000002,9.770760000000001
40732322825,21.78,0.06178465552059926,0.012775810124598492,-0.001064650843716541,-0.13734000000000002,-0.24525000000000002,9.84924
40737373330,21.78,0.05752605214573309,0.0,0.0,-0.14715,-0.21582,9.85905
40742423835,21.78,0.054332099614583476,-0.021310470166850764,0.001064650843716541,-0.10791,-0.21582,9.82962
40747474340,21.78,0.05220279792715039,-0.021310470166850764,-0.003193952531149623,-0.04905,-0.21582,9.633420000000001
40752524845,21.78,0.05007349623971732,-0.00958185759344887,0.001064650843716541,0.019620000000000002,-0.20601000000000003,9.53532
40757575350,21.78,0.04366813788489812,-0.004258603374866164,-0.001064650843716541,0.02943,-0.17658,9.57456
40762625855,21.78,0.04153883619746504,-0.007452555906015787,0.0,0.039240000000000004,-0.20601000000000003,9.67266
40767676360,21.78,0.03408628029144926,-0.020245819323134222,-0.001064650843716541,0.039240000000000004,-0.22563,9.81
40772726865,21.78,0.02556907354171693,-0.02556907354171693,-0.002129301687433082,0.0981,-0.25506,9.95715
40777777370,21.78,0.024504422698000388,-0.01918116847941768,-0.001064650843716541,0.12753,-0.28449,10.01601
40782827875,21.78,0.02663372438543347,-0.003193952531149623,-0.001064650843716541,0.16677000000000003,-0.30411,10.01601
40787878380,21.78,0.024504422698000388,0.00958185759344887,-0.001064650843716541,0.12753,-0.34335000000000004,9.98658
40792928885,21.78,0.03089232776029963,0.01064650843716541,0.0,0.13734000000000002,-0.34335000000000004,9.81
40797979390,21.78,0.02769837522915001,0.001064650843716541,0.0,0.11772,-0.36297,9.760950000000001
40803029895,21.78,0.024504422698000388,0.003193952531149623,0.0,0.11772,-0.34335000000000004,9.819809999999999
40808080400,21.78,0.03621558197888234,0.024504422698000388,0.0,0.0981,-0.36297,9.86886
40813130905,21.78,0.049008845396000776,0.02663372438543347,0.0,0.02943,-0.35316,10.01601
40818181410,21.78,0.04581489286485115,0.012775810124598492,0.0,-0.039240000000000004,-0.35316,10.074869999999999
40823231915,21.78,0.05113814708343386,0.002129301687433082,0.0,-0.019620000000000002,-0.35316,9.97677
40828282420,21.78,0.05539675045830002,0.003193952531149623,0.0,0.0,-0.33354000000000006,9.82962
40833332925,21.78,0.05965535383316618,0.008517206749732328,0.0,-0.009810000000000001,-0.27468000000000004,9.69228
40838383430,21.78,0.06604325889546543,0.011711159280881954,0.0,-0.009810000000000001,-0.25506,9.55494
40843433935,21.78,0.07243116395776468,0.003193952531149623,0.0,-0.02943,-0.22563,9.65304
40848484440,21.78,0.06923721142661506,-0.005323254218582705,0.0,-0.04905,-0.17658,9.760950000000001
40853534945,21.78,0.06284930636431581,-0.014905111812031574,0.0,-0.02943,-0.1962,9.751140000000001
40858585450,21.78,0.05752605214573309,-0.02769837522915001,0.0,0.019620000000000002,-0.18639,9.83943
40863635955,21.78,0.05752605214573309,-0.022375121010567305,0.0,0.05886,-0.15696000000000002,9.86886
40868686460,21.78,0.05326744877086694,-0.013840460968315033,0.0,0.08829,-0.16677000000000003,9.80019
40873736965,21.78,0.05220279792715039,-0.0170518667919846,0.0,0.12753,-0.16677000000000003,9.74133
40878787470,21.78,0.04260348704118158,-0.011711159280881954,0.0,0.20601000000000003,-0.16677000000000003,9.7119
40883837975,21.78,0.03408628029144926,-0.003193952531149623,0.0,0.1962,-0.16677000000000003,9.70209
40888888480,21.78,0.03621558197888234,0.00958185759344887,0.0,0.14715,-0.18639,9.78057
40893938985,21.78,0.02982767691658309,0.013840460968315033,0.0,0.10791,-0.20601000000000003,9.95715
40898989490,21.78,0.02556907354171693,0.013840460968315033,0.0,0.08829,-0.24525000000000002,10.006200000000002
40904039995,21.78,0.02982767691658309,0.014905111812031574,0.0,0.019620000000000002,-0.26487,10.006200000000002
40909090500,21.78,0.02982767691658309,0.01918116847941768,0.0,-0.009810000000000001,-0.27468000000000004,9.91791
40914141005,21.78,0.02982767691658309,0.007452555906015787,0.0,0.0,-0.28449,9.751140000000001
40919191510,21.78,0.03728023282259888,0.003193952531149623,0.0,-0.009810000000000001,-0.2943,9.7119
40924242015,21.78,0.04260348704118158,-0.002129301687433082,0.0,0.0,-0.31392000000000003,9.770760000000001
40929292520,21.78,0.04581489286485115,-0.008517206749732328,0.0,0.019620000000000002,-0.26487,9.78057
40934343025,21.78,0.05326744877086694,-0.005323254218582705,0.0,0.039240000000000004,-0.28449,9.86886
40939393530,21.78,0.05646140130201656,-0.005323254218582705,0.0,0.019620000000000002,-0.27468000000000004,9.92772
40944444035,21.78,0.05859070298944965,-0.003193952531149623,0.0,0.02943,-0.23544,9.83943
40949494540,21.78,0.06604325889546543,0.002129301687433082,0.0,0.04905,-0.20601000000000003,9.819809999999999
40954545045,21.78,0.06497860805174888,0.0,0.0,0.05886,-0.18639,9.760950000000001
40959595550,21.78,0.07030186227033158,0.001064650843716541,0.0,0.06867000000000001,-0.15696000000000002,9.74133
40964646055,21.78,0.06710790973918197,0.008517206749732328,0.0,0.039240000000000004,-0.15696000000000002,9.74133
40969696560,21.78,0.05646140130201656,0.0,0.0,0.019620000000000002,-0.11772,9.82962
40974747065,21.78,0.049008845396000776,-0.011711159280881954,0.0,0.02943,-0.13734000000000002,9.86886
40979797570,21.78,0.05113814708343386,-0.015987215948268057,0.0,0.06867000000000001,-0.14715,9.95715
40984848075,21.78,0.04794419455228423,-0.00958185759344887,0.0,0.06867000000000001,-0.15696000000000002,9.98658
40989898580,21.78,0.049008845396000776,-0.006387905062299246,0.0,0.10791,-0.15696000000000002,9.81
40994949085,21.78,0.049008845396000776,-0.003193952531149623,0.0,0.12753,-0.13734000000000002,9.73152
40999999590,21.78,0.04153883619746504,-0.001064650843716541,0.0,0.14715,-0.14715,9.7119
41005050095,21.78,0.0404741853537485,0.003193952531149623,0.0,0.14715,-0.16677000000000003,9.65304
41010100600,21.78,0.039409534510031964,0.014905111812031574,0.0,0.13734000000000002,-0.18639,9.770760000000001
41015151105,21.78,0.03728023282259888,0.014905111812031574,0.0,0.039240000000000004,-0.1962,9.84924
41020201610,21.78,0.04366813788489812,0.0170518667919846,0.0,0.009810000000000001,-0.18639,9.87867
41025252115,21.78,0.05007349623971732,0.008517206749732328,0.0,0.019620000000000002,-0.18639,9.86886
41030302620,21.78,0.054332099614583476,-0.006387905062299246,0.0,0.0,-0.15696000000000002,9.770760000000001
41035353125,21.78,0.05859070298944965,-0.00958185759344887,0.0,0.019620000000000002,-0.18639,9.70209
41040403630,21.78,0.05539675045830002,0.001064650843716541,0.0,0.06867000000000001,-0.17658,9.73152
41045454135,21.78,0.05220279792715039,0.001064650843716541,0.0,0.019620000000000002,-0.13734000000000002,9.73152
41050504640,21.78,0.05539675045830002,-0.008517206749732328,0.0,0.02943,-0.14715,9.770760000000001
41055555145,21.78,0.04794419455228423,-0.022375121010567305,0.0,0.08829,-0.15696000000000002,9.937529999999999
41060605650,21.78,0.05326744877086694,-0.031956978604016174,0.0,0.12753,-0.14715,10.01601
41065656155,21.78,0.060720004676882725,-0.011711159280881954,0.0,0.1962,-0.14715,9.94734
41070706660,21.78,0.060720004676882725,0.00958185759344887,0.0,0.16677000000000003,-0.15696000000000002,10.006200000000002
41075757165,21.78,0.05113814708343386,0.02556907354171693,0.0,0.10791,-0.13734000000000002,9.84924
41080807670,21.78,0.05113814708343386,0.03728023282259888,0.0,0.06867000000000001,-0.14715,9.7119
41085858175,21.78,0.044732788728614664,0.020245819323134222,0.0,0.009810000000000001,-0.13734000000000002,9.66285
41090908680,21.78,0.044732788728614664,0.006387905062299246,0.0,-0.009810000000000001,-0.14715,9.7119
41095959185,21.78,0.054332099614583476,0.005323254218582705,0.0,-0.019620000000000002,-0.14715,9.83943
41101009690,21.78,0.06178465552059926,0.002129301687433082,0.0,-0.039240000000000004,-0.13734000000000002,9.97677
41106060195,21.78,0.05752605214573309,-0.006387905062299246,0.0,-0.009810000000000001,-0.12753,9.91791
41111110700,21.78,0.05539675045830002,-0.013840460968315033,0.0,-0.009810000000000001,-0.11772,9.79038
41116161205,21.78,0.05113814708343386,-0.01918116847941768,0.0,0.04905,-0.11772,9.67266
41121211710,21.78,0.049008845396000776,-0.01064650843716541,0.0,0.08829,-0.08829,9.55494
41126262215,21.78,0.05220279792715039,-0.011711159280881954,0.0,0.12753,-0.06867000000000001,9.6138
41131312720,21.78,0.06710790973918197,-0.014905111812031574,0.0,0.11772,-0.0981,9.82962
41136363225,21.78,0.06178465552059926,-0.008517206749732328,0.0,0.10791,-0.10791,9.937529999999999
41141413730,21.78,0.05220279792715039,-0.011711159280881954,0.0,0.14715,-0.13734000000000002,10.006200000000002
41146464235,21.78,0.039409534510031964,-0.01064650843716541,0.0,0.15696000000000002,-0.10791,10.03563
41151514740,21.78,0.04260348704118158,0.001064650843716541,0.0,0.17658,-0.13734000000000002,9.86886
41156565245,21.78,0.049008845396000776,0.012775810124598492,0.0,0.18639,-0.12753,9.751140000000001
41161615750,21.78,0.05326744877086694,0.014905111812031574,0.0,0.13734000000000002,-0.12753,9.7119
41166666255,21.78,0.05539675045830002,0.024504422698000388,0.0,0.12753,-0.0981,9.68247
41171716760,21.78,0.05539675045830002,0.022375121010567305,0.0,0.019620000000000002,-0.11772,9.80019
41176767265,21.78,0.04794419455228423,0.020245819323134222,0.0,0.0,-0.12753,9.92772
41181817770,21.78,0.04581489286485115,0.012775810124598492,0.0,-0.039240000000000004,-0.10791,9.908100000000001
41186868275,21.78,0.05326744877086694,-0.003193952531149623,0.0,-0.05886,-0.10791,9.81
41191918780,21.78,0.05646140130201656,-0.012775810124598492,0.0,0.0,-0.07848000000000001,9.79038
41196969285,21.78,0.06497860805174888,-0.020245819323134222,0.0,0.039240000000000004,-0.06867000000000001,9.69228
41202019790,21.78,0.06923721142661506,-0.013840460968315033,0.0,0.06867000000000001,-0.06867000000000001,9.72171
41207070295,21.78,0.06497860805174888,-0.001064650843716541,0.0,0.06867000000000001,-0.05886,9.760950000000001
41212120800,21.78,0.05752605214573309,-0.001064650843716541,0.0,0.07848000000000001,-0.05886,9.760950000000001
41217171305,21.78,0.04366813788489812,-0.008517206749732328,0.0,0.10791,-0.05886,9.84924
41222221810,21.78,0.04581489286485115,-0.0170518667919846,0.0,0.12753,-0.039240000000000004,9.89829
41227272315,21.78,0.054332099614583476,-0.020245819323134222,0.0,0.18639,-0.05886,9.89829
41232322820,21.78,0.05965535383316618,-0.015987215948268057,0.0,0.20601000000000003,-0.05886,9.95715
41237373325,21.78,0.06497860805174888,-0.002129301687433082,0.0,0.20601000000000003,-0.019620000000000002,9.87867
41242423830,21.78,0.060720004676882725,0.013840460968315033,0.0,0.21582,-0.07848000000000001,9.74133
41247474335,21.78,0.05007349623971732,0.024504422698000388,0.0,0.15696000000000002,-0.07848000000000001,9.74133
41252524840,21.78,0.0404741853537485,0.03408628029144926,0.0,0.07848000000000001,-0.06867000000000001,9.68247
41257575345,21.78,0.039409534510031964,0.02663372438543347,0.0,0.009810000000000001,-0.04905,9.7119
41262625850,21.78,0.05326744877086694,0.002129301687433082,0.0,0.0,-0.02943,9.82962
41267676355,21.78,0.06923721142661506,-0.022375121010567305,0.0,0.019620000000000002,-0.02943,9.84924
41272726860,21.78,0.07136651311404815,-0.01918116847941768,0.0,0.0981,-0.019620000000000002,9.888480000000001
41277777365,21.78,0.06604325889546543,-0.008517206749732328,0.0,0.08829,-0.05886,9.888480000000001
41282827870,21.78,0.05220279792715039,0.012775810124598492,0.0,0.10791,-0.009810000000000001,9.751140000000001
41287878375,21.78,0.04260348704118158,0.024504422698000388,0.0,0.019620000000000002,-0.02943,9.633420000000001
41292928880,21.78,0.04581489286485115,0.012775810124598492,0.0,0.009810000000000001,-0.02943,9.60399
41297979385,21.78,0.049008845396000776,-0.01064650843716541,0.0,0.019620000000000002,-0.009810000000000001,9.770760000000001
41303029890,21.78,0.06923721142661506,-0.03728023282259888,0.0,0.039240000000000004,-0.009810000000000001,9.908100000000001
41308080395,21.78,0.06710790973918197,-0.04794419455228423,0.0,0.17658,0.0,10.045440000000001
41313130900,21.78,0.060720004676882725,-0.023439771854283843,0.0,0.21582,-0.05886,10.1043
41318181405,21.78,0.05113814708343386,0.001064650843716541,0.0,0.26487,-0.039240000000000004,9.86886
41323231910,21.78,0.03515093113516579,0.022375121010567305,0.0,0.17658,-0.039240000000000004,9.770760000000001
41328282415,21.78,0.0404741853537485,0.033021629447732716,0.0,0.14715,-0.02943,9.633420000000001
41333332920,21.78,0.05113814708343386,0.02982767691658309,0.0,0.10791,-0.039240000000000004,9.58437
41338383425,21.78,0.06391395720803235,0.011711159280881954,0.0,0.05886,0.009810000000000001,9.760950000000001
41343433930,21.78,0.07136651311404815,-0.01064650843716541,0.0,0.039240000000000004,0.009810000000000001,9.84924
41348484435,21.78,0.07030186227033158,-0.02556907354171693,0.0,0.06867000000000001,0.0,9.937529999999999
41353534940,21.78,0.060720004676882725,-0.02769837522915001,0.0,0.14715,0.0,10.006200000000002
41358585445,21.78,0.05539675045830002,-0.012775810124598492,0.0,0.1962,0.019620000000000002,9.85905
41363635950,21.78,0.05113814708343386,0.023439771854283843,0.0,0.20601000000000003,0.009810000000000001,9.760950000000001
41368686455,21.78,0.05326744877086694,0.04153883619746504,0.0,0.0981,0.019620000000000002,9.64323
41373736960,21.78,0.05539675045830002,0.0404741853537485,0.0,0.04905,0.039240000000000004,9.633420000000001
41378787465,21.78,0.060720004676882725,0.01918116847941768,0.0,-0.039240000000000004,0.019620000000000002,9.74133
41383837970,21.78,0.05859070298944965,-0.007452555906015787,0.0,-0.07848000000000001,0.05886,9.84924
41388888475,21.78,0.05646140130201656,-0.031956978604016174,0.0,0.019620000000000002,0.009810000000000001,10.025820000000001
41393938980,21.78,0.054332099614583476,-0.049008845396000776,0.0,0.05886,0.02943,10.01601
41398989485,21.78,0.05007349623971732,-0.05113814708343386,0.0,0.16677000000000003,0.0,9.937529999999999
41404039990,21.78,0.05752605214573309,-0.044732788728614664,0.0,0.31392000000000003,0.0,9.760950000000001
41409090495,21.78,0.06284930636431581,-0.02663372438543347,0.0,0.40221,0.02943,9.59418
41414141000,21.78,0.06497860805174888,0.014905111812031574,0.0,0.40221,0.039240000000000004,9.59418
41419191505,21.78,0.06497860805174888,0.05859070298944965,0.0,0.28449,0.039240000000000004,9.72171
41424242010,21.78,0.05646140130201656,0.07990117315630041,0.0,0.11772,0.039240000000000004,9.78057
41429292515,21.78,0.049008845396000776,0.07030186227033158,0.0,-0.06867000000000001,0.039240000000000004,9.937529999999999
41434343020,21.78,0.05539675045830002,0.03515093113516579,0.0,-0.20601000000000003,0.019620000000000002,9.937529999999999
41439393525,21.78,0.05859070298944965,-0.006387905062299246,0.0,-0.1962,0.05886,9.83943
41444444030,21.78,0.06497860805174888,-0.039409534510031964,0.0,-0.10791,0.08829,9.83943
41449494535,21.78,0.07243116395776468,-0.06497860805174888,0.0,0.05886,0.07848000000000001,9.760950000000001
41454545040,21.78,0.060720004676882725,-0.06817256058289851,0.0,0.1962,0.06867000000000001,9.760950000000001
41459595545,21.78,0.05326744877086694,-0.05113814708343386,0.0,0.34335000000000004,0.05886,9.78057
41464646050,21.78,0.044732788728614664,-0.024504422698000388,0.0,0.42183,0.04905,9.81
41469696555,21.78,0.04581489286485115,0.0,0.0,0.41202000000000005,0.04905,9.86886
41474747060,21.78,0.054332099614583476,0.0170518667919846,0.0,0.34335000000000004,0.04905,9.99639
41479797565,21.78,0.06497860805174888,0.031956978604016174,0.0,0.28449,0.039240000000000004,9.92772
41484848070,21.78,0.06604325889546543,0.06178465552059926,0.0,0.16677000000000003,0.02943,9.82962
41489898575,21.78,0.06391395720803235,0.07030186227033158,0.0,0.05886,0.039240000000000004,9.751140000000001
41494949080,21.78,0.05646140130201656,0.0756251164889143,0.0,-0.10791,0.04905,9.64323
41499999585,21.78,0.05220279792715039,0.05220279792715039,0.0,-0.24525000000000002,0.08829,9.6138
41505050090,21.78,0.06284930636431581,0.006387905062299246,0.0,-0.26487,0.12753,9.7119
41510100595,21.78,0.06817256058289851,-0.04366813788489812,0.0,-0.20601000000000003,0.12753,9.819809999999999
41515151100,21.78,0.07349581480148122,-0.0756251164889143,0.0,-0.06867000000000001,0.15696000000000002,9.937529999999999
41520201605,21.78,0.07670722062515077,-0.09054768159346581,0.0,0.13734000000000002,0.11772,9.89829
41525252110,21.78,0.05965535383316618,-0.08948303074974927,0.0,0.31392000000000003,0.11772,9.89829
41530302615,21.78,0.05326744877086694,-0.07349581480148122,0.0,0.50031,0.1962,9.73152
41535353120,21.78,0.04260348704118158,-0.03834488366631542,0.0,0.65727,0.10791,9.78057
41540403625,21.78,0.05539675045830002,0.0,0.0,0.6278400000000001,0.07848000000000001,9.633420000000001
41545454130,21.78,0.04794419455228423,0.04260348704118158,0.0,0.51012,0.07848000000000001,9.72171
41550504635,21.78,0.054332099614583476,0.08309512568745003,0.0,0.37278,0.06867000000000001,9.92772
41555555140,21.78,0.05220279792715039,0.10225884087434776,0.0,0.10791,0.05886,9.98658
41560605645,21.78,0.046879543708567686,0.09906488834319814,0.0,-0.10791,0.05886,9.94734
41565656150,21.78,0.05326744877086694,0.08628907821859966,0.0,-0.25506,0.07848000000000001,9.80019
41570706655,21.78,0.05646140130201656,0.06497860805174888,0.0,-0.41202000000000005,0.08829,9.68247
41575757160,21.78,0.07136651311404815,0.03515093113516579,0.0,-0.43164,0.11772,9.623610000000001
41580807665,21.78,0.07990117315630041,-0.012775810124598492,0.0,-0.46107000000000004,0.14715,9.72171
41585858170,21.78,0.07456046564519776,-0.05113814708343386,0.0,-0.37278,0.15696000000000002,9.79038
41590908675,21.78,0.06710790973918197,-0.08415977653116657,0.0,-0.20601000000000003,0.18639,9.83943
41595959180,21.78,0.06284930636431581,-0.09800023749948161,0.0,-0.009810000000000001,0.16677000000000003,9.87867
41601009685,21.78,0.05859070298944965,-0.09906488834319814,0.0,0.18639,0.31392000000000003,9.91791
41606060190,21.78,0.06604325889546543,-0.08735372906231618,0.0,0.46107000000000004,0.32373,9.908100000000001
41611110695,21.78,0.04153883619746504,-0.05326744877086694,0.0,0.65727,0.26487,9.937529999999999
41616161200,21.78,0.046879543708567686,-0.02556907354171693,0.0,0.69651,0.06867000000000001,9.57456
41621211705,21.78,0.03728023282259888,0.014905111812031574,0.0,0.5886,0.07848000000000001,9.623610000000001
41626262210,21.78,0.039409534510031964,0.04260348704118158,0.0,0.47088,0.02943,9.70209
41631312715,21.78,0.039409534510031964,0.05859070298944965,0.0,0.37278,0.04905,9.91791
41636363220,21.78,0.04794419455228423,0.06923721142661506,0.0,0.23544,0.06867000000000001,9.87867
41641413725,21.78,0.06178465552059926,0.07136651311404815,0.0,0.07848000000000001,0.04905,9.888480000000001
41646464230,21.78,0.07883652231258387,0.06710790973918197,0.0,-0.10791,0.11772,9.79038
41651514735,21.78,0.0852244273748831,0.05220279792715039,0.0,-0.20601000000000003,0.16677000000000003,9.7119
41656565240,21.78,0.08096582400001695,0.03621558197888234,0.0,-0.25506,0.17658,9.68247
41661615745,21.78,0.07670722062515077,0.0170518667919846,0.0,-0.31392000000000003,0.22563,9.73152
41666666250,21.78,0.06710790973918197,-0.006387905062299246,0.0,-0.30411,0.26487,9.73152
41671716755,21.78,0.06284930636431581,-0.02556907354171693,0.0,-0.24525000000000002,0.32373,9.82962
41676767260,21.78,0.06604325889546543,-0.05326744877086694,0.0,-0.15696000000000002,0.38259000000000004,10.006200000000002
41681817765,21.78,0.05752605214573309,-0.07456046564519776,0.0,0.019620000000000002,0.37278,10.045440000000001
41686868270,21.78,0.046879543708567686,-0.0756251164889143,0.0,0.1962,0.20601000000000003,9.97677
41691918775,21.78,0.03515093113516579,-0.05220279792715039,0.0,0.32373,0.08829,9.760950000000001
41696969280,21.78,0.028763026072866547,-0.024504422698000388,0.0,0.36297,0.06867000000000001,9.65304
41702019785,21.78,0.028763026072866547,0.0,0.0,0.37278,0.06867000000000001,9.78057
41707070290,21.78,0.04366813788489812,0.020245819323134222,0.0,0.31392000000000003,0.06867000000000001,9.79038
41712120795,21.78,0.05965535383316618,0.033021629447732716,0.0,0.23544,0.0981,9.908100000000001
41717171300,21.78,0.07670722062515077,0.031956978604016174,0.0,0.16677000000000003,0.12753,9.84924
41722221805,21.78,0.08203047484373349,0.028763026072866547,0.0,0.11772,0.15696000000000002,9.86886
41727272310,21.78,0.08096582400001695,0.02663372438543347,0.0,0.04905,0.20601000000000003,9.751140000000001
41732322815,21.78,0.08096582400001695,0.02556907354171693,0.0,0.0,0.21582,9.70209
41737373320,21.78,0.07777187146886733,0.015987215948268057,0.0,0.0,0.36297,9.67266
41742423825,21.78,0.08096582400001695,-0.003193952531149623,0.0,0.0,0.50031,9.74133
41747474330,21.78,0.06923721142661506,-0.022375121010567305,0.0,0.07848000000000001,0.51012,9.97677
41752524835,21.78,0.05326744877086694,-0.039409534510031964,0.0,0.15696000000000002,0.33354000000000006,9.96696
41757575340,21.78,0.033021629447732716,-0.04366813788489812,0.0,0.1962,0.20601000000000003,9.85905
41762625845,21.78,0.024504422698000388,-0.04366813788489812,0.0,0.26487,0.12753,9.82962
41767676350,21.78,0.03089232776029963,-0.04153883619746504,0.0,0.37278,0.08829,9.85905
41772726855,21.78,0.03834488366631542,-0.031956978604016174,0.0,0.47088,0.11772,9.86886
41777777360,21.78,0.05859070298944965,-0.01918116847941768,0.0,0.51993,0.08829,9.770760000000001
41782827865,21.78,0.07349581480148122,0.005323254218582705,0.0,0.49050000000000005,0.12753,9.70209
41787878370,21.78,0.08203047484373349,0.04260348704118158,0.0,0.44145,0.14715,9.633420000000001
41792928875,21.78,0.08948303074974927,0.07243116395776468,0.0,0.28449,0.23544,9.70209
41797979380,21.78,0.08735372906231618,0.09906488834319814,0.0,0.07848000000000001,0.27468000000000004,9.80019
41803029885,21.78,0.08415977653116657,0.11079350091660004,0.0,-0.15696000000000002,0.30411,9.751140000000001
41808080390,21.78,0.08841837990603273,0.10332349171806432,0.0,-0.3924,0.33354000000000006,9.72171
41813130895,21.78,0.08841837990603273,0.0756251164889143,0.0,-0.52974,0.41202000000000005,9.66285
41818181400,21.78,0.08203047484373349,0.03728023282259888,0.0,-0.56898,0.51012,9.66285
41823231905,21.78,0.06923721142661506,-0.006387905062299246,0.0,-0.60822,0.5591700000000001,9.68247
41828282410,21.78,0.049008845396000776,-0.049008845396000776,0.0,-0.44145,0.50031,9.7119
41833332915,21.78,0.028763026072866547,-0.09587093581204853,0.0,-0.32373,0.42183,9.760950000000001
41838383420,21.78,0.011711159280881954,-0.12250466019748199,0.0,-0.06867000000000001,0.33354000000000006,9.79038
41843433925,21.78,0.007452555906015787,-0.12569861272863161,0.0,0.1962,0.31392000000000003,9.82962
41848484430,21.78,0.013840460968315033,-0.1171814059788993,0.0,0.52974,0.20601000000000003,9.908100000000001
41853534935,21.78,0.012775810124598492,-0.09480628496833199,0.0,0.7749900000000001,0.13734000000000002,9.85905
41858585440,21.78,0.015987215948268057,-0.05752605214573309,0.0,0.85347,-0.009810000000000001,9.74133
41863635945,21.78,0.03408628029144926,-0.01064650843716541,0.0,0.8142300000000001,-0.04905,9.66285
41868686450,21.78,0.05007349623971732,0.02769837522915001,0.0,0.72594,-0.019620000000000002,9.751140000000001
41873736955,21.78,0.06923721142661506,0.05752605214573309,0.0,0.5886,0.039240000000000004,9.937529999999999
41878787460,21.78,0.09267698328089889,0.07990117315630041,0.0,0.43164,0.10791,9.96696
41883837965,21.78,0.11079350091660004,0.09161233243718235,0.0,0.27468000000000004,0.23544,9.97677
41888888470,21.78,0.11931070766633237,0.09267698328089889,-0.007452555906015787,0.05886,0.44145,9.92772
41893938975,21.78,0.11505210429146619,0.09374163412461543,-0.002129301687433082,-0.12753,0.5395500000000001,9.937529999999999
41898989480,21.78,0.10438814256178083,0.08096582400001695,-0.003193952531149623,-0.22563,0.5493600000000001,9.74133
41904039985,21.78,0.07777187146886733,0.05646140130201656,0.0,-0.3924,0.5886,9.65304
41909090490,21.78,0.05646140130201656,0.02556907354171693,-0.002129301687433082,-0.43164,0.52974,9.67266
41914140995,21.78,0.049008845396000776,0.003193952531149623,-0.001064650843716541,-0.45126,0.46107000000000004,9.78057
41919191500,21.78,0.04366813788489812,-0.01811651763570114,0.0,-0.43164,0.34335000000000004,9.83943
41924242005,21.78,0.03408628029144926,-0.03621558197888234,0.0,-0.3924,0.20601000000000003,9.81
41929292510,21.78,0.03728023282259888,-0.06284930636431581,0.001064650843716541,-0.26487,0.20601000000000003,9.78057
41934343015,21.78,0.03834488366631542,-0.07777187146886733,0.0,-0.0981,0.23544,9.68247
41939393520,21.78,0.05220279792715039,-0.08096582400001695,0.0,0.07848000000000001,0.41202000000000005,9.68247
41944444025,21.78,0.060720004676882725,-0.0756251164889143,0.0,0.32373,0.5493600000000001,9.70209
41949494530,21.78,0.05220279792715039,-0.05539675045830002,0.0,0.5395500000000001,0.52974,9.760950000000001
41954545035,21.78,0.04153883619746504,-0.04366813788489812,0.0,0.6278400000000001,0.38259000000000004,9.6138
41959595540,21.78,0.02982767691658309,-0.02556907354171693,-0.002129301687433082,0.64746,0.27468000000000004,9.633420000000001
41964646045,21.78,0.02663372438543347,-0.003193952531149623,0.001064650843716541,0.60822,0.15696000000000002,9.7119
41969696550,21.78,0.02982767691658309,0.014905111812031574,-0.004258603374866164,0.51012,0.10791,9.760950000000001
41974747055,21.78,0.05113814708343386,0.04260348704118158,-0.001064650843716541,0.41202000000000005,0.13734000000000002,9.908100000000001
41979797560,21.78,0.07670722062515077,0.05752605214573309,0.0,0.26487,0.18639,9.99639
41984848065,21.78,0.09161233243718235,0.07777187146886733,-0.003193952531149623,0.0981,0.25506,9.98658
41989898570,21.78,0.09480628496833199,0.0852244273748831,-0.004258603374866164,-0.02943,0.33354000000000006,9.908100000000001
41994949075,21.78,0.08841837990603273,0.08735372906231618,-0.003193952531149623,-0.20601000000000003,0.40221,9.819809999999999
41999999580,21.78,0.08628907821859966,0.0852244273748831,-0.003193952531149623,-0.38259000000000004,0.51993,9.74133
42005050085,21.78,0.07777187146886733,0.06284930636431581,-0.002129301687433082,-0.51993,0.56898,9.79038
42010100590,21.78,0.07670722062515077,0.013840460968315033,-0.001064650843716541,-0.57879,0.63765,9.80019
42015151095,21.78,0.06284930636431581,-0.039409534510031964,0.0,-0.46107000000000004,0.65727,9.751140000000001
42020201600,21.78,0.046879543708567686,-0.09587093581204853,0.0,-0.22563,0.70632,9.69228
42025252105,21.78,0.031956978604016174,-0.13208651779093086,0.003193952531149623,0.039240000000000004,0.73575,9.65304
42030302610,21.78,0.004258603374866164,-0.13634512116579703,-0.002129301687433082,0.41202000000000005,0.51993,9.760950000000001
42035353115,21.78,-0.00958185759344887,-0.11398745344774965,-0.005323254218582705,0.63765,0.27468000000000004,9.72171
42040403620,21.78,-0.00958185759344887,-0.06604325889546543,0.0,0.7749900000000001,-0.009810000000000001,9.70209
42045454125,21.78,0.002129301687433082,-0.00958185759344887,-0.002129301687433082,0.6867000000000001,-0.04905,9.770760000000001
42050504630,21.78,0.033021629447732716,0.04260348704118158,-0.003193952531149623,0.5591700000000001,-0.039240000000000004,9.83943
42055555135,21.78,0.05752605214573309,0.09693558665576507,-0.004258603374866164,0.36297,0.009810000000000001,10.01601
42060605640,21.78,0.08415977653116657,0.11931070766633237,-0.002129301687433082,0.10791,0.07848000000000001,9.89829
42065656145,21.78,0.11398745344774965,0.11505210429146619,-0.001064650843716541,-0.11772,0.20601000000000003,9.770760000000001
42070706650,21.78,0.13421581947836395,0.08948303074974927,0.0,-0.28449,0.42183,9.73152
42075757155,21.78,0.14381513036433274,0.05220279792715039,-0.003193952531149623,-0.43164,0.9613800000000001,9.67266
42080807660,21.78,0.11079350091660004,0.012775810124598492,0.0,-0.32373,1.1183400000000001,10.13373
42085858165,21.78,0.09480628496833199,-0.03834488366631542,0.0,-0.22563,0.9123300000000001,9.72171
42090908670,21.78,0.03089232776029963,-0.046879543708567686,-0.003193952531149623,-0.12753,0.75537,9.5157
42095959175,21.78,0.002129301687433082,-0.05646140130201656,0.0,-0.05886,0.44145,9.39798
42101009680,21.78,0.0,-0.05326744877086694,0.0,0.0,0.33354000000000006,9.56475
42106060185,21.78,-0.002129301687433082,-0.03515093113516579,0.002129301687433082,0.05886,0.14715,9.72171
42111110690,21.78,0.014905111812031574,-0.0404741853537485,0.0,0.0981,0.11772,9.85905
42116161195,21.78,0.033021629447732716,-0.04366813788489812,0.0,0.1962,0.23544,9.91791
42121211700,21.78,0.05113814708343386,-0.04260348704118158,-0.002129301687433082,0.31392000000000003,0.33354000000000006,9.937529999999999
42126262205,21.78,0.06284930636431581,-0.03515093113516579,-0.002129301687433082,0.46107000000000004,0.45126,9.89829
42131312710,21.78,0.07030186227033158,-0.00958185759344887,-0.002129301687433082,0.51993,0.48069000000000006,9.83943
42136363215,21.78,0.06817256058289851,0.02663372438543347,-0.001064650843716541,0.43164,0.40221,9.79038
42141413720,21.78,0.06604325889546543,0.05113814708343386,-0.003193952531149623,0.28449,0.34335000000000004,9.69228
42146464225,21.78,0.06391395720803235,0.07243116395776468,-0.001064650843716541,0.14715,0.32373,9.79038
42151514730,21.78,0.05646140130201656,0.08948303074974927,0.0,-0.08829,0.33354000000000006,9.79038
42156565235,21.78,0.07670722062515077,0.0852244273748831,-0.002129301687433082,-0.25506,0.47088,9.79038
42161615740,21.78,0.08309512568745003,0.054332099614583476,0.0,-0.36297,0.63765,9.87867
42166666245,21.78,0.08096582400001695,-0.003193952531149623,0.002129301687433082,-0.36297,0.75537,9.908100000000001
42171716750,21.78,0.06604325889546543,-0.05220279792715039,-0.003193952531149623,-0.20601000000000003,0.7749900000000001,9.84924
42176767255,21.78,0.04366813788489812,-0.06817256058289851,-0.003193952531149623,-0.019620000000000002,0.59841,9.79038
42181817760,21.78,0.03089232776029963,-0.06710790973918197,0.0,0.07848000000000001,0.49050000000000005,9.54513
42186868265,21.78,0.021310470166850764,-0.04366813788489812,0.001064650843716541,0.17658,0.3924,9.55494
42191918770,21.78,0.020245819323134222,-0.01811651763570114,0.0,0.21582,0.33354000000000006,9.60399
42196969275,21.78,0.03515093113516579,-0.006387905062299246,-0.002129301687433082,0.23544,0.32373,9.66285
42202019780,21.78,0.04260348704118158,-0.002129301687433082,0.0,0.21582,0.35316,9.78057
42207070285,21.78,0.05007349623971732,-0.001064650843716541,-0.001064650843716541,0.18639,0.47088,9.80019
42212120790,21.78,0.05965535383316618,-0.003193952531149623,-0.003193952531149623,0.26487,0.5591700000000001,9.87867
42217171295,21.78,0.06497860805174888,-0.001064650843716541,-0.001064650843716541,0.32373,0.5493600000000001,9.91791
42222221800,21.78,0.05539675045830002,0.008517206749732328,-0.005323254218582705,0.25506,0.47088,9.81
42227272305,21.78,0.05220279792715039,0.031956978604016174,-0.004258603374866164,0.15696000000000002,0.35316,9.74133
42232322810,21.78,0.05539675045830002,0.054332099614583476,0.0,0.019620000000000002,0.31392000000000003,9.7119
42237373315,21.78,0.05220279792715039,0.060720004676882725,-0.001064650843716541,-0.10791,0.42183,9.68247
42242423820,21.78,0.06604325889546543,0.05007349623971732,0.002129301687433082,-0.23544,0.5591700000000001,9.751140000000001
42247474325,21.78,0.07136651311404815,0.012775810124598492,-0.002129301687433082,-0.25506,0.74556,9.83943
42252524830,21.78,0.06391395720803235,-0.02556907354171693,-0.001064650843716541,-0.14715,0.8142300000000001,9.98658
42257575335,21.78,0.05220279792715039,-0.04153883619746504,0.0,-0.02943,0.65727,9.92772
42262625840,21.78,0.031956978604016174,-0.03834488366631542,-0.006387905062299246,0.039240000000000004,0.41202000000000005,9.73152
42267676345,21.78,0.024504422698000388,-0.03089232776029963,-0.001064650843716541,0.02943,0.30411,9.59418
42272726850,21.78,0.02556907354171693,-0.01918116847941768,0.0,0.07848000000000001,0.36297,9.58437
42277777355,21.78,0.03834488366631542,-0.015987215948268057,0.0,0.14715,0.45126,9.69228
42282827860,21.78,0.05752605214573309,-0.015987215948268057,0.0,0.22563,0.6670800000000001,9.770760000000001
42287878365,21.78,0.06604325889546543,-0.01064650843716541,0.001064650843716541,0.31392000000000003,0.72594,9.79038
42292928870,21.78,0.05752605214573309,-0.003193952531149623,-0.001064650843716541,0.30411,0.5886,9.84924
42297979375,21.78,0.04366813788489812,0.007452555906015787,-0.001064650843716541,0.23544,0.41202000000000005,9.74133
42303029880,21.78,0.03089232776029963,0.02556907354171693,-0.004258603374866164,0.15696000000000002,0.27468000000000004,9.70209
42308080385,21.78,0.03834488366631542,0.0404741853537485,0.0,-0.009810000000000001,0.2943,9.79038
42313130890,21.78,0.05965535383316618,0.04153883619746504,-0.001064650843716541,-0.07848000000000001,0.44145,9.80019
42318181395,21.78,0.08096582400001695,0.03621558197888234,0.002129301687433082,-0.11772,0.6278400000000001,9.80019
42323231900,21.78,0.08415977653116657,0.013840460968315033,0.0,-0.13734000000000002,0.8142300000000001,9.83943
42328282405,21.78,0.07883652231258387,-0.007452555906015787,0.001064650843716541,-0.10791,0.87309,9.751140000000001
42333332910,21.78,0.05539675045830002,-0.012775810124598492,0.0,0.0,0.70632,9.70209
42338383415,21.78,0.022375121010567305,-0.011711159280881954,-0.002129301687433082,-0.009810000000000001,0.5591700000000001,9.66285
42343433920,21.78,0.013840460968315033,-0.022375121010567305,0.0,-0.06867000000000001,0.43164,9.68247
42348484425,21.78,0.0170518667919846,-0.02769837522915001,0.0,0.019620000000000002,0.40221,9.81
42353534930,21.78,0.03408628029144926,-0.0404741853537485,0.0,0.11772,0.46107000000000004,9.79038
42358585435,21.78,0.05326744877086694,-0.033021629447732716,-0.001064650843716541,0.23544,0.56898,9.72171
42363635940,21.78,0.05965535383316618,-0.00958185759344887,-0.001064650843716541,0.32373,0.60822,9.70209
42368686445,21.78,0.054332099614583476,0.006387905062299246,-0.001064650843716541,0.28449,0.60822,9.66285
42373736950,21.78,0.04153883619746504,0.020245819323134222,-0.002129301687433082,0.22563,0.5493600000000001,9.67266
42378787455,21.78,0.04260348704118158,0.02556907354171693,-0.001064650843716541,0.11772,0.52974,9.73152
42383837960,21.78,0.04260348704118158,0.020245819323134222,0.0,0.02943,0.49050000000000005,9.80019
42388888465,21.78,0.049008845396000776,0.020245819323134222,-0.003193952531149623,0.0,0.5591700000000001,9.82962
42393938970,21.78,0.05752605214573309,0.02556907354171693,-0.001064650843716541,-0.039240000000000004,0.56898,9.80019
42398989475,21.78,0.06604325889546543,0.024504422698000388,0.0,-0.06867000000000001,0.60822,9.80019
42404039980,21.78,0.05326744877086694,0.020245819323134222,-0.001064650843716541,-0.13734000000000002,0.5886,9.73152
42409090485,21.78,0.044732788728614664,0.0,0.0,-0.14715,0.64746,9.74133
42414140990,21.78,0.03728023282259888,-0.023439771854283843,-0.001064650843716541,-0.11772,0.70632,9.819809999999999
42419191495,21.78,0.03408628029144926,-0.044732788728614664,0.001064650843716541,0.019620000000000002,0.6768900000000001,9.92772
42424242000,21.78,0.031956978604016174,-0.05113814708343386,0.0,0.10791,0.57879,9.888480000000001
42429292505,21.78,0.03515093113516579,-0.03834488366631542,0.0,0.23544,0.44145,9.82962
42434343010,21.78,0.03834488366631542,-0.00958185759344887,-0.001064650843716541,0.22563,0.38259000000000004,9.65304
42439393515,21.78,0.03621558197888234,0.00958185759344887,0.002129301687433082,0.18639,0.38259000000000004,9.59418
42444444020,21.78,0.04794419455228423,0.013840460968315033,0.001064650843716541,0.13734000000000002,0.5493600000000001,9.67266
42449494525,21.78,0.05965535383316618,0.020245819323134222,0.003193952531149623,0.17658,0.6768900000000001,9.760950000000001
42454545030,21.78,0.06497860805174888,0.021310470166850764,-0.003193952531149623,0.14715,0.74556,9.819809999999999
42459595535,21.78,0.06497860805174888,0.01918116847941768,-0.002129301687433082,0.0981,0.74556,9.819809999999999
42464646040,21.78,0.060720004676882725,0.02982767691658309,-0.001064650843716541,0.02943,0.64746,9.73152
42469696545,21.78,0.049008845396000776,0.033021629447732716,-0.001064650843716541,-0.05886,0.57879,9.60399
42474747050,21.78,0.03621558197888234,0.02556907354171693,0.001064650843716541,-0.14715,0.60822,9.53532
42479797555,21.78,0.03621558197888234,0.01064650843716541,-0.001064650843716541,-0.15696000000000002,0.6670800000000001,9.56475
42484848060,21.78,0.04366813788489812,-0.00958185759344887,0.003193952531149623,-0.0981,0.8240400000000001,9.67266
42489898565,21.78,0.04794419455228423,-0.021310470166850764,0.0,-0.05886,0.90252,9.79038
42494949070,21.78,0.03621558197888234,-0.021310470166850764,-0.001064650843716541,0.02943,0.70632,9.83943
42499999575,21.78,0.020245819323134222,-0.03089232776029963,0.001064650843716541,0.039240000000000004,0.51012,9.770760000000001
42505050080,21.78,0.006387905062299246,-0.02982767691658309,-0.005323254218582705,0.04905,0.38259000000000004,9.770760000000001
42510100585,21.78,0.015987215948268057,-0.023439771854283843,0.002129301687433082,0.08829,0.36297,9.770760000000001
42515151090,21.78,0.03408628029144926,-0.012775810124598492,0.001064650843716541,0.13734000000000002,0.51993,9.81
42520201595,21.78,0.05220279792715039,0.0,-0.002129301687433082,0.1962,0.60822,9.86886
42525252100,21.78,0.06710790973918197,0.007452555906015787,0.002129301687433082,0.18639,0.6670800000000001,9.86886
42530302605,21.78,0.05965535383316618,0.008517206749732328,-0.001064650843716541,0.15696000000000002,0.7651800000000001,9.74133
42535353110,21.78,0.054332099614583476,0.007452555906015787,-0.002129301687433082,0.12753,0.73575,9.760950000000001
42540403615,21.78,0.03728023282259888,0.011711159280881954,0.0,0.15696000000000002,0.6670800000000001,9.72171
42545454120,21.78,0.02982767691658309,0.011711159280881954,0.0,0.08829,0.56898,9.72171
42550504625,21.78,0.02982767691658309,0.020245819323134222,0.0,0.009810000000000001,0.52974,9.78057
42555555130,21.78,0.04581489286485115,0.023439771854283843,-0.002129301687433082,-0.04905,0.5493600000000001,9.760950000000001
42560605635,21.78,0.05539675045830002,0.014905111812031574,0.0,-0.07848000000000001,0.65727,9.70209
42565656140,21.78,0.05752605214573309,0.006387905062299246,0.0,-0.05886,0.7749900000000001,9.69228
42570706645,21.78,0.05539675045830002,0.005323254218582705,0.0,-0.05886,0.80442,9.68247
42575757150,21.78,0.0404741853537485,0.003193952531149623,-0.001064650843716541,-0.019620000000000002,0.7848,9.6138
42580807655,21.78,0.028763026072866547,0.003193952531149623,-0.004258603374866164,-0.05886,0.72594,9.6138
42585858160,21.78,0.023439771854283843,-0.01064650843716541,-0.002129301687433082,-0.06867000000000001,0.64746,9.623610000000001
42590908665,21.78,0.023439771854283843,-0.021310470166850764,-0.001064650843716541,-0.019620000000000002,0.72594,9.68247
42595959170,21.78,0.02769837522915001,-0.02663372438543347,0.0,0.08829,0.65727,9.73152
42601009675,21.78,0.02556907354171693,-0.01811651763570114,0.003193952531149623,0.12753,0.59841,9.73152
42606060180,21.78,0.024504422698000388,-0.013840460968315033,0.0,0.0981,0.59841,9.68247
42611110685,21.78,0.028763026072866547,-0.005323254218582705,-0.002129301687433082,0.12753,0.5886,9.770760000000001
42616161190,21.78,0.031956978604016174,-0.001064650843716541,0.0,0.11772,0.6180300000000001,9.80019
42621211695,21.78,0.02982767691658309,-0.005323254218582705,0.002129301687433082,0.13734000000000002,0.63765,9.85905
42626262200,21.78,0.03515093113516579,0.002129301687433082,-0.001064650843716541,0.11772,0.60822,9.96696
42631312705,21.78,0.04366813788489812,0.012775810124598492,-0.002129301687433082,0.11772,0.56898,9.89829
42636363210,21.78,0.04581489286485115,0.024504422698000388,-0.002129301687433082,0.04905,0.5886,9.770760000000001
42641413715,21.78,0.04581489286485115,0.024504422698000388,0.0,-0.02943,0.64746,9.751140000000001
42646464220,21.78,0.044732788728614664,0.014905111812031574,-0.001064650843716541,-0.039240000000000004,0.74556,9.68247
42651514725,21.78,0.044732788728614664,0.007452555906015787,0.0,-0.02943,0.87309,9.751140000000001
42656565230,21.78,0.05007349623971732,0.003193952531149623,-0.001064650843716541,0.0,0.89271,9.81
42661615735,21.78,0.03621558197888234,0.007452555906015787,0.002129301687433082,0.0,0.74556,9.80019
42666666240,21.78,0.02556907354171693,-0.005323254218582705,0.0,-0.039240000000000004,0.63765,9.69228
42671716745,21.78,0.023439771854283843,-0.011711159280881954,0.0,-0.05886,0.56898,9.64323
42676767250,21.78,0.024504422698000388,-0.007452555906015787,0.002129301687433082,-0.009810000000000001,0.5886,9.623610000000001
42681817755,21.78,0.023439771854283843,-0.007452555906015787,-0.001064650843716541,0.02943,0.63765,9.70209
42686868260,21.78,0.03834488366631542,-0.006387905062299246,0.0,0.07848000000000001,0.74556,9.770760000000001
42691918765,21.78,0.049008845396000776,-0.004258603374866164,0.0,0.10791,0.79461,9.68247
42696969270,21.78,0.0404741853537485,0.0,-0.001064650843716541,0.12753,0.80442,9.6138
42702019775,21.78,0.02769837522915001,0.002129301687433082,-0.002129301687433082,0.0981,0.75537,9.60399
42707070280,21.78,0.01811651763570114,0.008517206749732328,0.001064650843716541,0.05886,0.64746,9.633420000000001
42712120785,21.78,0.015987215948268057,0.0170518667919846,0.0,0.0,0.60822,9.66285
42717171290,21.78,0.02982767691658309,0.01811651763570114,0.001064650843716541,-0.04905,0.64746,9.73152
42722221795,21.78,0.03515093113516579,0.01064650843716541,0.001064650843716541,-0.07848000000000001,0.71613,9.81
42727272300,21.78,0.04153883619746504,-0.004258603374866164,0.0,-0.05886,0.74556,9.81
42732322805,21.78,0.03728023282259888,-0.011711159280881954,0.0,0.0,0.79461,9.78057
42737373310,21.78,0.02556907354171693,-0.007452555906015787,0.0,0.009810000000000001,0.7749900000000001,9.70209
42742423815,21.78,0.01918116847941768,-0.005323254218582705,0.0,0.039240000000000004,0.6768900000000001,9.81
42747474320,21.78,0.014905111812031574,0.0,0.0,0.0,0.59841,9.83943
42752524825,21.78,0.01918116847941768,0.0,0.001064650843716541,-0.019620000000000002,0.52974,9.80019
42757575330,21.78,0.021310470166850764,-0.014905111812031574,-0.001064650843716541,-0.019620000000000002,0.65727,9.81
42762625835,21.78,0.031956978604016174,-0.022375121010567305,-0.001064650843716541,0.07848000000000001,0.7651800000000001,9.82962
42767676340,21.78,0.04153883619746504,-0.013840460968315033,0.0,0.20601000000000003,0.7749900000000001,9.819809999999999
42772726845,21.78,0.04260348704118158,-0.001064650843716541,0.001064650843716541,0.1962,0.7651800000000001,9.760950000000001
42777777350,21.78,0.031956978604016174,0.00958185759344887,-0.004258603374866164,0.18639,0.6867000000000001,9.68247
42782827855,21.78,0.02556907354171693,0.008517206749732328,-0.003193952531149623,0.08829,0.6180300000000001,9.64323
42787878360,21.78,0.024504422698000388,0.023439771854283843,-0.002129301687433082,0.019620000000000002,0.5886,9.70209
42792928865,21.78,0.03515093113516579,0.05007349623971732,0.0,-0.08829,0.64746,9.78057
42797979370,21.78,0.04794419455228423,0.04581489286485115,0.001064650843716541,-0.20601000000000003,0.75537,9.770760000000001
42803029875,21.78,0.05007349623971732,0.014905111812031574,-0.002129301687433082,-0.26487,0.8338500000000001,9.770760000000001
42808080380,21.78,0.04581489286485115,-0.005323254218582705,-0.003193952531149623,-0.17658,0.9711900000000001,9.633420000000001
42813130885,21.78,0.03621558197888234,-0.01811651763570114,0.0,-0.10791,1.02024,9.52551
42818181390,21.78,0.022375121010567305,-0.022375121010567305,0.0,0.0,0.95157,9.56475
42823231895,21.78,-0.001064650843716541,-0.01811651763570114,0.0,0.019620000000000002,0.72594,9.65304
42828282400,21.78,-0.008517206749732328,-0.024504422698000388,0.001064650843716541,0.0,0.5591700000000001,9.70209
42833332905,21.78,-0.004258603374866164,-0.033021629447732716,-0.001064650843716541,0.009810000000000001,0.52974,9.70209
42838383410,21.78,0.008517206749732328,-0.02663372438543347,0.0,0.07848000000000001,0.5886,9.69228
42843433915,21.78,0.02556907354171693,-0.01064650843716541,0.0,0.16677000000000003,0.6867000000000001,9.7119
42848484420,21.78,0.033021629447732716,0.005323254218582705,0.0,0.18639,0.7749900000000001,9.73152
42853534925,21.78,0.03408628029144926,0.014905111812031574,-0.002129301687433082,0.18639,0.79461,9.73152
42858585430,21.78,0.028763026072866547,0.013840460968315033,0.0,0.0981,0.74556,9.68247
42863635935,21.78,0.01918116847941768,0.0170518667919846,0.0,0.04905,0.74556,9.7119
42868686440,21.78,0.01811651763570114,0.024504422698000388,0.0,0.0,0.70632,9.72171
42873736945,21.78,0.021310470166850764,0.02663372438543347,-0.001064650843716541,-0.05886,0.74556,9.84924
42878787450,21.78,0.02556907354171693,0.0170518667919846,0.0,-0.0981,0.6867000000000001,9.937529999999999
42883837955,21.78,0.024504422698000388,0.002129301687433082,-0.004258603374866164,-0.14715,0.6278400000000001,9.86886
42888888460,21.78,0.022375121010567305,-0.012775810124598492,-0.001064650843716541,-0.14715,0.6768900000000001,9.770760000000001
42893938965,21.78,0.020245819323134222,-0.012775810124598492,0.0,-0.06867000000000001,0.74556,9.751140000000001
42898989470,21.78,0.01918116847941768,-0.00958185759344887,0.0,-0.009810000000000001,0.86328,9.80019
42904039975,21.78,0.022375121010567305,-0.014905111812031574,0.0,0.04905,0.84366,9.84924
42909090480,21.78,0.015987215948268057,-0.011711159280881954,-0.003193952531149623,0.07848000000000001,0.72594,9.888480000000001
42914140985,21.78,0.013840460968315033,-0.004258603374866164,-0.002129301687433082,0.06867000000000001,0.57879,9.760950000000001
42919191490,21.78,0.0170518667919846,0.001064650843716541,0.0,0.02943,0.57879,9.64323
42924241995,21.78,0.022375121010567305,0.006387905062299246,0.0,0.02943,0.65727,9.64323
42929292500,21.78,0.03089232776029963,0.013840460968315033,0.002129301687433082,0.009810000000000001,0.80442,9.7119
42934343005,21.78,0.03408628029144926,0.006387905062299246,-0.003193952531149623,0.02943,0.9221400000000001,9.73152
42939393510,21.78,0.03728023282259888,0.001064650843716541,-0.005323254218582705,0.05886,0.94176,9.751140000000001
42944444015,21.78,0.031956978604016174,0.011711159280881954,0.0,0.019620000000000002,0.8142300000000001,9.633420000000001
42949494520,21.78,0.014905111812031574,0.015987215948268057,-0.001064650843716541,-0.05886,0.70632,9.57456
42954545025,21.78,0.007452555906015787,0.01064650843716541,0.002129301687433082,-0.10791,0.6670800000000001,9.56475
42959595530,21.78,0.008517206749732328,0.004258603374866164,0.001064650843716541,-0.10791,0.69651,9.6138
42964646035,21.78,0.013840460968315033,-0.004258603374866164,0.0,-0.10791,0.7848,9.68247
42969696540,21.78,0.028763026072866547,-0.008517206749732328,-0.002129301687433082,-0.04905,0.9221400000000001,9.7119
42974747045,21.78,0.03408628029144926,-0.011711159280881954,0.002129301687433082,0.0,0.9711900000000001,9.68247
42979797550,21.78,0.0170518667919846,-0.015987215948268057,-0.002129301687433082,0.05886,0.94176,9.65304
42984848055,21.78,0.0,-0.0170518667919846,-0.002129301687433082,0.0981,0.7749900000000001,9.623610000000001
42989898560,21.78,-0.015987215948268057,-0.01064650843716541,0.0,0.0981,0.56898,9.633420000000001
42994949065,21.78,-0.014905111812031574,0.001064650843716541,-0.001064650843716541,0.019620000000000002,0.46107000000000004,9.7119
42999999570,21.78,0.003193952531149623,0.015987215948268057,0.001064650843716541,-0.04905,0.5395500000000001,9.83943
43005050075,21.78,0.024504422698000388,0.015987215948268057,0.0,-0.06867000000000001,0.75537,9.908100000000001
43010100580,21.78,0.0404741853537485,0.0,-0.001064650843716541,-0.009810000000000001,0.9319500000000001,9.92772
43015151085,21.78,0.04153883619746504,-0.007452555906015787,-0.001064650843716541,0.07848000000000001,0.9221400000000001,9.85905
43020201590,21.78,0.02556907354171693,0.001064650843716541,0.001064650843716541,0.05886,0.8142300000000001,9.66285
43025252095,21.78,0.0,0.0170518667919846,-0.003193952531149623,-0.009810000000000001,0.69651,9.5157
43030302600,21.78,-0.003193952531149623,0.023439771854283843,0.0,-0.13734000000000002,0.6180300000000001,9.65304
43035353105,21.78,-0.002129301687433082,0.012775810124598492,0.004258603374866164,-0.18639,0.64746,9.84924
43040403610,21.78,0.012775810124598492,-0.01918116847941768,0.001064650843716541,-0.16677000000000003,0.8142300000000001,9.97677
43045454115,21.78,0.03089232776029963,-0.03728023282259888,0.001064650843716541,-0.009810000000000001,0.8829,9.94734
43050504620,21.78,0.03728023282259888,-0.02663372438543347,0.0,0.08829,0.8829,9.79038
43055555125,21.78,0.023439771854283843,-0.007452555906015787,0.0,0.14715,0.8240400000000001,9.5157
43060605630,21.78,0.007452555906015787,0.00958185759344887,0.0,0.0981,0.7651800000000001,9.47646
43065656135,21.78,-0.003193952531149623,0.012775810124598492,0.002129301687433082,0.019620000000000002,0.70632,9.5157
43070706640,21.78,-0.006387905062299246,0.008517206749732328,-0.002129301687433082,0.0,0.69651,9.7119
43075757145,21.78,0.004258603374866164,0.006387905062299246,0.0,-0.019620000000000002,0.73575,9.86886
43080807650,21.78,0.01918116847941768,0.01064650843716541,-0.002129301687433082,-0.04905,0.79461,9.89829
43085858155,21.78,0.02769837522915001,0.008517206749732328,0.0,-0.05886,0.7749900000000001,9.888480000000001
43090908660,21.78,0.02663372438543347,0.001064650843716541,0.0,-0.07848000000000001,0.7651800000000001,9.70209
43095959165,21.78,0.014905111812031574,0.003193952531149623,0.0,-0.04905,0.75537,9.57456
43101009670,21.78,0.008517206749732328,-0.004258603374866164,-0.001064650843716541,-0.06867000000000001,0.89271,9.54513
43106060175,21.78,0.007452555906015787,-0.003193952531149623,0.0,0.0,0.94176,9.68247
43111110680,21.78,0.008517206749732328,-0.001064650843716541,0.002129301687433082,0.019620000000000002,0.9319500000000001,9.770760000000001
43116161185,21.78,0.004258603374866164,-0.002129301687433082,-0.001064650843716541,0.0,0.8240400000000001,9.80019
43121211690,21.78,-0.005323254218582705,-0.003193952531149623,-0.002129301687433082,-0.02943,0.57879,9.81
43126262195,21.78,-0.014905111812031574,0.0,0.001064650843716541,-0.0981,0.47088,9.760950000000001
43131312700,21.78,-0.007452555906015787,-0.005323254218582705,0.0,-0.11772,0.51012,9.770760000000001
43136363205,21.78,0.007452555906015787,-0.005323254218582705,0.0,-0.05886,0.6867000000000001,9.84924
43141413710,21.78,0.02982767691658309,-0.012775810124598492,0.0,0.019620000000000002,0.9221400000000001,9.85905
43146464215,21.78,0.03515093113516579,-0.011711159280881954,-0.004258603374866164,0.10791,1.00062,9.83943
43151514720,21.78,0.028763026072866547,0.003193952531149623,0.0,0.12753,0.9319500000000001,9.72171
43156565225,21.78,0.011711159280881954,0.0170518667919846,-0.001064650843716541,0.06867000000000001,0.7848,9.52551
43161615730,21.78,-0.003193952531149623,0.0170518667919846,0.0,-0.039240000000000004,0.71613,9.52551
43166666235,21.78,-0.008517206749732328,0.014905111812031574,-0.001064650843716541,-0.06867000000000001,0.74556,9.56475
43171716740,21.78,-0.003193952531149623,0.006387905062299246,0.0,-0.08829,0.75537,9.70209
43176767245,21.78,0.007452555906015787,0.005323254218582705,-0.002129301687433082,-0.05886,0.84366,9.80019
43181817750,21.78,0.014905111812031574,0.011711159280881954,-0.004258603374866164,-0.10791,0.80442,9.819809999999999
43186868255,21.78,0.012775810124598492,0.012775810124598492,0.001064650843716541,-0.16677000000000003,0.71613,9.770760000000001
43191918760,21.78,0.006387905062299246,-0.001064650843716541,0.001064650843716541,-0.16677000000000003,0.72594,9.72171
43196969265,21.78,-0.001064650843716541,-0.007452555906015787,0.0,-0.16677000000000003,0.72594,9.72171
43202019770,21.78,-0.003193952531149623,-0.022375121010567305,0.001064650843716541,-0.10791,0.7651800000000001,9.72171
43207070275,21.78,0.0,-0.024504422698000388,-0.001064650843716541,-0.039240000000000004,0.8338500000000001,9.82962
43212120780,21.78,0.01064650843716541,-0.014905111812031574,-0.002129301687433082,0.06867000000000001,0.84366,9.82962
43217171285,21.78,0.013840460968315033,-0.002129301687433082,0.0,0.05886,0.79461,9.7119
43222221790,21.78,0.007452555906015787,-0.003193952531149623,-0.001064650843716541,0.06867000000000001,0.74556,9.60399
43227272295,21.78,-0.003193952531149623,0.0,0.001064650843716541,0.06867000000000001,0.72594,9.60399
43232322800,21.78,-0.005323254218582705,0.002129301687433082,0.001064650843716541,0.009810000000000001,0.72594,9.56475
43237373305,21.78,-0.003193952531149623,0.004258603374866164,-0.001064650843716541,0.039240000000000004,0.80442,9.69228
43242423810,21.78,0.008517206749732328,0.006387905062299246,0.0,0.009810000000000001,0.87309,9.80019
43247474315,21.78,0.012775810124598492,0.008517206749732328,-0.002129301687433082,0.0,0.85347,9.819809999999999
43252524820,21.78,0.012775810124598492,0.01918116847941768,-0.001064650843716541,-0.039240000000000004,0.7651800000000001,9.74133
43257575325,21.78,0.003193952531149623,0.033021629447732716,-0.002129301687433082,-0.14715,0.69651,9.623610000000001
43262625830,21.78,-0.003193952531149623,0.039409534510031964,-0.001064650843716541,-0.22563,0.64746,9.58437
43267676335,21.78,-0.001064650843716541,0.021310470166850764,0.001064650843716541,-0.32373,0.7749900000000001,9.67266
43272726840,21.78,0.001064650843716541,-0.003193952531149623,0.005323254218582705,-0.28449,0.94176,9.78057
43277777345,21.78,0.003193952531149623,-0.039409534510031964,0.0,-0.17658,1.0791000000000002,9.908100000000001
43282827850,21.78,0.001064650843716541,-0.054332099614583476,-0.003193952531149623,0.009810000000000001,1.01043,9.937529999999999
43287878355,21.78,-0.007452555906015787,-0.04366813788489812,0.0,0.14715,0.72594,9.81
43292928860,21.78,-0.02982767691658309,-0.02556907354171693,0.0,0.11772,0.5395500000000001,9.64323
43297979365,21.78,-0.03089232776029963,-0.005323254218582705,0.002129301687433082,0.05886,0.3924,9.623610000000001
43303029870,21.78,-0.0170518667919846,0.01064650843716541,0.001064650843716541,0.039240000000000004,0.47088,9.72171
43308080375,21.78,0.001064650843716541,0.00958185759344887,0.0,0.02943,0.71613,9.86886
43313130880,21.78,0.02663372438543347,-0.002129301687433082,0.0,0.05886,0.9613800000000001,10.006200000000002
43318181385,21.78,0.03834488366631542,-0.006387905062299246,-0.001064650843716541,0.14715,1.03986,9.937529999999999
43323231890,21.78,0.02663372438543347,-0.003193952531149623,-0.002129301687433082,0.20601000000000003,0.9711900000000001,9.770760000000001
43328282395,21.78,0.004258603374866164,0.012775810124598492,-0.005323254218582705,0.14715,0.7749900000000001,9.58437
43333332900,21.78,-0.013840460968315033,0.049008845396000776,-0.003193952531149623,-0.02943,0.6180300000000001,9.50589
43338383405,21.78,-0.013840460968315033,0.0756251164889143,-0.002129301687433082,-0.25506,0.51012,9.55494
43343433910,21.78,-0.004258603374866164,0.08096582400001695,-0.001064650843716541,-0.3924,0.5886,9.74133
43348484415,21.78,0.015987215948268057,0.05113814708343386,0.002129301687433082,-0.5493600000000001,0.84366,9.80019
43353534920,21.78,0.033021629447732716,0.001064650843716541,0.001064650843716541,-0.5395500000000001,1.1281500000000002,9.760950000000001
43358585425,21.78,0.03515093113516579,-0.05752605214573309,0.0,-0.32373,1.29492,9.78057
43363635930,21.78,0.001064650843716541,-0.08203047484373349,-0.001064650843716541,-0.05886,1.20663,9.751140000000001
43368686435,21.78,-0.03728023282259888,-0.08203047484373349,-0.002129301687433082,0.12753,0.87309,9.59418
43373736940,21.78,-0.05859070298944965,-0.05646140130201656,0.0,0.15696000000000002,0.5395500000000001,9.48627
43378787445,21.78,-0.060720004676882725,-0.023439771854283843,0.0,0.14715,0.32373,9.55494
43383837950,21.78,-0.04153883619746504,0.0,0.002129301687433082,0.07848000000000001,0.32373,9.73152
43388888455,21.78,-0.005323254218582705,0.022375121010567305,0.0,0.05886,0.51012,9.92772
43393938960,21.78,0.024504422698000388,0.028763026072866547,0.0,0.019620000000000002,0.72594,10.006200000000002
43398989465,21.78,0.03834488366631542,0.020245819323134222,0.002129301687433082,-0.019620000000000002,0.9221400000000001,10.01601
43404039970,21.78,0.031956978604016174,0.013840460968315033,-0.002129301687433082,-0.02943,1.02024,9.94734
43409090475,21.78,0.01811651763570114,-0.001064650843716541,-0.001064650843716541,0.02943,0.9221400000000001,9.78057
43414140980,21.78,-0.006387905062299246,-0.012775810124598492,0.0,0.02943,0.8829,9.70209
43419191485,21.78,-0.0170518667919846,-0.004258603374866164,0.0,0.019620000000000002,0.73575,9.64323
43424241990,21.78,-0.015987215948268057,0.0170518667919846,0.0,-0.019620000000000002,0.60822,9.6138
43429292495,21.78,-0.004258603374866164,0.033021629447732716,0.001064650843716541,-0.10791,0.6278400000000001,9.633420000000001
43434343000,21.78,0.002129301687433082,0.04366813788489812,0.0,-0.21582,0.69651,9.68247
43439393505,21.78,0.01064650843716541,0.04794419455228423,-0.002129301687433082,-0.32373,0.7848,9.70209
43444444010,21.78,0.012775810124598492,0.023439771854283843,0.001064650843716541,-0.36297,0.90252,9.70209
43449494515,21.78,0.007452555906015787,0.0,-0.002129301687433082,-0.36297,1.00062,9.7119
43454545020,21.78,0.005323254218582705,-0.022375121010567305,0.0,-0.27468000000000004,1.03005,9.64323
43459595525,21.78,-0.002129301687433082,-0.04153883619746504,0.0,-0.16677000000000003,1.03005,9.54513
43464646030,21.78,-0.013840460968315033,-0.05326744877086694,0.001064650843716541,-0.04905,0.94176,9.46665
43469696535,21.78,-0.03408628029144926,-0.04260348704118158,0.002129301687433082,0.04905,0.8338500000000001,9.4176
43474747040,21.78,-0.044732788728614664,-0.04581489286485115,0.003193952531149623,0.17658,0.75537,9.40779
43479797545,21.78,-0.05113814708343386,-0.03834488366631542,0.001064650843716541,0.24525000000000002,0.73575,9.58437
43484848050,21.78,-0.04260348704118158,-0.03089232776029963,0.0,0.28449,0.6867000000000001,9.70209
43489898555,21.78,-0.031956978604016174,-0.020245819323134222,-0.002129301687433082,0.34335000000000004,0.60822,9.94734
43494949060,21.78,-0.0170518667919846,-0.006387905062299246,0.0,0.31392000000000003,0.50031,9.908100000000001
43499999565,21.78,-0.006387905062299246,0.03834488366631542,0.001064650843716541,0.16677000000000003,0.44145,9.89829
43505050070,21.78,0.006387905062299246,0.07456046564519776,0.0,0.0,0.48069000000000006,9.82962
43510100575,21.78,0.01918116847941768,0.09906488834319814,-0.002129301687433082,-0.20601000000000003,0.6278400000000001,9.888480000000001
43515151080,21.78,0.022375121010567305,0.10119419003063122,-0.003193952531149623,-0.41202000000000005,0.80442,9.888480000000001
43520201585,21.78,0.02556907354171693,0.07670722062515077,0.0,-0.56898,0.9810000000000001,9.908100000000001
43525252090,21.78,0.024504422698000388,0.03089232776029963,0.001064650843716541,-0.6278400000000001,1.1183400000000001,9.937529999999999
43530302595,21.78,0.004258603374866164,-0.014905111812031574,0.0,-0.56898,1.06929,9.94734
43535353100,21.78,-0.01918116847941768,-0.05859070298944965,0.0,-0.44145,0.94176,9.84924
43540403605,21.78,-0.03834488366631542,-0.08628907821859966,0.0,-0.32373,0.75537,9.770760000000001
43545454110,21.78,-0.04366813788489812,-0.10759954838545042,0.001064650843716541,-0.039240000000000004,0.70632,9.60399
43550504615,21.78,-0.05646140130201656,-0.10759954838545042,0.0,0.24525000000000002,0.6867000000000001,9.67266
43555555120,21.78,-0.03408628029144926,-0.09161233243718235,0.0,0.48069000000000006,0.69651,9.60399
43560605625,21.78,-0.02769837522915001,-0.049008845396000776,0.0,0.65727,0.69651,9.64323
43565656130,21.78,-0.01811651763570114,-0.008517206749732328,-0.002129301687433082,0.6278400000000001,0.6278400000000001,9.60399
43570706635,21.78,-0.007452555906015787,0.03728023282259888,-0.003193952531149623,0.52974,0.51993,9.60399
43575757140,21.78,-0.002129301687433082,0.08203047484373349,0.0,0.28449,0.48069000000000006,9.72171
43580807645,21.78,0.005323254218582705,0.10759954838545042,0.0,0.0,0.5591700000000001,9.79038
43585858150,21.78,0.01811651763570114,0.11185815176031658,-0.004258603374866164,-0.27468000000000004,0.69651,9.83943
43590908655,21.78,0.02982767691658309,0.10332349171806432,-0.003193952531149623,-0.41202000000000005,0.8829,9.83943
43595959160,21.78,0.0404741853537485,0.07883652231258387,-0.002129301687433082,-0.57879,1.1281500000000002,9.70209
43601009665,21.78,0.02982767691658309,0.05113814708343386,0.0,-0.6278400000000001,1.20663,9.64323
43606060170,21.78,0.001064650843716541,0.01064650843716541,0.001064650843716541,-0.65727,1.08891,9.58437
43611110675,21.78,-0.031956978604016174,-0.028763026072866547,0.0,-0.6180300000000001,0.9613800000000001,9.48627
43616161180,21.78,-0.054332099614583476,-0.06923721142661506,0.001064650843716541,-0.48069000000000006,0.89271,9.59418
43621211685,21.78,-0.06604325889546543,-0.09480628496833199,0.001064650843716541,-0.30411,0.73575,9.79038
43626262190,21.78,-0.06391395720803235,-0.11398745344774965,0.002129301687433082,-0.07848000000000001,0.63765,9.91791
43631312695,21.78,-0.05965535383316618,-0.1097288500728835,0.0,0.14715,0.5886,9.91791
43636363200,21.78,-0.04366813788489812,-0.09480628496833199,0.001064650843716541,0.37278,0.49050000000000005,9.86886
43641413705,21.78,-0.03621558197888234,-0.05752605214573309,0.005323254218582705,0.51012,0.45126,9.819809999999999
43646464210,21.78,-0.023439771854283843,-0.020245819323134222,0.0,0.60822,0.47088,9.760950000000001
43651514715,21.78,-0.006387905062299246,0.023439771854283843,-0.001064650843716541,0.51012,0.51012,9.819809999999999
43656565220,21.78,0.01064650843716541,0.05965535383316618,0.001064650843716541,0.2943,0.63765,9.85905
43661615725,21.78,0.028763026072866547,0.08203047484373349,-0.002129301687433082,0.16677000000000003,0.79461,9.937529999999999
43666666230,21.78,0.033021629447732716,0.08628907821859966,-0.002129301687433082,0.0,0.90252,9.87867
43671716735,21.78,0.02982767691658309,0.07349581480148122,0.0,-0.14715,0.9613800000000001,9.770760000000001
43676767240,21.78,0.012775810124598492,0.05752605214573309,-0.001064650843716541,-0.28449,0.9711900000000001,9.65304
43681817745,21.78,-0.005323254218582705,0.03834488366631542,0.0,-0.36297,0.9319500000000001,9.633420000000001
43686868250,21.78,-0.02769837522915001,0.013840460968315033,-0.001064650843716541,-0.3924,0.79461,9.66285
43691918755,21.78,-0.033021629447732716,-0.01811651763570114,0.001064650843716541,-0.38259000000000004,0.7651800000000001,9.81
43696969260,21.78,-0.03089232776029963,-0.0404741853537485,0.002129301687433082,-0.32373,0.73575,9.87867
43702019765,21.78,-0.023439771854283843,-0.060720004676882725,0.0,-0.22563,0.71613,9.84924
43707070270,21.78,-0.0170518667919846,-0.06817256058289851,0.0,-0.039240000000000004,0.73575,9.69228
43712120775,21.78,-0.013840460968315033,-0.06284930636431581,0.0,0.13734000000000002,0.79461,9.59418
43717171280,21.78,-0.020245819323134222,-0.04366813788489812,-0.001064650843716541,0.27468000000000004,0.7848,9.4176
43722221785,21.78,-0.02663372438543347,-0.024504422698000388,0.0,0.35316,0.80442,9.4176
43727272290,21.78,-0.031956978604016174,-0.005323254218582705,0.001064650843716541,0.37278,0.75537,9.5157
43732322795,21.78,-0.031956978604016174,0.01811651763570114,0.0,0.30411,0.6670800000000001,9.64323
43737373300,21.78,-0.02769837522915001,0.03621558197888234,-0.002129301687433082,0.17658,0.5886,9.73152
43742423805,21.78,-0.00958185759344887,0.044732788728614664,0.002129301687433082,0.019620000000000002,0.6180300000000001,9.751140000000001
43747474310,21.78,-0.003193952531149623,0.03728023282259888,0.002129301687433082,-0.05886,0.72594,9.7119
43752524815,21.78,0.004258603374866164,0.03408628029144926,-0.001064650843716541,-0.0981,0.86328,9.68247
43757575320,21.78,0.006387905062299246,0.03834488366631542,0.0,-0.14715,0.8829,9.60399
43762625825,21.78,-0.01064650843716541,0.03621558197888234,-0.002129301687433082,-0.22563,0.8829,9.5157
43767676330,21.78,-0.02556907354171693,0.02769837522915001,-0.004258603374866164,-0.28449,0.8829,9.57456
43772726835,21.78,-0.03408628029144926,0.02663372438543347,0.0,-0.37278,0.72594,9.69228
43777777340,21.78,-0.04366813788489812,0.03089232776029963,0.0,-0.47088,0.6180300000000001,9.80019
43782827845,21.78,-0.0404741853537485,0.021310470166850764,0.0,-0.5493600000000001,0.5591700000000001,9.85905
43787878350,21.78,-0.023439771854283843,0.014905111812031574,0.0,-0.59841,0.5493600000000001,9.89829
43792928855,21.78,-0.021310470166850764,0.004258603374866164,0.0,-0.60822,0.64746,9.908100000000001
43797979360,21.78,-0.013840460968315033,-0.015987215948268057,-0.001064650843716541,-0.5493600000000001,0.7651800000000001,9.87867
43803029865,21.78,-0.013840460968315033,-0.039409534510031964,0.003193952531149623,-0.43164,0.85347,9.89829
43808080370,21.78,-0.02663372438543347,-0.06817256058289851,0.0,-0.27468000000000004,0.9123300000000001,9.937529999999999
43813130875,21.78,-0.03728023282259888,-0.08203047484373349,0.002129301687433082,-0.04905,0.89271,9.99639
43818181380,21.78,-0.04794419455228423,-0.09054768159346581,0.001064650843716541,0.15696000000000002,0.80442,9.99639
43823231885,21.78,-0.05220279792715039,-0.10438814256178083,0.002129301687433082,0.37278,0.63765,9.888480000000001
43828282390,21.78,-0.06710790973918197,-0.09267698328089889,0.0,0.5886,0.42183,9.92772
43833332895,21.78,-0.054332099614583476,-0.05859070298944965,0.003193952531149623,0.6768900000000001,0.2943,9.72171
43838383400,21.78,-0.0404741853537485,-0.015987215948268057,0.0,0.6867000000000001,0.36297,9.64323
43843433905,21.78,-0.002129301687433082,0.023439771854283843,-0.002129301687433082,0.65727,0.52974,9.69228
43848484410,21.78,0.01918116847941768,0.06497860805174888,0.0,0.59841,0.64746,9.82962
43853534915,21.78,0.02556907354171693,0.08735372906231618,0.001064650843716541,0.35316,0.69651,9.81
43858585420,21.78,0.02769837522915001,0.10866419922916695,0.0,0.08829,0.75537,9.64323
43863635925,21.78,0.021310470166850764,0.11824605682261582,-0.002129301687433082,-0.18639,0.8338500000000001,9.6138
43868686430,21.78,0.01811651763570114,0.11611675513518273,-0.002129301687433082,-0.40221,0.9711900000000001,9.52551
43873736935,21.78,0.00958185759344887,0.10119419003063122,0.001064650843716541,-0.56898,1.03005,9.54513
43878787440,21.78,-0.001064650843716541,0.05859070298944965,0.0,-0.71613,1.05948,9.53532
43883837945,21.78,-0.023439771854283843,0.006387905062299246,-0.002129301687433082,-0.72594,0.9908100000000001,9.52551
43888888450,21.78,-0.046879543708567686,-0.023439771854283843,-0.002129301687433082,-0.6768900000000001,0.75537,9.56475
43893938955,21.78,-0.06284930636431581,-0.04366813788489812,0.002129301687433082,-0.64746,0.63765,9.623610000000001
43898989460,21.78,-0.06178465552059926,-0.07777187146886733,0.002129301687433082,-0.48069000000000006,0.6670800000000001,9.73152
43904039965,21.78,-0.06391395720803235,-0.10545279340549739,0.0,-0.26487,0.64746,9.937529999999999
43909090470,21.78,-0.05220279792715039,-0.1097288500728835,0.001064650843716541,-0.039240000000000004,0.6278400000000001,9.94734
43914140975,21.78,-0.04794419455228423,-0.09480628496833199,-0.001064650843716541,0.18639,0.60822,9.819809999999999
43919191480,21.78,-0.04366813788489812,-0.06817256058289851,-0.004258603374866164,0.37278,0.57879,9.72171
43924241985,21.78,-0.03515093113516579,-0.02556907354171693,0.001064650843716541,0.46107000000000004,0.5886,9.70209
43929292490,21.78,-0.03515093113516579,0.001064650843716541,-0.001064650843716541,0.47088,0.5493600000000001,9.7119
43934342995,21.78,-0.03515093113516579,0.01918116847941768,0.0,0.41202000000000005,0.50031,9.86886
43939393500,21.78,-0.024504422698000388,0.03408628029144926,-0.002129301687433082,0.24525000000000002,0.51012,9.91791
43944444005,21.78,-0.011711159280881954,0.04260348704118158,0.001064650843716541,0.14715,0.57879,9.97677
43949494510,21.78,0.006387905062299246,0.03834488366631542,0.0,0.039240000000000004,0.70632,9.95715
43954545015,21.78,0.008517206749732328,0.02663372438543347,0.0,0.02943,0.8142300000000001,9.91791
43959595520,21.78,0.002129301687433082,0.014905111812031574,-0.001064650843716541,0.02943,0.79461,9.74133
43964646025,21.78,-0.008517206749732328,0.023439771854283843,0.0,-0.019620000000000002,0.72594,9.59418
43969696530,21.78,-0.020245819323134222,0.04366813788489812,-0.001064650843716541,-0.12753,0.70632,9.496080000000001
43974747035,21.78,-0.024504422698000388,0.06178465552059926,-0.001064650843716541,-0.24525000000000002,0.72594,9.623610000000001
43979797540,21.78,-0.024504422698000388,0.05859070298944965,-0.001064650843716541,-0.41202000000000005,0.6768900000000001,9.770760000000001
43984848045,21.78,-0.024504422698000388,0.033021629447732716,0.0,-0.5395500000000001,0.6278400000000001,9.770760000000001
43989898550,21.78,-0.024504422698000388,0.007452555906015787,-0.002129301687433082,-0.52974,0.64746,9.7119
43994949055,21.78,-0.014905111812031574,-0.007452555906015787,0.0,-0.50031,0.75537,9.633420000000001
43999999560,21.78,-0.012775810124598492,-0.013840460968315033,0.002129301687433082,-0.40221,0.87309,9.623610000000001
44005050065,21.78,-0.02663372438543347,-0.05113814708343386,0.003193952531149623,-0.28449,0.9613800000000001,9.623610000000001
44010100570,21.78,-0.04581489286485115,-0.09480628496833199,0.0,-0.06867000000000001,0.9810000000000001,9.64323
44015151075,21.78,-0.07136651311404815,-0.11505210429146619,0.003193952531149623,0.26487,0.85347,9.69228
44020201580,21.78,-0.07883652231258387,-0.10653489754173388,0.0,0.51012,0.59841,9.67266
44025252085,21.78,-0.09374163412461543,-0.05752605214573309,0.003193952531149623,0.59841,0.2943,9.751140000000001
44030302590,21.78,-0.07990117315630041,-0.020245819323134222,0.002129301687433082,0.52974,0.13734000000000002,9.80019
44035353095,21.78,-0.05220279792715039,0.011711159280881954,0.0,0.43164,0.08829,9.89829
44040403600,21.78,-0.020245819323134222,0.04794419455228423,0.002129301687433082,0.30411,0.21582,9.98658
44045454105,21.78,0.0170518667919846,0.09480628496833199,0.001064650843716541,0.11772,0.41202000000000005,9.94734
44050504610,21.78,0.03515093113516579,0.12037535851004891,-0.003193952531149623,-0.06867000000000001,0.6768900000000001,10.01601
44055555115,21.78,0.049008845396000776,0.11931070766633237,0.0,-0.30411,0.9908100000000001,9.89829
44060605620,21.78,0.033021629447732716,0.08841837990603273,-0.001064650843716541,-0.49050000000000005,1.10853,9.81
44065656125,21.78,0.003193952531149623,0.033021629447732716,0.001064650843716541,-0.5493600000000001,1.1281500000000002,9.7119
44070706630,21.78,-0.03089232776029963,-0.013840460968315033,0.0,-0.51012,0.94176,9.623610000000001
44075757135,21.78,-0.05859070298944965,-0.05007349623971732,0.0,-0.42183,0.84366,9.60399
44080807640,21.78,-0.07243116395776468,-0.07030186227033158,0.0,-0.27468000000000004,0.69651,9.60399
44085858145,21.78,-0.07456046564519776,-0.07990117315630041,0.0,-0.08829,0.5493600000000001,9.770760000000001
44090908650,21.78,-0.07670722062515077,-0.08203047484373349,-0.002129301687433082,0.019620000000000002,0.38259000000000004,9.751140000000001
44095959155,21.78,-0.06391395720803235,-0.06178465552059926,-0.002129301687433082,0.14715,0.33354000000000006,9.72171
44101009660,21.78,-0.046879543708567686,-0.031956978604016174,0.0,0.25506,0.37278,9.72171
44106060165,21.78,-0.02556907354171693,-0.001064650843716541,0.003193952531149623,0.24525000000000002,0.48069000000000006,9.73152
44111110670,21.78,-0.01064650843716541,0.007452555906015787,0.002129301687433082,0.24525000000000002,0.65727,9.760950000000001
44116161175,21.78,-0.002129301687433082,0.006387905062299246,-0.004258603374866164,0.30411,0.80442,9.74133
44121211680,21.78,-0.002129301687433082,0.006387905062299246,0.0,0.2943,0.89271,9.60399
44126262185,21.78,-0.01811651763570114,0.02769837522915001,-0.002129301687433082,0.28449,0.8338500000000001,9.57456
44131312690,21.78,-0.03515093113516579,0.05220279792715039,0.0,0.11772,0.6278400000000001,9.52551
44136363195,21.78,-0.044732788728614664,0.07030186227033158,-0.001064650843716541,-0.0981,0.5395500000000001,9.56475
44141413700,21.78,-0.04581489286485115,0.07030186227033158,0.0,-0.27468000000000004,0.51993,9.73152
44146464205,21.78,-0.039409534510031964,0.05965535383316618,0.0,-0.41202000000000005,0.46107000000000004,9.84924
44151514710,21.78,-0.03621558197888234,0.024504422698000388,0.0,-0.51993,0.5493600000000001,9.937529999999999
44156565215,21.78,-0.02556907354171693,-0.014905111812031574,0.0,-0.47088,0.73575,9.96696
44161615720,21.78,-0.012775810124598492,-0.05752605214573309,0.0,-0.31392000000000003,0.85347,9.99639
44166666225,21.78,-0.02769837522915001,-0.08628907821859966,0.0,-0.12753,0.90252,9.86886
44171716730,21.78,-0.054332099614583476,-0.09587093581204853,0.0,0.16677000000000003,0.73575,9.79038
44176767235,21.78,-0.06604325889546543,-0.06391395720803235,0.0,0.28449,0.46107000000000004,9.69228
44181817740,21.78,-0.07456046564519776,-0.014905111812031574,0.0,0.25506,0.24525000000000002,9.6138
44186868245,21.78,-0.06604325889546543,0.012775810124598492,0.0,0.14715,0.21582,9.72171
44191918750,21.78,-0.04581489286485115,0.024504422698000388,0.0,0.05886,0.31392000000000003,9.94734
44196969255,21.78,-0.008517206749732328,0.01811651763570114,0.0,0.0981,0.48069000000000006,10.01601
44202019760,21.78,0.007452555906015787,0.007452555906015787,0.0,0.07848000000000001,0.7749900000000001,9.92772
44207070265,21.78,0.004258603374866164,0.01064650843716541,0.0,0.11772,0.8338500000000001,9.83943
44212120770,21.78,-0.005323254218582705,0.013840460968315033,0.0,0.14715,0.79461,9.633420000000001
44217171275,21.78,-0.01918116847941768,0.022375121010567305,0.0,0.06867000000000001,0.72594,9.55494
44222221780,21.78,-0.0404741853537485,0.044732788728614664,0.0,-0.039240000000000004,0.6278400000000001,9.46665
44227272285,21.78,-0.049008845396000776,0.05326744877086694,0.0,-0.17658,0.50031,9.50589
44232322790,21.78,-0.04581489286485115,0.04581489286485115,0.0,-0.30411,0.51993,9.59418
44237373295,21.78,-0.039409534510031964,0.033021629447732716,0.0,-0.37278,0.60822,9.74133
44242423800,21.78,-0.024504422698000388,-0.004258603374866164,0.0,-0.40221,0.80442,9.69228
44247474305,21.78,-0.020245819323134222,-0.049008845396000776,0.0,-0.25506,0.9221400000000001,9.74133
44252524810,21.78,-0.0404741853537485,-0.07349581480148122,0.0,0.0,0.84366,9.81
44257575315,21.78,-0.06923721142661506,-0.05965535383316618,0.0,0.12753,0.57879,9.67266
44262625820,21.78,-0.07990117315630041,-0.02769837522915001,0.0,0.10791,0.27468000000000004,9.56475
44267676325,21.78,-0.07349581480148122,-0.002129301687433082,0.0,0.04905,0.1962,9.69228
44272726830,21.78,-0.06923721142661506,-0.004258603374866164,0.0,0.009810000000000001,0.27468000000000004,9.83943
44277777335,21.78,-0.03621558197888234,-0.015987215948268057,0.0,0.039240000000000004,0.51993,10.01601
44282827840,21.78,-0.012775810124598492,-0.013840460968315033,0.0,0.16677000000000003,0.70632,10.045440000000001
44287878345,21.78,-0.01064650843716541,-0.01064650843716541,0.0,0.25506,0.72594,9.96696
44292928850,21.78,-0.022375121010567305,0.005323254218582705,0.0,0.21582,0.6180300000000001,9.82962
44297979355,21.78,-0.03834488366631542,0.033021629447732716,0.0,0.12753,0.42183,9.7119
44303029860,21.78,-0.05220279792715039,0.044732788728614664,0.0,-0.039240000000000004,0.3924,9.65304
44308080365,21.78,-0.04794419455228423,0.0404741853537485,0.0,-0.12753,0.3924,9.80019
44313130870,21.78,-0.02663372438543347,0.03621558197888234,0.0,-0.20601000000000003,0.50031,9.86886
44318181375,21.78,-0.012775810124598492,0.024504422698000388,0.0,-0.21582,0.70632,9.82962
44323231880,21.78,-0.005323254218582705,0.0,0.0,-0.20601000000000003,0.89271,9.80019
44328282385,21.78,-0.015987215948268057,-0.022375121010567305,0.0,-0.12753,0.8142300000000001,9.70209
44333332890,21.78,-0.049008845396000776,-0.02556907354171693,0.0,-0.04905,0.64746,9.57456
44338383395,21.78,-0.06817256058289851,-0.020245819323134222,0.0,-0.02943,0.48069000000000006,9.55494
44343433900,21.78,-0.07456046564519776,-0.011711159280881954,0.0,-0.04905,0.42183,9.60399
44348484405,21.78,-0.06178465552059926,-0.01918116847941768,0.0,-0.019620000000000002,0.42183,9.68247
44353534910,21.78,-0.04581489286485115,-0.021310470166850764,0.0,0.05886,0.5395500000000001,9.78057
44358585415,21.78,-0.033021629447732716,-0.0170518667919846,0.0,0.13734000000000002,0.59841,9.80019
44363635920,21.78,-0.03089232776029963,-0.00958185759344887,0.0,0.14715,0.57879,9.67266
44368686425,21.78,-0.04260348704118158,0.0,0.0,0.13734000000000002,0.52974,9.70209
44373736930,21.78,-0.05539675045830002,0.006387905062299246,0.0,0.0981,0.46107000000000004,9.74133
44378787435,21.78,-0.05752605214573309,0.0,0.0,0.04905,0.49050000000000005,9.73152
44383837940,21.78,-0.04153883619746504,-0.007452555906015787,0.0,0.07848000000000001,0.51012,9.86886
44388888445,21.78,-0.03834488366631542,0.004258603374866164,0.0,0.05886,0.50031,9.87867
44393938950,21.78,-0.03089232776029963,0.02769837522915001,0.0,0.0,0.46107000000000004,9.760950000000001
44398989455,21.78,-0.028763026072866547,0.046879543708567686,0.0,-0.10791,0.44145,9.751140000000001
44404039960,21.78,-0.03621558197888234,0.039409534510031964,0.0,-0.18639,0.44145,9.69228
44409090465,21.78,-0.044732788728614664,0.0170518667919846,0.0,-0.22563,0.56898,9.70209
44414140970,21.78,-0.03408628029144926,-0.007452555906015787,0.0,-0.20601000000000003,0.6768900000000001,9.87867
44419191475,21.78,-0.03515093113516579,-0.01811651763570114,0.0,-0.12753,0.70632,9.908100000000001
44424241980,21.78,-0.04260348704118158,-0.028763026072866547,0.0,-0.06867000000000001,0.6278400000000001,9.82962
44429292485,21.78,-0.044732788728614664,-0.024504422698000388,0.0,0.009810000000000001,0.49050000000000005,9.78057
44434342990,21.78,-0.060720004676882725,-0.015987215948268057,0.0,-0.009810000000000001,0.37278,9.60399
44439393495,21.78,-0.060720004676882725,-0.014905111812031574,0.0,0.0,0.42183,9.5157
44444444000,21.78,-0.05752605214573309,-0.011711159280881954,0.0,0.02943,0.47088,9.70209
44449494505,21.78,-0.05220279792715039,-0.013840460968315033,0.0,0.12753,0.52974,9.81
44454545010,21.78,-0.046879543708567686,-0.015987215948268057,0.0,0.16677000000000003,0.57879,9.85905
44459595515,21.78,-0.03834488366631542,-0.002129301687433082,0.0,0.18639,0.49050000000000005,9.95715
44464646020,21.78,-0.0404741853537485,0.00958185759344887,0.0,0.13734000000000002,0.38259000000000004,9.82962
44469696525,21.78,-0.046879543708567686,0.01918116847941768,0.0,0.039240000000000004,0.27468000000000004,9.7119
44474747030,21.78,-0.04260348704118158,0.033021629447732716,0.0,-0.05886,0.31392000000000003,9.70209
44479797535,21.78,-0.0404741853537485,0.03408628029144926,0.0,-0.11772,0.44145,9.69228
44484848040,21.78,-0.028763026072866547,0.020245819323134222,0.0,-0.16677000000000003,0.71613,9.70209
44489898545,21.78,-0.011711159280881954,0.01811651763570114,0.0,-0.12753,0.7749900000000001,9.89829
44494949050,21.78,-0.024504422698000388,0.008517206749732328,0.0,-0.14715,0.72594,9.80019
44499999555,21.78,-0.049008845396000776,-0.012775810124598492,0.0,-0.10791,0.57879,9.64323
44505050060,21.78,-0.07136651311404815,-0.023439771854283843,0.0,-0.12753,0.37278,9.69228
44510100565,21.78,-0.07883652231258387,-0.0404741853537485,0.0,-0.0981,0.32373,9.623610000000001
44515151070,21.78,-0.07136651311404815,-0.046879543708567686,0.0,0.02943,0.44145,9.68247
44520201575,21.78,-0.05752605214573309,-0.033021629447732716,0.0,0.1962,0.47088,9.83943
44525252080,21.78,-0.039409534510031964,-0.022375121010567305,0.0,0.21582,0.5395500000000001,9.80019
44530302585,21.78,-0.03834488366631542,-0.01064650843716541,0.0,0.27468000000000004,0.51993,9.72171
44535353090,21.78,-0.046879543708567686,0.008517206749732328,0.0,0.21582,0.37278,9.78057
44540403595,21.78,-0.060720004676882725,0.014905111812031574,0.0,0.11772,0.25506,9.6138
44545454100,21.78,-0.05752605214573309,0.03408628029144926,0.0,0.009810000000000001,0.27468000000000004,9.73152
44550504605,21.78,-0.04260348704118158,0.05220279792715039,0.0,-0.06867000000000001,0.28449,9.94734
44555555110,21.78,-0.02769837522915001,0.044732788728614664,0.0,-0.18639,0.47088,9.908100000000001
44560605615,21.78,-0.014905111812031574,0.015987215948268057,0.0,-0.20601000000000003,0.6278400000000001,9.86886
44565656120,21.78,-0.01918116847941768,-0.001064650843716541,0.0,-0.16677000000000003,0.6768900000000001,9.87867
44570706625,21.78,-0.03621558197888234,-0.01918116847941768,0.0,-0.12753,0.64746,9.6138
44575757130,21.78,-0.05859070298944965,-0.011711159280881954,0.0,-0.04905,0.50031,9.65304
44580807635,21.78,-0.0756251164889143,-0.011711159280881954,0.0,-0.0981,0.37278,9.68247
44585858140,21.78,-0.07456046564519776,-0.024504422698000388,0.0,-0.06867000000000001,0.3924,9.74133
44590908645,21.78,-0.07030186227033158,-0.04153883619746504,0.0,0.009810000000000001,0.37278,9.91791
44595959150,21.78,-0.054332099614583476,-0.04366813788489812,0.0,0.13734000000000002,0.37278,9.888480000000001
44601009655,21.78,-0.044732788728614664,-0.03621558197888234,0.0,0.24525000000000002,0.3924,9.751140000000001
44606060160,21.78,-0.04581489286485115,-0.002129301687433082,0.0,0.25506,0.37278,9.6138
44611110665,21.78,-0.04794419455228423,0.021310470166850764,0.0,0.21582,0.40221,9.60399
44616161170,21.78,-0.049008845396000776,0.028763026072866547,0.0,0.14715,0.40221,9.67266
44621211675,21.78,-0.05007349623971732,0.02982767691658309,0.0,0.05886,0.3924,9.79038
44626262180,21.78,-0.046879543708567686,0.03515093113516579,0.0,-0.02943,0.41202000000000005,9.89829
44631312685,21.78,-0.03834488366631542,0.03621558197888234,0.0,-0.13734000000000002,0.41202000000000005,9.86886
44636363190,21.78,-0.03834488366631542,0.02769837522915001,0.0,-0.20601000000000003,0.44145,9.85905
44641413695,21.78,-0.03621558197888234,0.00958185759344887,0.0,-0.1962,0.48069000000000006,9.751140000000001
44646464200,21.78,-0.05007349623971732,-0.007452555906015787,0.0,-0.18639,0.51993,9.66285
44651514705,21.78,-0.05965535383316618,-0.023439771854283843,0.0,-0.11772,0.48069000000000006,9.66285
44656565210,21.78,-0.060720004676882725,-0.02556907354171693,0.0,-0.019620000000000002,0.49050000000000005,9.80019
44661615715,21.78,-0.06710790973918197,-0.02663372438543347,0.0,-0.009810000000000001,0.44145,9.81
44666666220,21.78,-0.06391395720803235,-0.03834488366631542,0.0,0.039240000000000004,0.33354000000000006,9.85905
44671716725,21.78,-0.06817256058289851,-0.03834488366631542,0.0,0.13734000000000002,0.22563,9.85905
44676767230,21.78,-0.06604325889546543,-0.03089232776029963,0.0,0.16677000000000003,0.20601000000000003,9.7119
44681817735,21.78,-0.05752605214573309,-0.012775810124598492,0.0,0.20601000000000003,0.25506,9.70209
44686868240,21.78,-0.04366813788489812,0.01918116847941768,0.0,0.18639,0.32373,9.78057
44691918745,21.78,-0.03515093113516579,0.02556907354171693,0.0,0.14715,0.46107000000000004,9.7119
44696969250,21.78,-0.03408628029144926,0.01811651763570114,0.0,0.13734000000000002,0.48069000000000006,9.819809999999999
44702019755,21.78,-0.0404741853537485,0.020245819323134222,0.0,0.08829,0.44145,9.83943
44707070260,21.78,-0.049008845396000776,0.022375121010567305,0.0,-0.02943,0.38259000000000004,9.760950000000001
44712120765,21.78,-0.05113814708343386,0.02663372438543347,0.0,-0.0981,0.31392000000000003,9.79038
44717171270,21.78,-0.054332099614583476,0.022375121010567305,0.0,-0.14715,0.2943,9.819809999999999
44722221775,21.78,-0.05007349623971732,0.004258603374866164,0.0,-0.18639,0.31392000000000003,9.770760000000001
44727272280,21.78,-0.04794419455228423,-0.013840460968315033,0.0,-0.10791,0.41202000000000005,9.760950000000001
44732322785,21.78,-0.04366813788489812,-0.022375121010567305,0.0,-0.04905,0.51993,9.770760000000001
44737373290,21.78,-0.046879543708567686,-0.01811651763570114,0.0,0.019620000000000002,0.49050000000000005,9.74133
44742423795,21.78,-0.054332099614583476,-0.005323254218582705,0.0,0.05886,0.36297,9.760950000000001
44747474300,21.78,-0.06604325889546543,-0.00958185759344887,0.0,0.019620000000000002,0.25506,9.72171
44752524805,21.78,-0.07243116395776468,-0.013840460968315033,0.0,0.0,0.17658,9.69228
44757575310,21.78,-0.06710790973918197,-0.014905111812031574,0.0,0.019620000000000002,0.25506,9.74133
44762625815,21.78,-0.04581489286485115,-0.008517206749732328,0.0,0.12753,0.40221,9.751140000000001
44767676320,21.78,-0.03834488366631542,0.003193952531149623,0.0,0.13734000000000002,0.50031,9.80019
44772726825,21.78,-0.039409534510031964,0.008517206749732328,0.0,0.14715,0.48069000000000006,9.81
44777777330,21.78,-0.05007349623971732,0.00958185759344887,0.0,0.08829,0.2943,9.70209
44782827835,21.78,-0.07349581480148122,0.011711159280881954,0.0,0.009810000000000001,0.18639,9.633420000000001
44787878340,21.78,-0.0756251164889143,0.015987215948268057,0.0,-0.08829,0.20601000000000003,9.74133
44792928845,21.78,-0.060720004676882725,0.021310470166850764,0.0,-0.07848000000000001,0.32373,9.89829
44797979350,21.78,-0.044732788728614664,0.002129301687433082,0.0,-0.08829,0.38259000000000004,10.006200000000002
44803029855,21.78,-0.03728023282259888,-0.024504422698000388,0.0,-0.02943,0.41202000000000005,9.98658
44808080360,21.78,-0.04794419455228423,-0.031956978604016174,0.0,0.04905,0.32373,9.819809999999999
44813130865,21.78,-0.05752605214573309,-0.02769837522915001,0.0,0.07848000000000001,0.31392000000000003,9.60399
44818181370,21.78,-0.06604325889546543,-0.014905111812031574,0.0,0.15696000000000002,0.34335000000000004,9.6138
44823231875,21.78,-0.06710790973918197,0.004258603374866164,0.0,0.14715,0.27468000000000004,9.78057
44828282380,21.78,-0.06391395720803235,0.003193952531149623,0.0,0.12753,0.23544,9.86886
44833332885,21.78,-0.05646140130201656,-0.008517206749732328,0.0,0.10791,0.20601000000000003,9.95715
44838383390,21.78,-0.04794419455228423,-0.002129301687433082,0.0,0.07848000000000001,0.22563,9.85905
44843433895,21.78,-0.0404741853537485,0.011711159280881954,0.0,0.039240000000000004,0.27468000000000004,9.7119
44848484400,21.78,-0.03834488366631542,0.02556907354171693,0.0,0.05886,0.31392000000000003,9.72171
44853534905,21.78,-0.04153883619746504,0.02769837522915001,0.0,-0.009810000000000001,0.36297,9.69228
44858585410,21.78,-0.05752605214573309,0.01918116847941768,0.0,-0.039240000000000004,0.35316,9.751140000000001
44863635915,21.78,-0.05646140130201656,0.00958185759344887,0.0,-0.10791,0.32373,9.81
44868686420,21.78,-0.05859070298944965,0.003193952531149623,0.0,-0.10791,0.31392000000000003,9.770760000000001
44873736925,21.78,-0.05646140130201656,-0.011711159280881954,0.0,-0.06867000000000001,0.34335000000000004,9.84924
44878787430,21.78,-0.05859070298944965,-0.024504422698000388,0.0,-0.02943,0.32373,9.819809999999999
44883837935,21.78,-0.060720004676882725,-0.028763026072866547,0.0,0.04905,0.23544,9.74133
44888888440,21.78,-0.07243116395776468,-0.02769837522915001,0.0,0.05886,0.1962,9.633420000000001
44893938945,21.78,-0.06817256058289851,-0.0170518667919846,0.0,0.10791,0.24525000000000002,9.64323
44898989450,21.78,-0.060720004676882725,-0.007452555906015787,0.0,0.12753,0.27468000000000004,9.70209
44904039955,21.78,-0.05752605214573309,-0.004258603374866164,0.0,0.17658,0.28449,9.81
44909090460,21.78,-0.05646140130201656,-0.004258603374866164,0.0,0.17658,0.24525000000000002,9.85905
44914140965,21.78,-0.05859070298944965,0.004258603374866164,0.0,0.11772,0.18639,9.80019
44919191470,21.78,-0.05646140130201656,0.012775810124598492,0.0,0.06867000000000001,0.14715,9.70209
44924241975,21.78,-0.054332099614583476,0.022375121010567305,0.0,0.019620000000000002,0.22563,9.760950000000001
44929292480,21.78,-0.05007349623971732,0.021310470166850764,0.0,0.0,0.28449,9.770760000000001
44934342985,21.78,-0.05220279792715039,0.008517206749732328,0.0,0.0,0.32373,9.82962
44939393490,21.78,-0.05539675045830002,0.002129301687433082,0.0,-0.009810000000000001,0.32373,9.87867
44944443995,21.78,-0.06284930636431581,0.003193952531149623,0.0,-0.009810000000000001,0.26487,9.80019
44949494500,21.78,-0.06178465552059926,0.001064650843716541,0.0,-0.06867000000000001,0.20601000000000003,9.82962
44954545005,21.78,-0.06497860805174888,-0.005323254218582705,0.0,-0.05886,0.16677000000000003,9.94734
44959595510,21.78,-0.06497860805174888,-0.013840460968315033,0.0,-0.02943,0.13734000000000002,9.84924
44964646015,21.78,-0.06497860805174888,-0.015987215948268057,0.0,0.0,0.12753,9.83943
44969696520,21.78,-0.05326744877086694,-0.011711159280881954,0.0,0.039240000000000004,0.20601000000000003,9.81
44974747025,21.78,-0.05007349623971732,-0.003193952531149623,0.0,0.05886,0.28449,9.751140000000001
44979797530,21.78,-0.04794419455228423,-0.003193952531149623,0.0,0.11772,0.33354000000000006,9.78057
44984848035,21.78,-0.05007349623971732,-0.008517206749732328,0.0,0.14715,0.35316,9.78057
44989898540,21.78,-0.06391395720803235,-0.004258603374866164,0.0,0.13734000000000002,0.20601000000000003,9.70209
44994949045,21.78,-0.06923721142661506,0.007452555906015787,0.0,0.08829,0.11772,9.7119
44999999550,21.78,-0.06284930636431581,0.015987215948268057,0.0,0.05886,0.10791,9.72171
45005050055,21.78,-0.05965535383316618,0.004258603374866164,0.0,0.039240000000000004,0.20601000000000003,9.78057
45010100560,21.78,-0.05220279792715039,-0.013840460968315033,0.0,0.07848000000000001,0.2943,9.86886
45015151065,21.78,-0.05113814708343386,-0.020245819323134222,0.0,0.17658,0.31392000000000003,9.83943
45020201570,21.78,-0.054332099614583476,-0.005323254218582705,0.0,0.17658,0.20601000000000003,9.760950000000001
45025252075,21.78,-0.06497860805174888,0.013840460968315033,0.0,0.0981,0.08829,9.68247
45030302580,21.78,-0.07030186227033158,0.024504422698000388,0.0,0.0,0.04905,9.74133
45035353085,21.78,-0.06391395720803235,0.01811651763570114,0.0,-0.039240000000000004,0.08829,9.82962
45040403590,21.78,-0.05326744877086694,0.0,0.0,-0.02943,0.1962,9.84924
45045454095,21.78,-0.04153883619746504,-0.007452555906015787,0.0,0.009810000000000001,0.28449,9.84924
45050504600,21.78,-0.039409534510031964,0.001064650843716541,0.0,0.04905,0.28449,9.81
45055555105,21.78,-0.049008845396000776,0.007452555906015787,0.0,0.019620000000000002,0.22563,9.66285
45060605610,21.78,-0.06604325889546543,0.005323254218582705,0.0,-0.009810000000000001,0.18639,9.67266
45065656115,21.78,-0.06817256058289851,-0.01064650843716541,0.0,0.0,0.20601000000000003,9.66285
45070706620,21.78,-0.07243116395776468,-0.01811651763570114,0.0,0.04905,0.23544,9.819809999999999
45075757125,21.78,-0.06710790973918197,-0.012775810124598492,0.0,0.10791,0.15696000000000002,9.89829
45080807630,21.78,-0.06284930636431581,-0.003193952531149623,0.0,0.08829,0.0981,9.85905
45085858135,21.78,-0.05965535383316618,0.003193952531149623,0.0,0.02943,0.039240000000000004,9.84924
45090908640,21.78,-0.05859070298944965,-0.004258603374866164,0.0,0.0,0.039240000000000004,9.80019
45095959145,21.78,-0.06178465552059926,-0.01064650843716541,0.0,0.02943,0.0981,9.78057
45101009650,21.78,-0.06284930636431581,-0.014905111812031574,0.0,0.10791,0.21582,9.87867
45106060155,21.78,-0.05752605214573309,-0.01064650843716541,0.0,0.17658,0.17658,9.95715
45111110660,21.78,-0.05113814708343386,-0.002129301687433082,0.0,0.15696000000000002,0.15696000000000002,9.85905
45116161165,21.78,-0.05113814708343386,0.006387905062299246,0.0,0.11772,0.07848000000000001,9.819809999999999
45121211670,21.78,-0.054332099614583476,0.00958185759344887,0.0,0.07848000000000001,0.0981,9.74133
45126262175,21.78,-0.05859070298944965,0.014905111812031574,0.0,0.08829,0.039240000000000004,9.70209
45131312680,21.78,-0.060720004676882725,0.015987215948268057,0.0,0.019620000000000002,0.08829,9.770760000000001
45136363185,21.78,-0.05220279792715039,0.008517206749732328,0.0,0.02943,0.1962,9.74133
45141413690,21.78,-0.0404741853537485,0.006387905062299246,0.0,0.039240000000000004,0.2943,9.78057
45146464195,21.78,-0.04153883619746504,0.0,0.0,0.009810000000000001,0.27468000000000004,9.83943
45151514700,21.78,-0.05326744877086694,0.0,0.0,0.0,0.16677000000000003,9.751140000000001
45156565205,21.78,-0.07456046564519776,-0.001064650843716541,0.0,0.0,0.02943,9.7119
45161615710,21.78,-0.07990117315630041,-0.004258603374866164,0.0,-0.019620000000000002,-0.019620000000000002,9.70209
45166666215,21.78,-0.07349581480148122,-0.01064650843716541,0.0,0.019620000000000002,0.04905,9.70209
45171716720,21.78,-0.06178465552059926,-0.021310470166850764,0.0,0.04905,0.17658,9.83943
45176767225,21.78,-0.049008845396000776,-0.02982767691658309,0.0,0.14715,0.20601000000000003,9.937529999999999
45181817730,21.78,-0.05752605214573309,-0.0170518667919846,0.0,0.24525000000000002,0.12753,9.94734
45186868235,21.78,-0.06497860805174888,-0.006387905062299246,0.0,0.18639,-0.019620000000000002,9.770760000000001
45191918740,21.78,-0.07243116395776468,0.001064650843716541,0.0,0.13734000000000002,-0.04905,9.69228
45196969245,21.78,-0.06710790973918197,0.004258603374866164,0.006387905062299246,0.12753,-0.019620000000000002,9.78057
45202019750,21.78,-0.05752605214573309,-0.001064650843716541,0.0,0.11772,0.07848000000000001,9.80019
45207070255,21.78,-0.04366813788489812,-0.003193952531149623,0.0,0.15696000000000002,0.17658,9.87867
45212120760,21.78,-0.0404741853537485,0.014905111812031574,0.001064650843716541,0.1962,0.17658,9.87867
45217171265,21.78,-0.039409534510031964,0.02556907354171693,0.0,0.10791,0.12753,9.81
45222221770,21.78,-0.054332099614583476,0.031956978604016174,0.0,0.009810000000000001,0.04905,9.78057
45227272275,21.78,-0.06817256058289851,0.01918116847941768,0.0,-0.039240000000000004,0.0,9.68247
45232322780,21.78,-0.07349581480148122,0.004258603374866164,0.001064650843716541,-0.08829,0.009810000000000001,9.760950000000001
45237373285,21.78,-0.06604325889546543,-0.002129301687433082,0.001064650843716541,-0.07848000000000001,0.07848000000000001,9.888480000000001
45242423790,21.78,-0.05220279792715039,-0.011711159280881954,0.0,-0.04905,0.16677000000000003,9.91791
45247474295,21.78,-0.044732788728614664,-0.020245819323134222,0.001064650843716541,0.019620000000000002,0.15696000000000002,9.97677
45252524800,21.78,-0.05326744877086694,-0.024504422698000388,0.0,0.039240000000000004,0.04905,9.89829
45257575305,21.78,-0.07136651311404815,-0.024504422698000388,0.0,0.10791,-0.039240000000000004,9.751140000000001
45262625810,21.78,-0.07990117315630041,-0.0170518667919846,-0.002129301687433082,0.15696000000000002,0.0,9.67266
45267676315,21.78,-0.08309512568745003,-0.007452555906015787,0.0,0.18639,0.0,9.80019
45272726820,21.78,-0.060720004676882725,-0.008517206749732328,0.004258603374866164,0.18639,0.0,9.70209
45277777325,21.78,-0.05539675045830002,-0.014905111812031574,0.002129301687433082,0.20601000000000003,0.10791,9.84924
45282827830,21.78,-0.03621558197888234,-0.020245819323134222,-0.004258603374866164,0.2943,0.05886,9.937529999999999
45287878335,21.78,-0.054332099614583476,0.007452555906015787,0.0,0.25506,0.019620000000000002,9.908100000000001
45292928840,21.78,-0.054332099614583476,0.03515093113516579,0.0,0.16677000000000003,-0.02943,9.60399
45297979345,21.78,-0.06497860805174888,0.05965535383316618,0.002129301687433082,0.05886,0.0,9.79038
45303029850,21.78,-0.06391395720803235,0.04260348704118158,0.002129301687433082,-0.019620000000000002,-0.039240000000000004,9.59418
45308080355,21.78,-0.060720004676882725,0.00958185759344887,0.002129301687433082,-0.07848000000000001,0.009810000000000001,9.78057
45313130860,21.78,-0.04581489286485115,-0.01918116847941768,0.0,-0.009810000000000001,0.039240000000000004,9.760950000000001
45318181365,21.78,-0.03728023282259888,-0.02769837522915001,-0.004258603374866164,0.0,0.15696000000000002,9.86886
45323231870,21.78,-0.0404741853537485,-0.02556907354171693,-0.002129301687433082,0.06867000000000001,0.05886,9.98658
45328282375,21.78,-0.06923721142661506,-0.0170518667919846,0.0,0.06867000000000001,0.009810000000000001,9.94734
45333332880,21.78,-0.08096582400001695,-0.008517206749732328,0.0,0.08829,-0.02943,9.67266
45338383385,21.78,-0.08203047484373349,0.003193952531149623,0.0,0.08829,-0.009810000000000001,9.82962
45343433890,21.78,-0.06604325889546543,0.007452555906015787,0.001064650843716541,0.0981,-0.04905,9.633420000000001
45348484395,21.78,-0.05539675045830002,0.002129301687433082,0.003193952531149623,0.05886,0.0,9.751140000000001
45353534900,21.78,-0.046879543708567686,-0.013840460968315033,0.001064650843716541,0.08829,-0.02943,9.80019
45358585405,21.78,-0.05007349623971732,-0.031956978604016174,0.001064650843716541,0.17658,-0.009810000000000001,9.89829
45363635910,21.78,-0.06391395720803235,-0.033021629447732716,0.0,0.21582,-0.019620000000000002,9.85905
45368686415,21.78,-0.06284930636431581,-0.005323254218582705,0.0,0.24525000000000002,-0.05886,9.85905
45373736920,21.78,-0.06604325889546543,0.024504422698000388,-0.003193952531149623,0.22563,-0.019620000000000002,9.81
45378787425,21.78,-0.05220279792715039,0.039409534510031964,0.003193952531149623,0.12753,-0.009810000000000001,9.770760000000001
45383837930,21.78,-0.049008845396000776,0.033021629447732716,0.0,0.05886,0.0,9.79038
45388888435,21.78,-0.049008845396000776,0.02663372438543347,0.001064650843716541,0.0,0.0,9.751140000000001
45393938940,21.78,-0.05752605214573309,0.01918116847941768,0.0,-0.02943,-0.009810000000000001,9.80019
45398989445,21.78,-0.06178465552059926,0.007452555906015787,0.0,-0.05886,-0.02943,9.908100000000001
45404039950,21.78,-0.06497860805174888,-0.014905111812031574,0.0,-0.06867000000000001,-0.039240000000000004,9.937529999999999
45409090455,21.78,-0.06497860805174888,-0.05326744877086694,0.001064650843716541,0.039240000000000004,-0.039240000000000004,9.99639
45414140960,21.78,-0.054332099614583476,-0.0756251164889143,0.0,0.1962,-0.05886,9.89829
45419191465,21.78,-0.05007349623971732,-0.05965535383316618,0.0,0.33354000000000006,-0.039240000000000004,9.80019
45424241970,21.78,-0.049008845396000776,-0.01811651763570114,0.0,0.43164,-0.06867000000000001,9.70209
45429292475,21.78,-0.05752605214573309,0.03089232776029963,0.001064650843716541,0.35316,-0.06867000000000001,9.7119
45434342980,21.78,-0.06391395720803235,0.060720004676882725,0.002129301687433082,0.23544,-0.08829,9.751140000000001
45439393485,21.78,-0.06497860805174888,0.07243116395776468,0.0,0.07848000000000001,-0.06867000000000001,9.760950000000001
45444443990,21.78,-0.06284930636431581,0.05326744877086694,0.001064650843716541,-0.039240000000000004,-0.07848000000000001,9.84924
45449494495,21.78,-0.05326744877086694,0.0170518667919846,0.001064650843716541,-0.10791,-0.05886,9.83943
45454545000,21.78,-0.04260348704118158,-0.012775810124598492,0.002129301687433082,-0.08829,-0.019620000000000002,9.81
45459595505,21.78,-0.04260348704118158,-0.044732788728614664,0.0,0.0,-0.019620000000000002,9.81
45464646010,21.78,-0.04794419455228423,-0.06923721142661506,0.001064650843716541,0.15696000000000002,-0.019620000000000002,9.73152
45469696515,21.78,-0.054332099614583476,-0.05965535383316618,0.0,0.26487,-0.019620000000000002,9.7119
45474747020,21.78,-0.06178465552059926,-0.03515093113516579,0.002129301687433082,0.36297,-0.04905,9.819809999999999
45479797525,21.78,-0.06178465552059926,-0.008517206749732328,0.002129301687433082,0.3924,-0.06867000000000001,9.86886
45484848030,21.78,-0.06497860805174888,0.01064650843716541,-0.001064650843716541,0.37278,-0.07848000000000001,9.92772
45489898535,21.78,-0.060720004676882725,0.03515093113516579,0.001064650843716541,0.31392000000000003,-0.0981,9.99639
45494949040,21.78,-0.05220279792715039,0.05965535383316618,0.0,0.18639,-0.11772,9.908100000000001
45499999545,21.78,-0.06497860805174888,0.08309512568745003,-0.001064650843716541,0.009810000000000001,-0.11772,9.81
45505050050,21.78,-0.06284930636431581,0.07670722062515077,0.0,-0.14715,-0.11772,9.79038
45510100555,21.78,-0.06604325889546543,0.05539675045830002,0.0,-0.23544,-0.15696000000000002,9.69228
45515151060,21.78,-0.06178465552059926,0.014905111812031574,0.002129301687433082,-0.31392000000000003,-0.11772,9.70209
45520201565,21.78,-0.04794419455228423,-0.02663372438543347,0.002129301687433082,-0.26487,-0.0981,9.70209
45525252070,21.78,-0.044732788728614664,-0.05859070298944965,-0.003193952531149623,-0.17658,-0.0981,9.80019
45530302575,21.78,-0.04260348704118158,-0.08841837990603273,0.0,0.009810000000000001,-0.06867000000000001,9.89829
45535353080,21.78,-0.049008845396000776,-0.10332349171806432,0.0,0.20601000000000003,-0.05886,9.91791
45540403585,21.78,-0.05646140130201656,-0.09374163412461543,0.001064650843716541,0.42183,-0.0981,9.86886
45545454090,21.78,-0.05859070298944965,-0.06817256058289851,0.0,0.57879,-0.019620000000000002,9.81
45550504595,21.78,-0.06710790973918197,-0.02556907354171693,-0.001064650843716541,0.70632,-0.10791,9.937529999999999
45555555100,21.78,-0.05752605214573309,0.01064650843716541,-0.002129301687433082,0.6278400000000001,-0.14715,9.819809999999999
45560605605,21.78,-0.05859070298944965,0.05220279792715039,-0.002129301687433082,0.50031,-0.14715,9.91791
45565656110,21.78,-0.05859070298944965,0.08415977653116657,0.0,0.33354000000000006,-0.15696000000000002,10.025820000000001
45570706615,21.78,-0.05965535383316618,0.10545279340549739,-0.002129301687433082,0.10791,-0.1962,9.96696
45575757120,21.78,-0.06391395720803235,0.10759954838545042,0.0,-0.10791,-0.17658,9.82962
45580807625,21.78,-0.06284930636431581,0.10225884087434776,0.002129301687433082,-0.31392000000000003,-0.18639,9.760950000000001
45585858130,21.78,-0.05007349623971732,0.07030186227033158,0.001064650843716541,-0.47088,-0.15696000000000002,9.633420000000001
45590908635,21.78,-0.04366813788489812,0.024504422698000388,0.0,-0.50031,-0.15696000000000002,9.66285
45595959140,21.78,-0.03834488366631542,-0.02769837522915001,0.0,-0.50031,-0.13734000000000002,9.70209
45601009645,21.78,-0.039409534510031964,-0.07030186227033158,0.0,-0.35316,-0.14715,9.74133
45606060150,21.78,-0.04581489286485115,-0.09054768159346581,0.001064650843716541,-0.18639,-0.12753,9.760950000000001
45611110655,21.78,-0.046879543708567686,-0.10012953918691468,0.001064650843716541,0.02943,-0.10791,9.770760000000001
45616161160,21.78,-0.049008845396000776,-0.09693558665576507,0.0,0.24525000000000002,-0.10791,9.81
45621211665,21.78,-0.05007349623971732,-0.08628907821859966,-0.001064650843716541,0.41202000000000005,-0.10791,9.85905
45626262170,21.78,-0.04794419455228423,-0.07030186227033158,0.0,0.5886,-0.08829,9.86886
45631312675,21.78,-0.054332099614583476,-0.03408628029144926,0.0,0.65727,-0.12753,9.89829
45636363180,21.78,-0.060720004676882725,0.001064650843716541,-0.002129301687433082,0.6278400000000001,-0.15696000000000002,9.92772
45641413685,21.78,-0.05859070298944965,0.02982767691658309,-0.001064650843716541,0.59841,-0.21582,9.86886
45646464190,21.78,-0.06284930636431581,0.049008845396000776,0.001064650843716541,0.45126,-0.18639,9.97677
45651514695,21.78,-0.06604325889546543,0.06497860805174888,-0.004258603374866164,0.2943,-0.20601000000000003,9.94734
45656565200,21.78,-0.05646140130201656,0.08096582400001695,0.0,0.16677000000000003,-0.23544,9.97677
45661615705,21.78,-0.054332099614583476,0.0852244273748831,0.003193952531149623,-0.019620000000000002,-0.24525000000000002,9.86886
45666666210,21.78,-0.05326744877086694,0.0756251164889143,-0.001064650843716541,-0.17658,-0.21582,9.80019
45671716715,21.78,-0.05220279792715039,0.05752605214573309,-0.004258603374866164,-0.25506,-0.21582,9.770760000000001
45676767220,21.78,-0.05220279792715039,0.024504422698000388,0.0,-0.34335000000000004,-0.20601000000000003,9.73152
45681817725,21.78,-0.04794419455228423,-0.003193952531149623,0.001064650843716541,-0.35316,-0.18639,9.72171
45686868230,21.78,-0.044732788728614664,-0.020245819323134222,-0.001064650843716541,-0.30411,-0.17658,9.78057
45691918735,21.78,-0.033021629447732716,-0.04260348704118158,0.002129301687433082,-0.22563,-0.1962,9.73152
45696969240,21.78,-0.03515093113516579,-0.06391395720803235,0.003193952531149623,-0.07848000000000001,-0.15696000000000002,9.74133
45702019745,21.78,-0.04366813788489812,-0.0756251164889143,0.0,0.04905,-0.17658,9.819809999999999
45707070250,21.78,-0.04153883619746504,-0.06923721142661506,0.0,0.22563,-0.16677000000000003,9.78057
45712120755,21.78,-0.044732788728614664,-0.03728023282259888,0.0,0.31392000000000003,-0.17658,9.78057
45717171260,21.78,-0.04153883619746504,-0.021310470166850764,0.0,0.35316,-0.14715,9.78057
45722221765,21.78,-0.046879543708567686,-0.005323254218582705,0.0,0.38259000000000004,-0.15696000000000002,9.819809999999999
45727272270,21.78,-0.05007349623971732,0.013840460968315033,0.0,0.34335000000000004,-0.20601000000000003,9.85905
45732322775,21.78,-0.05326744877086694,0.023439771854283843,0.0,0.28449,-0.16677000000000003,9.85905
45737373280,21.78,-0.05220279792715039,0.04260348704118158,0.0,0.1962,-0.18639,9.79038
45742423785,21.78,-0.05752605214573309,0.054332099614583476,0.0,0.08829,-0.22563,9.80019
45747474290,21.78,-0.05646140130201656,0.03834488366631542,0.0,-0.039240000000000004,-0.20601000000000003,9.78057
45752524795,21.78,-0.05859070298944965,0.014905111812031574,0.0,-0.02943,-0.20601000000000003,9.751140000000001
45757575300,21.78,-0.05752605214573309,0.0,0.0,-0.039240000000000004,-0.20601000000000003,9.74133
45762625805,21.78,-0.054332099614583476,-0.00958185759344887,0.0,-0.02943,-0.21582,9.78057
45767676310,21.78,-0.05007349623971732,-0.024504422698000388,0.0,0.0,-0.21582,9.73152
45772726815,21.78,-0.05007349623971732,-0.04794419455228423,0.0,0.07848000000000001,-0.25506,9.72171
45777777320,21.78,-0.054332099614583476,-0.0756251164889143,0.0,0.22563,-0.24525000000000002,9.79038
45782827825,21.78,-0.05113814708343386,-0.07670722062515077,0.0,0.41202000000000005,-0.22563,9.751140000000001
45787878330,21.78,-0.04794419455228423,-0.06178465552059926,0.0,0.5395500000000001,-0.24525000000000002,9.84924
45792928835,21.78,-0.049008845396000776,-0.03621558197888234,0.0,0.6278400000000001,-0.23544,9.97677
45797979340,21.78,-0.046879543708567686,0.0,0.0,0.6278400000000001,-0.28449,10.006200000000002
45803029845,21.78,-0.05539675045830002,0.03408628029144926,0.0,0.5493600000000001,-0.30411,10.09449
45808080350,21.78,-0.05965535383316618,0.06923721142661506,0.0,0.41202000000000005,-0.31392000000000003,10.1043
45813130855,21.78,-0.05220279792715039,0.10653489754173388,0.0,0.22563,-0.31392000000000003,9.98658
45818181360,21.78,-0.05220279792715039,0.1278279144160647,0.0,-0.04905,-0.31392000000000003,9.937529999999999
45823231865,21.78,-0.05113814708343386,0.12250466019748199,0.0,-0.32373,-0.31392000000000003,9.94734
45828282370,21.78,-0.044732788728614664,0.09267698328089889,0.0,-0.49050000000000005,-0.2943,9.86886
45833332875,21.78,-0.04366813788489812,0.05326744877086694,0.0,-0.60822,-0.31392000000000003,9.83943
45838383380,21.78,-0.04794419455228423,0.011711159280881954,0.0,-0.64746,-0.30411,9.83943
45843433885,21.78,-0.03834488366631542,-0.03621558197888234,0.0,-0.57879,-0.30411,9.770760000000001
45848484390,21.78,-0.03834488366631542,-0.08096582400001695,0.0,-0.42183,-0.28449,9.7119
45853534895,21.78,-0.03728023282259888,-0.12144000935376545,0.0,-0.16677000000000003,-0.30411,9.67266
45858585400,21.78,-0.028763026072866547,-0.14275047952061623,0.0,0.11772,-0.27468000000000004,9.6138
45863635905,21.78,-0.01918116847941768,-0.14062117783318315,0.0,0.41202000000000005,-0.24525000000000002,9.60399
45868686410,21.78,-0.020245819323134222,-0.11611675513518273,0.0,0.6768900000000001,-0.23544,9.6138
45873736915,21.78,-0.02556907354171693,-0.07136651311404815,0.0,0.85347,-0.20601000000000003,9.73152
45878787420,21.78,-0.028763026072866547,-0.03408628029144926,0.0,0.89271,-0.18639,9.760950000000001
45883837925,21.78,-0.03621558197888234,0.006387905062299246,0.0,0.86328,-0.18639,9.85905
45888888430,21.78,-0.039409534510031964,0.060720004676882725,0.0,0.75537,-0.16677000000000003,9.86886
45893938935,21.78,-0.04153883619746504,0.10119419003063122,0.0,0.5493600000000001,-0.22563,9.86886
45898989440,21.78,-0.046879543708567686,0.1278279144160647,0.0,0.27468000000000004,-0.24525000000000002,9.908100000000001
45904039945,21.78,-0.054332099614583476,0.13421581947836395,0.0,-0.02943,-0.25506,9.87867
45909090450,21.78,-0.05752605214573309,0.12356931104119852,0.0,-0.26487,-0.26487,9.85905
45914140955,21.78,-0.06710790973918197,0.09161233243718235,0.0,-0.44145,-0.28449,9.87867
45919191460,21.78,-0.07136651311404815,0.05007349623971732,0.0,-0.5886,-0.31392000000000003,9.86886
45924241965,21.78,-0.07030186227033158,0.013840460968315033,0.0,-0.60822,-0.33354000000000006,9.91791
45929292470,21.78,-0.06710790973918197,-0.020245819323134222,0.0,-0.59841,-0.40221,10.03563
45934342975,21.78,-0.060720004676882725,-0.05859070298944965,0.0,-0.48069000000000006,-0.41202000000000005,9.94734
45939393480,21.78,-0.05859070298944965,-0.08735372906231618,0.0,-0.2943,-0.46107000000000004,9.888480000000001
45944443985,21.78,-0.05220279792715039,-0.10225884087434776,0.0,-0.07848000000000001,-0.45126,9.81
45949494490,21.78,-0.046879543708567686,-0.11292280260403312,0.0,0.14715,-0.45126,9.751140000000001
45954544995,21.78,-0.03408628029144926,-0.10225884087434776,0.0,0.38259000000000004,-0.45126,9.73152
45959595500,21.78,-0.022375121010567305,-0.08948303074974927,0.0,0.56898,-0.43164,9.80019
45964646005,21.78,-0.01064650843716541,-0.06710790973918197,0.0,0.73575,-0.38259000000000004,9.87867
45969696510,21.78,-0.01064650843716541,-0.04260348704118158,0.0,0.80442,-0.33354000000000006,9.819809999999999
45974747015,21.78,-0.004258603374866164,-0.00958185759344887,0.0,0.84366,-0.2943,9.82962
45979797520,21.78,-0.001064650843716541,0.024504422698000388,0.0,0.7749900000000001,-0.22563,9.80019
45984848025,21.78,-0.01064650843716541,0.06497860805174888,0.0,0.64746,-0.22563,9.70209
45989898530,21.78,-0.0170518667919846,0.09693558665576507,0.0,0.44145,-0.17658,9.80019
45994949035,21.78,-0.020245819323134222,0.12995721610349775,0.0,0.20601000000000003,-0.20601000000000003,9.82962
45999999540,21.78,-0.031956978604016174,0.14594443205176583,0.0,-0.12753,-0.1962,9.87867
46005050045,21.78,-0.04581489286485115,0.13955652698946658,0.0,-0.44145,-0.18639,9.89829
46010100550,21.78,-0.054332099614583476,0.11185815176031658,0.0,-0.6180300000000001,-0.23544,9.87867
46015151055,21.78,-0.05646140130201656,0.0756251164889143,0.0,-0.7848,-0.26487,9.78057
46020201560,21.78,-0.07136651311404815,0.01811651763570114,0.0,-0.86328,-0.28449,9.74133
46025252065,21.78,-0.07030186227033158,-0.04581489286485115,0.0,-0.80442,-0.34335000000000004,9.751140000000001
46030302570,21.78,-0.06817256058289851,-0.11611675513518273,0.0,-0.52974,-0.40221,9.7119
46035353075,21.78,-0.06497860805174888,-0.1757721089683489,0.0,-0.23544,-0.42183,9.770760000000001
46040403580,21.78,-0.05859070298944965,-0.21411699263466438,0.0,0.20601000000000003,-0.46107000000000004,9.78057
46045454085,21.78,-0.04794419455228423,-0.2130523417909478,0.0,0.6670800000000001,-0.51993,9.84924
46050504590,21.78,-0.03834488366631542,-0.15978489302008084,0.0,1.03005,-0.50031,9.97677
46055555095,21.78,-0.03621558197888234,-0.07990117315630041,0.0,1.22625,-0.48069000000000006,9.94734
46060605600,21.78,-0.028763026072866547,0.014905111812031574,0.0,1.19682,-0.45126,9.908100000000001
46065656105,21.78,-0.01811651763570114,0.10225884087434776,0.0,1.02024,-0.43164,9.78057
46070706610,21.78,-0.01918116847941768,0.1704488547497662,0.0,0.6670800000000001,-0.37278,9.80019
46075757115,21.78,-0.011711159280881954,0.20453513504121545,0.0,0.24525000000000002,-0.35316,9.80019
46080807620,21.78,-0.011711159280881954,0.20134118251006583,0.0,-0.22563,-0.30411,9.86886
46085858125,21.78,-0.00958185759344887,0.1555262896452147,0.0,-0.57879,-0.28449,9.89829
46090908630,21.78,-0.021310470166850764,0.0852244273748831,0.0,-0.7848,-0.25506,9.89829
46095959135,21.78,-0.028763026072866547,0.006387905062299246,0.0,-0.8142300000000001,-0.26487,9.84924
46101009640,21.78,-0.03089232776029963,-0.05965535383316618,0.0,-0.71613,-0.27468000000000004,9.81
46106060145,21.78,-0.03621558197888234,-0.09906488834319814,0.0,-0.48069000000000006,-0.33354000000000006,9.751140000000001
46111110650,21.78,-0.04153883619746504,-0.11398745344774965,0.0,-0.26487,-0.36297,9.81
46116161155,21.78,-0.04581489286485115,-0.11931070766633237,0.0,-0.02943,-0.34335000000000004,9.819809999999999
46121211660,21.78,-0.046879543708567686,-0.11505210429146619,0.0,0.21582,-0.41202000000000005,9.80019
46126262165,21.78,-0.05220279792715039,-0.09587093581204853,0.0,0.41202000000000005,-0.42183,9.85905
46131312670,21.78,-0.05539675045830002,-0.07670722062515077,0.0,0.5886,-0.45126,9.87867
46136363175,21.78,-0.04260348704118158,-0.05646140130201656,0.0,0.72594,-0.47088,9.85905
46141413680,21.78,-0.03728023282259888,-0.01918116847941768,0.0,0.74556,-0.46107000000000004,9.888480000000001
46146464185,21.78,-0.02663372438543347,0.02663372438543347,0.0,0.73575,-0.47088,9.819809999999999
46151514690,21.78,-0.022375121010567305,0.07243116395776468,0.0,0.59841,-0.43164,9.82962
46156565195,21.78,-0.020245819323134222,0.10866419922916695,0.0,0.35316,-0.40221,9.82962
46161615700,21.78,-0.024504422698000388,0.14381513036433274,-0.005323254218582705,0.04905,-0.40221,9.74133
46166666205,21.78,-0.021310470166850764,0.14275047952061623,0.002129301687433082,-0.21582,-0.36297,9.66285
46171716710,21.78,-0.02663372438543347,0.10759954838545042,0.0,-0.46107000000000004,-0.33354000000000006,9.7119
46176767215,21.78,-0.02556907354171693,0.05113814708343386,0.001064650843716541,-0.6180300000000001,-0.32373,9.751140000000001
46181817720,21.78,-0.023439771854283843,-0.006387905062299246,-0.001064650843716541,-0.5886,-0.32373,9.760950000000001
46186868225,21.78,-0.021310470166850764,-0.06391395720803235,-0.003193952531149623,-0.46107000000000004,-0.32373,9.78057
46191918730,21.78,-0.020245819323134222,-0.09374163412461543,0.002129301687433082,-0.30411,-0.33354000000000006,9.81
46196969235,21.78,-0.028763026072866547,-0.10225884087434776,-0.002129301687433082,-0.04905,-0.36297,9.83943
46202019740,21.78,-0.03621558197888234,-0.09161233243718235,0.0,0.16677000000000003,-0.37278,9.819809999999999
46207070245,21.78,-0.03834488366631542,-0.06284930636431581,0.0,0.2943,-0.3924,9.78057
46212120750,21.78,-0.046879543708567686,-0.03834488366631542,0.002129301687433082,0.33354000000000006,-0.3924,9.83943
46217171255,21.78,-0.04153883619746504,-0.02663372438543347,0.0,0.3924,-0.45126,9.91791
46222221760,21.78,-0.0404741853537485,-0.021310470166850764,0.001064650843716541,0.46107000000000004,-0.46107000000000004,9.96696
46227272265,21.78,-0.03515093113516579,-0.023439771854283843,0.0,0.47088,-0.44145,10.01601
46232322770,21.78,-0.02982767691658309,0.011711159280881954,-0.001064650843716541,0.42183,-0.46107000000000004,10.05525
46237373275,21.78,-0.020245819323134222,0.05113814708343386,0.002129301687433082,0.40221,-0.48069000000000006,10.01601
46242423780,21.78,-0.028763026072866547,0.07670722062515077,0.002129301687433082,0.26487,-0.47088,9.908100000000001
46247474285,21.78,-0.031956978604016174,0.09161233243718235,0.0,0.02943,-0.46107000000000004,9.751140000000001
46252524790,21.78,-0.02982767691658309,0.08203047484373349,0.002129301687433082,-0.0981,-0.44145,9.65304
46257575295,21.78,-0.022375121010567305,0.054332099614583476,0.0,-0.22563,-0.44145,9.6138
46262625800,21.78,-0.012775810124598492,0.01811651763570114,0.0,-0.32373,-0.43164,9.770760000000001
46267676305,21.78,-0.007452555906015787,-0.01811651763570114,0.0,-0.28449,-0.41202000000000005,9.87867
46272726810,21.78,-0.012775810124598492,-0.04366813788489812,-0.002129301687433082,-0.20601000000000003,-0.41202000000000005,9.94734
46277777315,21.78,-0.014905111812031574,-0.05113814708343386,0.0,-0.0981,-0.40221,9.84924
46282827820,21.78,-0.01918116847941768,-0.04260348704118158,-0.001064650843716541,0.0,-0.43164,9.73152
46287878325,21.78,-0.024504422698000388,-0.039409534510031964,0.0,0.11772,-0.36297,9.58437
46292928830,21.78,-0.022375121010567305,-0.03728023282259888,0.002129301687433082,0.20601000000000003,-0.37278,9.56475
46297979335,21.78,-0.01811651763570114,-0.03408628029144926,0.0,0.25506,-0.36297,9.57456
46303029840,21.78,-0.014905111812031574,-0.02663372438543347,0.0,0.32373,-0.34335000000000004,9.751140000000001
46308080345,21.78,-0.01811651763570114,-0.015987215948268057,-0.001064650843716541,0.31392000000000003,-0.37278,9.95715
46313130850,21.78,-0.02556907354171693,0.0,0.0,0.30411,-0.40221,10.01601
46318181355,21.78,-0.039409534510031964,0.023439771854283843,-0.005323254218582705,0.24525000000000002,-0.41202000000000005,9.95715
46323231860,21.78,-0.04153883619746504,0.04581489286485115,0.0,0.18639,-0.41202000000000005,9.80019
46328282365,21.78,-0.03621558197888234,0.05752605214573309,0.0,0.07848000000000001,-0.41202000000000005,9.65304
46333332870,21.78,-0.03515093113516579,0.05113814708343386,-0.001064650843716541,-0.009810000000000001,-0.45126,9.66285
46338383375,21.78,-0.02663372438543347,0.028763026072866547,0.0,-0.0981,-0.46107000000000004,9.819809999999999
46343433880,21.78,-0.03621558197888234,0.013840460968315033,-0.002129301687433082,-0.14715,-0.49050000000000005,9.94734
46348484385,21.78,-0.04153883619746504,-0.003193952531149623,-0.001064650843716541,-0.18639,-0.48069000000000006,10.06506
46353534890,21.78,-0.04153883619746504,-0.011711159280881954,-0.002129301687433082,-0.17658,-0.50031,10.09449
46358585395,21.78,-0.03834488366631542,-0.02982767691658309,0.0,-0.07848000000000001,-0.5395500000000001,10.006200000000002
46363635900,21.78,-0.033021629447732716,-0.05113814708343386,0.0,0.019620000000000002,-0.5591700000000001,9.908100000000001
46368686405,21.78,-0.024504422698000388,-0.054332099614583476,-0.001064650843716541,0.17658,-0.52974,9.81
46373736910,21.78,-0.014905111812031574,-0.04260348704118158,0.001064650843716541,0.25506,-0.5493600000000001,9.760950000000001
46378787415,21.78,-0.008517206749732328,-0.015987215948268057,0.001064650843716541,0.28449,-0.51012,9.80019
46383837920,21.78,-0.008517206749732328,0.007452555906015787,-0.003193952531149623,0.28449,-0.51012,9.95715
46388888425,21.78,-0.011711159280881954,0.013840460968315033,0.0,0.25506,-0.49050000000000005,9.97677
46393938930,21.78,-0.0170518667919846,0.012775810124598492,-0.002129301687433082,0.20601000000000003,-0.46107000000000004,9.98658
46398989435,21.78,-0.006387905062299246,0.014905111812031574,0.0,0.16677000000000003,-0.44145,9.86886
46404039940,21.78,0.004258603374866164,0.031956978604016174,0.0,0.12753,-0.42183,9.64323
46409090445,21.78,0.006387905062299246,0.0404741853537485,0.0,0.07848000000000001,-0.40221,9.59418
46414140950,21.78,0.011711159280881954,0.04260348704118158,0.0,0.0,-0.34335000000000004,9.64323
46419191455,21.78,-0.002129301687433082,0.02982767691658309,0.0,-0.0981,-0.37278,9.633420000000001
46424241960,21.78,-0.0170518667919846,0.007452555906015787,0.0,-0.11772,-0.36297,9.751140000000001
46429292465,21.78,-0.02982767691658309,-0.015987215948268057,-0.001064650843716541,-0.11772,-0.37278,9.79038
46434342970,21.78,-0.02556907354171693,-0.03089232776029963,0.001064650843716541,-0.06867000000000001,-0.38259000000000004,9.78057
46439393475,21.78,-0.021310470166850764,-0.039409534510031964,0.0,0.02943,-0.38259000000000004,9.82962
46444443980,21.78,-0.01811651763570114,-0.03728023282259888,-0.002129301687433082,0.13734000000000002,-0.40221,9.83943
46449494485,21.78,-0.021310470166850764,-0.020245819323134222,0.0,0.1962,-0.45126,9.73152
46454544990,21.78,-0.03621558197888234,0.001064650843716541,-0.001064650843716541,0.20601000000000003,-0.45126,9.7119
46459595495,21.78,-0.046879543708567686,0.0170518667919846,0.0,0.16677000000000003,-0.48069000000000006,9.70209
46464646000,21.78,-0.05326744877086694,0.022375121010567305,0.001064650843716541,0.0981,-0.49050000000000005,9.74133
46469696505,21.78,-0.044732788728614664,0.014905111812031574,0.0,0.05886,-0.5395500000000001,9.937529999999999
46474747010,21.78,-0.02769837522915001,0.006387905062299246,0.0,0.019620000000000002,-0.51993,10.074869999999999
46479797515,21.78,-0.013840460968315033,0.002129301687433082,-0.001064650843716541,0.009810000000000001,-0.57879,10.01601
46484848020,21.78,-0.013840460968315033,-0.008517206749732328,-0.001064650843716541,-0.009810000000000001,-0.5591700000000001,9.94734
46489898525,21.78,-0.022375121010567305,-0.008517206749732328,-0.003193952531149623,0.02943,-0.5493600000000001,9.751140000000001
46494949030,21.78,-0.02663372438543347,-0.005323254218582705,0.002129301687433082,0.06867000000000001,-0.5493600000000001,9.66285
46499999535,21.78,-0.02769837522915001,0.0,0.001064650843716541,0.10791,-0.52974,9.74133
46505050040,21.78,-0.013840460968315033,-0.002129301687433082,0.001064650843716541,0.07848000000000001,-0.50031,9.87867
46510100545,21.78,-0.001064650843716541,-0.005323254218582705,0.001064650843716541,0.05886,-0.51012,10.006200000000002
46515151050,21.78,0.006387905062299246,-0.006387905062299246,-0.002129301687433082,0.05886,-0.48069000000000006,10.08468
46520201555,21.78,0.00958185759344887,0.0,0.0,0.08829,-0.47088,9.97677
46525252060,21.78,0.0,0.0170518667919846,-0.002129301687433082,0.04905,-0.47088,9.79038
46530302565,21.78,-0.005323254218582705,0.03515093113516579,0.0,0.0,-0.44145,9.69228
46535353070,21.78,-0.011711159280881954,0.03728023282259888,0.003193952531149623,-0.05886,-0.41202000000000005,9.6138
46540403575,21.78,-0.015987215948268057,0.020245819323134222,0.0,-0.10791,-0.43164,9.66285
46545454080,21.78,-0.006387905062299246,-0.021310470166850764,0.005323254218582705,-0.13734000000000002,-0.43164,9.86886
46550504585,21.78,0.002129301687433082,-0.05113814708343386,-0.002129301687433082,-0.02943,-0.42183,9.908100000000001
46555555090,21.78,-0.002129301687433082,-0.05859070298944965,0.0,0.11772,-0.43164,9.937529999999999
46560605595,21.78,-0.004258603374866164,-0.049008845396000776,0.0,0.1962,-0.46107000000000004,9.908100000000001
46565656100,21.78,-0.01811651763570114,-0.020245819323134222,0.0,0.27468000000000004,-0.47088,9.819809999999999
46570706605,21.78,-0.033021629447732716,-0.001064650843716541,0.001064650843716541,0.2943,-0.46107000000000004,9.69228
46575757110,21.78,-0.028763026072866547,0.011711159280881954,0.0,0.28449,-0.47088,9.72171
46580807615,21.78,-0.021310470166850764,0.01811651763570114,0.002129301687433082,0.1962,-0.48069000000000006,9.79038
46585858120,21.78,-0.01811651763570114,0.02769837522915001,0.0,0.15696000000000002,-0.48069000000000006,9.92772
46590908625,21.78,-0.015987215948268057,0.03515093113516579,-0.001064650843716541,0.06867000000000001,-0.51993,10.08468
46595959130,21.78,-0.014905111812031574,0.04153883619746504,0.0,-0.019620000000000002,-0.52974,10.05525
46601009635,21.78,-0.024504422698000388,0.033021629447732716,0.0,-0.07848000000000001,-0.5493600000000001,9.85905
46606060140,21.78,-0.021310470166850764,0.02663372438543347,0.001064650843716541,-0.11772,-0.52974,9.68247
46611110645,21.78,-0.013840460968315033,0.015987215948268057,0.0,-0.13734000000000002,-0.50031,9.52551
46616161150,21.78,-0.002129301687433082,0.007452555906015787,0.002129301687433082,-0.12753,-0.51012,9.59418
46621211655,21.78,0.003193952531149623,-0.015987215948268057,-0.001064650843716541,-0.11772,-0.50031,9.770760000000001
46626262160,21.78,-0.001064650843716541,-0.03408628029144926,0.0,-0.0981,-0.50031,9.888480000000001
46631312665,21.78,-0.006387905062299246,-0.049008845396000776,0.0,0.009810000000000001,-0.49050000000000005,9.908100000000001
46636363170,21.78,-0.00958185759344887,-0.05007349623971732,-0.001064650843716541,0.0981,-0.51012,9.96696
46641413675,21.78,-0.00958185759344887,-0.031956978604016174,0.0,0.1962,-0.51012,9.86886
46646464180,21.78,-0.002129301687433082,-0.011711159280881954,0.001064650843716541,0.24525000000000002,-0.49050000000000005,9.78057
46651514685,21.78,0.002129301687433082,0.0,0.001064650843716541,0.26487,-0.47088,9.751140000000001
46656565190,21.78,0.004258603374866164,0.006387905062299246,-0.001064650843716541,0.25506,-0.46107000000000004,9.66285
46661615695,21.78,-0.002129301687433082,0.00958185759344887,0.0,0.21582,-0.44145,9.633420000000001
46666666200,21.78,-0.00958185759344887,0.021310470166850764,-0.003193952531149623,0.13734000000000002,-0.43164,9.79038
46671716705,21.78,-0.013840460968315033,0.033021629447732716,0.0,0.08829,-0.44145,9.89829
46676767210,21.78,-0.01811651763570114,0.031956978604016174,-0.002129301687433082,0.009810000000000001,-0.46107000000000004,9.95715
46681817715,21.78,-0.01064650843716541,0.021310470166850764,-0.001064650843716541,-0.04905,-0.44145,9.99639
46686868220,21.78,-0.006387905062299246,0.00958185759344887,0.001064650843716541,-0.04905,-0.48069000000000006,9.84924
46691918725,21.78,-0.01918116847941768,-0.0,-0.003193952531149623,-0.05886,-0.51012,9.79038
46696969230,21.78,-0.01811651763570114,0.007452555906015787,0.0,-0.04905,-0.52974,9.80019
46702019735,21.78,-0.020245819323134222,0.006387905062299246,0.001064650843716541,-0.08829,-0.52974,9.85905
46707070240,21.78,-0.02663372438543347,-0.006387905062299246,0.0,-0.07848000000000001,-0.5591700000000001,9.937529999999999
46712120745,21.78,-0.022375121010567305,-0.023439771854283843,0.0,-0.05886,-0.56898,10.025820000000001
46717171250,21.78,-0.01918116847941768,-0.039409534510031964,-0.001064650843716541,0.039240000000000004,-0.56898,10.006200000000002
46722221755,21.78,-0.00958185759344887,-0.03621558197888234,0.0,0.08829,-0.5886,9.95715
46727272260,21.78,0.0,-0.01811651763570114,-0.001064650843716541,0.17658,-0.57879,9.888480000000001
46732322765,21.78,0.004258603374866164,0.0,0.0,0.18639,-0.5493600000000001,9.73152
46737373270,21.78,0.003193952531149623,0.006387905062299246,0.0,0.15696000000000002,-0.5395500000000001,9.60399
46742423775,21.78,0.004258603374866164,0.00958185759344887,0.002129301687433082,0.17658,-0.50031,9.623610000000001
46747474280,21.78,0.008517206749732328,0.014905111812031574,0.0,0.15696000000000002,-0.48069000000000006,9.65304
46752524785,21.78,0.01064650843716541,0.0170518667919846,-0.002129301687433082,0.0981,-0.43164,9.78057
46757575290,21.78,0.024504422698000388,0.01811651763570114,0.0,0.009810000000000001,-0.43164,9.91791
46762625795,21.78,0.01811651763570114,0.0170518667919846,-0.004258603374866164,-0.02943,-0.41202000000000005,9.84924
46767676300,21.78,0.011711159280881954,0.014905111812031574,0.0,-0.05886,-0.42183,9.760950000000001
46772726805,21.78,-0.003193952531149623,0.007452555906015787,0.0,-0.04905,-0.41202000000000005,9.66285
46777777310,21.78,-0.008517206749732328,0.0,0.0,-0.039240000000000004,-0.41202000000000005,9.59418
46782827815,21.78,-0.012775810124598492,-0.007452555906015787,0.003193952531149623,-0.019620000000000002,-0.42183,9.68247
46787878320,21.78,-0.01064650843716541,-0.01811651763570114,0.0,0.0,-0.43164,9.91791
46792928825,21.78,-0.006387905062299246,-0.033021629447732716,0.0,0.009810000000000001,-0.46107000000000004,10.025820000000001
46797979330,21.78,-0.0170518667919846,-0.03408628029144926,0.0,0.07848000000000001,-0.50031,10.06506
46803029835,21.78,-0.024504422698000388,-0.01918116847941768,0.0,0.13734000000000002,-0.5395500000000001,10.03563
46808080340,21.78,-0.03089232776029963,0.003193952531149623,0.0,0.16677000000000003,-0.56898,9.888480000000001
46813130845,21.78,-0.02769837522915001,0.01811651763570114,0.002129301687433082,0.11772,-0.59841,9.81
46818181350,21.78,-0.020245819323134222,0.02663372438543347,0.0,0.08829,-0.60822,9.79038
46823231855,21.78,-0.012775810124598492,0.01918116847941768,0.0,0.019620000000000002,-0.59841,9.770760000000001
46828282360,21.78,-0.001064650843716541,0.006387905062299246,0.001064650843716541,-0.009810000000000001,-0.57879,9.87867
46833332865,21.78,0.003193952531149623,0.005323254218582705,-0.002129301687433082,-0.009810000000000001,-0.5886,9.96696
46838383370,21.78,0.005323254218582705,0.01064650843716541,0.0,-0.05886,-0.57879,9.95715
46843433875,21.78,0.006387905062299246,0.003193952531149623,0.0,-0.04905,-0.5591700000000001,9.937529999999999
46848484380,21.78,0.008517206749732328,0.0,-0.001064650843716541,-0.019620000000000002,-0.52974,9.80019
46853534885,21.78,0.01811651763570114,-0.002129301687433082,0.0,0.0,-0.50031,9.60399
46858585390,21.78,0.01918116847941768,-0.005323254218582705,-0.002129301687433082,-0.02943,-0.49050000000000005,9.6138
46863635895,21.78,0.02769837522915001,-0.008517206749732328,0.001064650843716541,0.02943,-0.47088,9.66285
46868686400,21.78,0.023439771854283843,-0.014905111812031574,-0.003193952531149623,0.019620000000000002,-0.44145,9.751140000000001
46873736905,21.78,0.01811651763570114,-0.02663372438543347,-0.002129301687433082,0.039240000000000004,-0.43164,9.84924
46878787410,21.78,0.013840460968315033,-0.01918116847941768,-0.002129301687433082,0.08829,-0.3924,9.84924
46883837915,21.78,0.008517206749732328,-0.006387905062299246,0.0,0.14715,-0.41202000000000005,9.751140000000001
46888888420,21.78,0.002129301687433082,0.004258603374866164,0.001064650843716541,0.11772,-0.40221,9.66285
46893938925,21.78,0.002129301687433082,0.00958185759344887,-0.001064650843716541,0.10791,-0.42183,9.68247
46898989430,21.78,0.0,0.007452555906015787,0.0,0.08829,-0.40221,9.623610000000001
46904039935,21.78,-0.006387905062299246,0.007452555906015787,0.0,0.06867000000000001,-0.41202000000000005,9.65304
46909090440,21.78,-0.015987215948268057,0.01064650843716541,-0.001064650843716541,0.02943,-0.41202000000000005,9.751140000000001
46914140945,21.78,-0.01918116847941768,0.0170518667919846,0.0,0.0,-0.48069000000000006,9.819809999999999
46919191450,21.78,-0.023439771854283843,0.022375121010567305,-0.002129301687433082,-0.039240000000000004,-0.49050000000000005,9.94734
46924241955,21.78,-0.021310470166850764,0.02663372438543347,0.0,-0.11772,-0.51012,9.95715
46929292460,21.78,-0.020245819323134222,0.023439771854283843,-0.001064650843716541,-0.15696000000000002,-0.5493600000000001,9.888480000000001
46934342965,21.78,-0.023439771854283843,0.007452555906015787,0.0,-0.1962,-0.5591700000000001,9.81
46939393470,21.78,-0.01918116847941768,-0.006387905062299246,0.001064650843716541,-0.17658,-0.5886,9.751140000000001
46944443975,21.78,-0.0170518667919846,-0.020245819323134222,0.0,-0.12753,-0.60822,9.81
46949494480,21.78,-0.00958185759344887,-0.03515093113516579,0.0,-0.039240000000000004,-0.5886,9.97677
46954544985,21.78,-0.007452555906015787,-0.04153883619746504,-0.004258603374866164,0.039240000000000004,-0.6180300000000001,10.12392
46959595490,21.78,0.0,-0.04794419455228423,-0.002129301687433082,0.08829,-0.63765,10.143540000000002
46964645995,21.78,0.003193952531149623,-0.03834488366631542,-0.001064650843716541,0.16677000000000003,-0.64746,10.09449
46969696500,21.78,0.013840460968315033,-0.022375121010567305,0.0,0.27468000000000004,-0.6180300000000001,9.98658
46974747005,21.78,0.01918116847941768,-0.001064650843716541,-0.002129301687433082,0.31392000000000003,-0.60822,9.82962
46979797510,21.78,0.015987215948268057,0.022375121010567305,-0.002129301687433082,0.25506,-0.5886,9.81
46984848015,21.78,0.020245819323134222,0.031956978604016174,-0.001064650843716541,0.18639,-0.5395500000000001,9.85905
46989898520,21.78,0.02556907354171693,0.039409534510031964,0.001064650843716541,0.11772,-0.51993,9.82962
46994949025,21.78,0.02663372438543347,0.02663372438543347,0.0,0.009810000000000001,-0.45126,9.87867
46999999530,21.78,0.02769837522915001,0.024504422698000388,-0.002129301687433082,-0.05886,-0.46107000000000004,9.85905
47005050035,21.78,0.028763026072866547,0.023439771854283843,-0.002129301687433082,-0.06867000000000001,-0.46107000000000004,9.84924
47010100540,21.78,0.024504422698000388,0.023439771854283843,-0.001064650843716541,-0.11772,-0.41202000000000005,9.82962
47015151045,21.78,0.024504422698000388,0.022375121010567305,0.001064650843716541,-0.17658,-0.41202000000000005,9.67266
47020201550,21.78,0.013840460968315033,0.011711159280881954,0.002129301687433082,-0.1962,-0.41202000000000005,9.64323
47025252055,21.78,0.004258603374866164,-0.008517206749732328,0.001064650843716541,-0.17658,-0.44145,9.6138
47030302560,21.78,0.002129301687433082,-0.023439771854283843,0.0,-0.13734000000000002,-0.43164,9.7119
47035353065,21.78,0.003193952531149623,-0.033021629447732716,-0.001064650843716541,-0.08829,-0.44145,9.86886
47040403570,21.78,0.0,-0.03515093113516579,0.0,-0.039240000000000004,-0.49050000000000005,9.99639
47045454075,21.78,-0.002129301687433082,-0.033021629447732716,0.0,0.039240000000000004,-0.50031,9.96696
47050504580,21.78,-0.004258603374866164,-0.03089232776029963,0.0,0.07848000000000001,-0.52974,9.87867
47055555085,21.78,-0.01064650843716541,-0.02556907354171693,0.0,0.18639,-0.5493600000000001,9.73152
47060605590,21.78,-0.001064650843716541,-0.01064650843716541,0.0,0.21582,-0.5591700000000001,9.6138
47065656095,21.78,0.003193952531149623,0.008517206749732328,0.0,0.23544,-0.5493600000000001,9.58437
47070706600,21.78,0.00958185759344887,0.02663372438543347,0.0,0.17658,-0.5493600000000001,9.7119
47075757105,21.78,0.020245819323134222,0.033021629447732716,0.0,0.06867000000000001,-0.51012,9.770760000000001
47080807610,21.78,0.014905111812031574,0.02556907354171693,0.0,0.0,-0.52974,9.82962
47085858115,21.78,0.013840460968315033,0.020245819323134222,0.0,-0.039240000000000004,-0.49050000000000005,9.908100000000001
47090908620,21.78,0.014905111812031574,0.022375121010567305,0.0,-0.06867000000000001,-0.48069000000000006,9.83943
47095959125,21.78,0.014905111812031574,0.021310470166850764,0.0,-0.11772,-0.47088,9.819809999999999
47101009630,21.78,0.011711159280881954,0.015987215948268057,0.0,-0.1962,-0.48069000000000006,9.819809999999999
47106060135,21.78,0.013840460968315033,0.0,0.0,-0.17658,-0.50031,9.82962
47111110640,21.78,0.007452555906015787,-0.02769837522915001,0.0,-0.11772,-0.48069000000000006,9.85905
47116161145,21.78,0.002129301687433082,-0.04260348704118158,0.0,-0.04905,-0.51012,9.92772
47121211650,21.78,0.004258603374866164,-0.03728023282259888,0.0,0.009810000000000001,-0.50031,9.97677
47126262155,21.78,0.008517206749732328,-0.02769837522915001,0.0,0.07848000000000001,-0.50031,9.99639
47131312660,21.78,0.012775810124598492,-0.0170518667919846,0.0,0.10791,-0.5395500000000001,9.937529999999999
47136363165,21.78,0.013840460968315033,-0.004258603374866164,0.0,0.14715,-0.51993,9.81
47141413670,21.78,0.007452555906015787,0.004258603374866164,0.0,0.17658,-0.51012,9.760950000000001
47146464175,21.78,0.012775810124598492,0.00958185759344887,0.0,0.12753,-0.51993,9.73152
47151514680,21.78,0.014905111812031574,0.0170518667919846,0.0,0.12753,-0.51993,9.751140000000001
47156565185,21.78,0.013840460968315033,0.020245819323134222,0.0,0.05886,-0.48069000000000006,9.82962
47161615690,21.78,0.020245819323134222,0.01918116847941768,0.0,-0.009810000000000001,-0.49050000000000005,9.937529999999999
47166666195,21.78,0.023439771854283843,0.015987215948268057,0.0,-0.05886,-0.50031,9.95715
47171716700,21.78,0.01918116847941768,0.014905111812031574,0.0,-0.0981,-0.48069000000000006,9.85905
47176767205,21.78,0.022375121010567305,0.01918116847941768,0.0,-0.07848000000000001,-0.48069000000000006,9.68247
47181817710,21.78,0.024504422698000388,0.015987215948268057,0.0,-0.10791,-0.43164,9.57456
47186868215,21.78,0.023439771854283843,0.001064650843716541,0.0,-0.11772,-0.42183,9.53532
47191918720,21.78,0.024504422698000388,0.0,0.0,-0.11772,-0.41202000000000005,9.66285
47196969225,21.78,0.021310470166850764,-0.001064650843716541,0.0,-0.14715,-0.43164,9.819809999999999
47202019730,21.78,0.013840460968315033,-0.011711159280881954,0.0,-0.11772,-0.42183,9.97677
47207070235,21.78,0.005323254218582705,-0.01918116847941768,0.0,-0.10791,-0.44145,9.99639
47212120740,21.78,0.007452555906015787,-0.028763026072866547,0.0,-0.04905,-0.47088,9.908100000000001
47217171245,21.78,0.005323254218582705,-0.03515093113516579,0.0,0.05886,-0.44145,9.80019
47222221750,21.78,0.00958185759344887,-0.02982767691658309,0.0,0.13734000000000002,-0.46107000000000004,9.760950000000001
47227272255,21.78,0.0170518667919846,-0.012775810124598492,0.0,0.1962,-0.51012,9.80019
47232322760,21.78,0.011711159280881954,0.003193952531149623,0.0,0.13734000000000002,-0.51993,9.888480000000001
47237373265,21.78,0.003193952531149623,0.008517206749732328,0.0,0.0981,-0.5493600000000001,9.99639
47242423770,21.78,0.0,0.011711159280881954,0.0,0.06867000000000001,-0.56898,10.025820000000001
47247474275,21.78,-0.004258603374866164,0.007452555906015787,0.0,0.06867000000000001,-0.5395500000000001,10.025820000000001
47252524780,21.78,0.005323254218582705,0.00958185759344887,0.0,0.05886,-0.56898,9.96696
47257575285,21.78,0.022375121010567305,0.012775810124598492,0.0,0.02943,-0.5591700000000001,9.85905
47262625790,21.78,0.02769837522915001,0.0170518667919846,0.0,0.019620000000000002,-0.51993,9.84924
47267676295,21.78,0.04581489286485115,0.024504422698000388,0.0,-0.019620000000000002,-0.50031,9.80019
47272726800,21.78,0.03621558197888234,0.033021629447732716,0.0,-0.0981,-0.51012,9.79038
47277777305,21.78,0.021310470166850764,0.028763026072866547,0.0,-0.14715,-0.50031,9.74133
47282827810,21.78,0.0170518667919846,0.021310470166850764,0.0,-0.20601000000000003,-0.48069000000000006,9.78057
47287878315,21.78,0.020245819323134222,-0.002129301687433082,0.0,-0.21582,-0.42183,9.80019
47292928820,21.78,0.03408628029144926,-0.022375121010567305,0.0,-0.16677000000000003,-0.45126,9.84924
47297979325,21.78,0.05113814708343386,-0.03834488366631542,0.0,-0.08829,-0.42183,9.85905
47303029830,21.78,0.05113814708343386,-0.03621558197888234,0.0,-0.019620000000000002,-0.3924,9.78057
47308080335,21.78,0.03408628029144926,-0.02556907354171693,0.0,0.06867000000000001,-0.41202000000000005,9.72171
47313130840,21.78,0.013840460968315033,-0.002129301687433082,0.0,0.08829,-0.41202000000000005,9.66285
47318181345,21.78,0.004258603374866164,0.007452555906015787,0.0,0.05886,-0.40221,9.623610000000001
47323231850,21.78,0.00958185759344887,0.004258603374866164,0.0,0.039240000000000004,-0.40221,9.68247
47328282355,21.78,0.022375121010567305,-0.01064650843716541,0.0,0.05886,-0.40221,9.81
47333332860,21.78,0.033021629447732716,-0.02556907354171693,0.0,0.07848000000000001,-0.42183,9.96696
47338383365,21.78,0.03408628029144926,-0.020245819323134222,0.0,0.11772,-0.43164,9.97677
47343433870,21.78,0.02556907354171693,0.011711159280881954,0.0,0.14715,-0.44145,9.89829
47348484375,21.78,0.002129301687433082,0.05007349623971732,0.0,0.05886,-0.44145,9.72171
47353534880,21.78,-0.005323254218582705,0.0756251164889143,0.0,-0.05886,-0.46107000000000004,9.67266
47358585385,21.78,0.0,0.0756251164889143,0.0,-0.25506,-0.50031,9.73152
47363635890,21.78,0.007452555906015787,0.03728023282259888,0.0,-0.34335000000000004,-0.50031,9.82962
47368686395,21.78,0.013840460968315033,-0.012775810124598492,0.0,-0.36297,-0.48069000000000006,10.006200000000002
47373736900,21.78,0.028763026072866547,-0.05007349623971732,0.0,-0.31392000000000003,-0.51012,10.045440000000001
47378787405,21.78,0.021310470166850764,-0.06284930636431581,0.0,-0.16677000000000003,-0.5395500000000001,9.99639
47383837910,21.78,0.01811651763570114,-0.05752605214573309,0.0,-0.009810000000000001,-0.52974,9.89829
47388888415,21.78,0.01811651763570114,-0.04260348704118158,0.0,0.12753,-0.51993,9.81
47393938920,21.78,0.020245819323134222,-0.022375121010567305,0.0,0.15696000000000002,-0.51012,9.69228
47398989425,21.78,0.031956978604016174,0.003193952531149623,0.0,0.1962,-0.48069000000000006,9.72171
47404039930,21.78,0.046879543708567686,0.023439771854283843,0.0,0.11772,-0.48069000000000006,9.819809999999999
47409090435,21.78,0.04153883619746504,0.03834488366631542,0.0,0.039240000000000004,-0.44145,9.92772
47414140940,21.78,0.04260348704118158,0.031956978604016174,0.0,-0.039240000000000004,-0.44145,10.01601
47419191445,21.78,0.03834488366631542,0.013840460968315033,0.0,-0.10791,-0.42183,10.01601
47424241950,21.78,0.02663372438543347,-0.014905111812031574,0.0,-0.08829,-0.41202000000000005,9.91791
47429292455,21.78,0.033021629447732716,-0.02769837522915001,0.0,0.0,-0.40221,9.81
47434342960,21.78,0.039409534510031964,-0.01918116847941768,0.0,0.05886,-0.42183,9.7119
47439393465,21.78,0.04153883619746504,0.002129301687433082,0.0,0.039240000000000004,-0.38259000000000004,9.751140000000001
47444443970,21.78,0.03834488366631542,0.02663372438543347,0.0,-0.019620000000000002,-0.41202000000000005,9.82962
47449494475,21.78,0.02982767691658309,0.05220279792715039,0.0,-0.08829,-0.42183,9.888480000000001
47454544980,21.78,0.012775810124598492,0.049008845396000776,0.0,-0.21582,-0.41202000000000005,9.89829
47459595485,21.78,0.007452555906015787,0.04153883619746504,0.0,-0.33354000000000006,-0.43164,9.819809999999999
47464645990,21.78,0.01918116847941768,0.015987215948268057,0.0,-0.37278,-0.41202000000000005,9.770760000000001
47469696495,21.78,0.028763026072866547,-0.021310470166850764,0.0,-0.32373,-0.46107000000000004,9.74133
47474747000,21.78,0.033021629447732716,-0.05646140130201656,0.0,-0.21582,-0.44145,9.78057
47479797505,21.78,0.033021629447732716,-0.07136651311404815,0.0,-0.039240000000000004,-0.45126,9.751140000000001
47484848010,21.78,0.028763026072866547,-0.07456046564519776,0.0,0.11772,-0.48069000000000006,9.73152
47489898515,21.78,0.02663372438543347,-0.06391395720803235,0.0,0.23544,-0.45126,9.7119
47494949020,21.78,0.024504422698000388,-0.04794419455228423,0.0,0.34335000000000004,-0.45126,9.79038
47499999525,21.78,0.03515093113516579,-0.028763026072866547,0.0,0.3924,-0.42183,9.86886
47505050030,21.78,0.04581489286485115,0.007452555906015787,0.0,0.36297,-0.40221,9.888480000000001
47510100535,21.78,0.05007349623971732,0.05859070298944965,0.0,0.28449,-0.40221,9.86886
47515151040,21.78,0.044732788728614664,0.10119419003063122,0.0,0.08829,-0.38259000000000004,9.83943
47520201545,21.78,0.03089232776029963,0.11292280260403312,0.0,-0.14715,-0.35316,9.79038
47525252050,21.78,0.023439771854283843,0.10225884087434776,0.0,-0.35316,-0.37278,9.7119
47530302555,21.78,0.022375121010567305,0.07243116395776468,0.0,-0.50031,-0.36297,9.73152
47535353060,21.78,0.02769837522915001,0.02663372438543347,0.0,-0.6180300000000001,-0.3924,9.80019
47540403565,21.78,0.03408628029144926,-0.02769837522915001,0.0,-0.5591700000000001,-0.37278,9.86886
47545454070,21.78,0.04153883619746504,-0.07883652231258387,0.0,-0.44145,-0.3924,9.97677
47550504575,21.78,0.031956978604016174,-0.11398745344774965,0.0,-0.16677000000000003,-0.41202000000000005,9.91791
47555555080,21.78,0.023439771854283843,-0.12144000935376545,0.0,0.08829,-0.44145,9.86886
47560605585,21.78,0.0170518667919846,-0.10545279340549739,0.0,0.32373,-0.47088,9.819809999999999
47565656090,21.78,0.015987215948268057,-0.07777187146886733,0.0,0.49050000000000005,-0.47088,9.83943
47570706595,21.78,0.02663372438543347,-0.039409534510031964,0.0,0.5886,-0.45126,9.87867
47575757100,21.78,0.0404741853537485,0.0,0.0,0.60822,-0.45126,10.01601
47580807605,21.78,0.04794419455228423,0.04260348704118158,0.0,0.51012,-0.44145,10.06506
47585858110,21.78,0.04366813788489812,0.08628907821859966,0.0,0.32373,-0.44145,10.05525
47590908615,21.78,0.039409534510031964,0.12144000935376545,0.0,0.07848000000000001,-0.41202000000000005,9.96696
47595959120,21.78,0.03728023282259888,0.13421581947836395,0.0,-0.16677000000000003,-0.40221,9.74133
47601009625,21.78,0.039409534510031964,0.12463396188491506,0.0,-0.42183,-0.38259000000000004,9.68247
47606060130,21.78,0.039409534510031964,0.09587093581204853,0.0,-0.5886,-0.34335000000000004,9.70209
47611110635,21.78,0.05113814708343386,0.049008845396000776,0.0,-0.71613,-0.35316,9.73152
47616161140,21.78,0.05646140130201656,0.004258603374866164,0.0,-0.7749900000000001,-0.34335000000000004,9.770760000000001
47621211645,21.78,0.05326744877086694,-0.03834488366631542,0.0,-0.69651,-0.32373,9.81
47626262150,21.78,0.03621558197888234,-0.07456046564519776,0.0,-0.5591700000000001,-0.33354000000000006,9.80019
47631312655,21.78,0.028763026072866547,-0.10866419922916695,0.0,-0.31392000000000003,-0.33354000000000006,9.7119
47636363160,21.78,0.02982767691658309,-0.12037535851004891,0.0,-0.06867000000000001,-0.36297,9.66285
47641413665,21.78,0.03728023282259888,-0.11292280260403312,0.0,0.15696000000000002,-0.36297,9.72171
47646464170,21.78,0.0404741853537485,-0.09693558665576507,0.0,0.36297,-0.38259000000000004,9.79038
47651514675,21.78,0.039409534510031964,-0.07030186227033158,0.0,0.5395500000000001,-0.37278,9.80019
47656565180,21.78,0.04260348704118158,-0.02982767691658309,0.0,0.59841,-0.36297,9.82962
47661615685,21.78,0.03728023282259888,0.0170518667919846,0.0,0.57879,-0.35316,9.84924
47666666190,21.78,0.033021629447732716,0.05539675045830002,0.0,0.46107000000000004,-0.35316,9.908100000000001
47671716695,21.78,0.03621558197888234,0.07990117315630041,0.0,0.27468000000000004,-0.33354000000000006,9.908100000000001
47676767200,21.78,0.03621558197888234,0.09587093581204853,0.0,0.06867000000000001,-0.34335000000000004,9.86886
47681817705,21.78,0.03728023282259888,0.08841837990603273,0.0,-0.08829,-0.35316,9.82962
47686868210,21.78,0.031956978604016174,0.06604325889546543,0.0,-0.25506,-0.33354000000000006,9.85905
47691918715,21.78,0.033021629447732716,0.04260348704118158,0.0,-0.34335000000000004,-0.34335000000000004,9.888480000000001
47696969220,21.78,0.02769837522915001,0.013840460968315033,0.0,-0.38259000000000004,-0.37278,9.94734
47702019725,21.78,0.02556907354171693,-0.012775810124598492,0.0,-0.36297,-0.38259000000000004,9.99639
47707070230,21.78,0.031956978604016174,-0.03408628029144926,0.0,-0.31392000000000003,-0.41202000000000005,9.98658
47712120735,21.78,0.03408628029144926,-0.04366813788489812,0.0,-0.20601000000000003,-0.42183,9.92772
47717171240,21.78,0.031956978604016174,-0.054332099614583476,0.0,-0.08829,-0.44145,9.888480000000001
47722221745,21.78,0.03621558197888234,-0.05965535383316618,0.0,0.04905,-0.43164,9.87867
47727272250,21.78,0.05007349623971732,-0.05539675045830002,0.0,0.14715,-0.3924,9.82962
47732322755,21.78,0.05539675045830002,-0.04260348704118158,0.0,0.25506,-0.41202000000000005,9.78057
47737373260,21.78,0.060720004676882725,-0.033021629447732716,0.0,0.33354000000000006,-0.38259000000000004,9.74133
47742423765,21.78,0.05965535383316618,-0.014905111812031574,0.0,0.36297,-0.35316,9.81
47747474270,21.78,0.06284930636431581,0.01064650843716541,0.0,0.35316,-0.33354000000000006,9.86886
47752524775,21.78,0.06817256058289851,0.03834488366631542,0.0,0.27468000000000004,-0.26487,9.82962
47757575280,21.78,0.06710790973918197,0.05646140130201656,0.0,0.16677000000000003,-0.28449,9.73152
47762625785,21.78,0.06284930636431581,0.06710790973918197,0.0,0.019620000000000002,-0.23544,9.69228
47767676290,21.78,0.06178465552059926,0.07030186227033158,0.0,-0.0981,-0.20601000000000003,9.67266
47772726795,21.78,0.05646140130201656,0.06497860805174888,0.0,-0.23544,-0.1962,9.66285
47777777300,21.78,0.049008845396000776,0.06178465552059926,0.0,-0.37278,-0.21582,9.819809999999999
47782827805,21.78,0.04153883619746504,0.054332099614583476,0.0,-0.51012,-0.21582,9.94734
47787878310,21.78,0.02982767691658309,0.04581489286485115,0.0,-0.59841,-0.27468000000000004,9.95715
47792928815,21.78,0.023439771854283843,0.028763026072866547,0.0,-0.6670800000000001,-0.25506,9.99639
47797979320,21.78,0.023439771854283843,0.001064650843716541,0.0,-0.64746,-0.31392000000000003,9.94734
47803029825,21.78,0.014905111812031574,-0.02769837522915001,0.0,-0.60822,-0.35316,9.86886
47808080330,21.78,0.0170518667919846,-0.04794419455228423,0.0,-0.51012,-0.38259000000000004,9.84924
47813130835,21.78,0.02556907354171693,-0.07777187146886733,0.0,-0.37278,-0.41202000000000005,9.81
47818181340,21.78,0.03515093113516579,-0.11292280260403312,0.0,-0.13734000000000002,-0.42183,9.81
47823231845,21.78,0.0404741853537485,-0.12676326357234816,0.0,0.15696000000000002,-0.43164,9.82962
47828282350,21.78,0.05326744877086694,-0.11185815176031658,0.0,0.35316,-0.44145,9.91791
47833332855,21.78,0.05539675045830002,-0.08203047484373349,0.0,0.5591700000000001,-0.41202000000000005,9.92772
47838383360,21.78,0.06178465552059926,-0.05752605214573309,0.0,0.6670800000000001,-0.38259000000000004,9.84924
47843433865,21.78,0.06923721142661506,-0.023439771854283843,0.0,0.73575,-0.33354000000000006,9.751140000000001
47848484370,21.78,0.07777187146886733,0.00958185759344887,0.0,0.73575,-0.27468000000000004,9.69228
47853534875,21.78,0.08309512568745003,0.03834488366631542,0.0,0.6670800000000001,-0.21582,9.64323
47858585380,21.78,0.08415977653116657,0.08096582400001695,0.0,0.51993,-0.17658,9.66285
47863635885,21.78,0.08841837990603273,0.11398745344774965,0.0,0.28449,-0.14715,9.67266
47868686390,21.78,0.07456046564519776,0.1288925652597812,0.0,-0.009810000000000001,-0.11772,9.78057
47873736895,21.78,0.05965535383316618,0.12144000935376545,0.0,-0.26487,-0.10791,9.79038
47878787400,21.78,0.05220279792715039,0.10225884087434776,0.0,-0.47088,-0.0981,9.74133
47883837905,21.78,0.039409534510031964,0.06817256058289851,0.0,-0.60822,-0.10791,9.7119
47888888410,21.78,0.03408628029144926,0.03515093113516579,0.0,-0.69651,-0.13734000000000002,9.78057
47893938915,21.78,0.02982767691658309,-0.003193952531149623,0.0,-0.70632,-0.16677000000000003,9.82962
47898989420,21.78,0.02556907354171693,-0.04794419455228423,0.0,-0.6278400000000001,-0.21582,9.888480000000001
47904039925,21.78,0.014905111812031574,-0.07243116395776468,0.0,-0.47088,-0.26487,9.92772
47909090430,21.78,0.007452555906015787,-0.0852244273748831,0.0,-0.31392000000000003,-0.32373,9.97677
47914140935,21.78,0.007452555906015787,-0.09267698328089889,0.0,-0.06867000000000001,-0.36297,9.99639
47919191440,21.78,0.013840460968315033,-0.08309512568745003,0.0,0.0981,-0.3924,9.97677
47924241945,21.78,0.03408628029144926,-0.05646140130201656,0.0,0.20601000000000003,-0.44145,9.94734
47929292450,21.78,0.039409534510031964,-0.03728023282259888,0.0,0.28449,-0.44145,9.91791
47934342955,21.78,0.04794419455228423,-0.01811651763570114,0.0,0.3924,-0.41202000000000005,9.888480000000001
47939393460,21.78,0.06178465552059926,0.008517206749732328,0.0,0.34335000000000004,-0.3924,9.87867
47944443965,21.78,0.06817256058289851,0.020245819323134222,0.0,0.27468000000000004,-0.35316,9.85905
47949494470,21.78,0.07349581480148122,0.033021629447732716,0.0,0.22563,-0.31392000000000003,9.83943
47954544975,21.78,0.08628907821859966,0.044732788728614664,0.0,0.13734000000000002,-0.26487,9.81
47959595480,21.78,0.09374163412461543,0.03621558197888234,0.0,0.039240000000000004,-0.18639,9.79038
47964645985,21.78,0.09054768159346581,0.020245819323134222,0.0,-0.009810000000000001,-0.15696000000000002,9.72171
47969696490,21.78,0.09693558665576507,0.00958185759344887,0.0,-0.019620000000000002,-0.10791,9.70209
47974746995,21.78,0.09161233243718235,0.0,0.0,-0.009810000000000001,-0.04905,9.68247
47979797500,21.78,0.07777187146886733,0.007452555906015787,0.0,-0.04905,-0.039240000000000004,9.68247
47984848005,21.78,0.07136651311404815,0.03089232776029963,0.0,-0.0981,-0.039240000000000004,9.78057
47989898510,21.78,0.054332099614583476,0.04260348704118158,0.0,-0.1962,-0.04905,9.85905
47994949015,21.78,0.039409534510031964,0.046879543708567686,0.0,-0.27468000000000004,-0.06867000000000001,9.86886
47999999520,21.78,0.03728023282259888,0.0404741853537485,0.0,-0.37278,-0.08829,9.81
48005050025,21.78,0.02982767691658309,0.01811651763570114,0.0,-0.40221,-0.15696000000000002,9.78057
48010100530,21.78,0.02663372438543347,-0.005323254218582705,0.0,-0.40221,-0.16677000000000003,9.73152
48015151035,21.78,0.023439771854283843,-0.024504422698000388,0.0,-0.35316,-0.24525000000000002,9.78057
48020201540,21.78,0.022375121010567305,-0.05965535383316618,0.0,-0.24525000000000002,-0.24525000000000002,9.85905
48025252045,21.78,0.022375121010567305,-0.09693558665576507,0.0,-0.04905,-0.2943,9.819809999999999
48030302550,21.78,0.02769837522915001,-0.1097288500728835,0.0,0.16677000000000003,-0.33354000000000006,9.86886
48035353055,21.78,0.04153883619746504,-0.10759954838545042,0.0,0.40221,-0.32373,9.888480000000001
48040403560,21.78,0.054332099614583476,-0.06710790973918197,0.0,0.5886,-0.33354000000000006,9.84924
48045454065,21.78,0.06710790973918197,-0.006387905062299246,0.0,0.6180300000000001,-0.30411,9.84924
48050504570,21.78,0.06604325889546543,0.03728023282259888,0.0,0.5395500000000001,-0.2943,9.819809999999999
48055555075,21.78,0.07243116395776468,0.08841837990603273,0.0,0.38259000000000004,-0.23544,9.79038
48060605580,21.78,0.0756251164889143,0.12356931104119852,0.0,0.11772,-0.17658,9.83943
48065656085,21.78,0.07456046564519776,0.13421581947836395,0.0,-0.16677000000000003,-0.16677000000000003,9.86886
48070706590,21.78,0.07990117315630041,0.10866419922916695,0.0,-0.3924,-0.12753,9.85905
48075757095,21.78,0.07243116395776468,0.06391395720803235,0.0,-0.56898,-0.0981,9.92772
48080807600,21.78,0.06923721142661506,0.0,0.0,-0.60822,-0.08829,9.908100000000001
48085858105,21.78,0.07136651311404815,-0.05007349623971732,0.005323254218582705,-0.51012,-0.05886,9.80019
48090908610,21.78,0.06710790973918197,-0.07777187146886733,-0.001064650843716541,-0.2943,-0.06867000000000001,9.760950000000001
48095959115,21.78,0.05965535383316618,-0.09480628496833199,-0.002129301687433082,-0.12753,-0.08829,9.81
48101009620,21.78,0.05646140130201656,-0.07777187146886733,-0.002129301687433082,0.08829,-0.0981,9.73152
48106060125,21.78,0.05326744877086694,-0.054332099614583476,0.001064650843716541,0.17658,-0.14715,9.80019
48111110630,21.78,0.044732788728614664,-0.02769837522915001,0.002129301687433082,0.20601000000000003,-0.11772,9.82962
48116161135,21.78,0.039409534510031964,0.007452555906015787,0.0,0.24525000000000002,-0.13734000000000002,9.770760000000001
48121211640,21.78,0.044732788728614664,0.022375121010567305,0.002129301687433082,0.20601000000000003,-0.14715,9.770760000000001
48126262145,21.78,0.049008845396000776,0.014905111812031574,0.0,0.14715,-0.14715,9.760950000000001
48131312650,21.78,0.05752605214573309,0.008517206749732328,-0.002129301687433082,0.12753,-0.16677000000000003,9.70209
48136363155,21.78,0.05859070298944965,0.0,-0.001064650843716541,0.11772,-0.13734000000000002,9.751140000000001
48141413660,21.78,0.05752605214573309,0.008517206749732328,-0.003193952531149623,0.12753,-0.13734000000000002,9.81
48146464165,21.78,0.05965535383316618,0.024504422698000388,0.0,0.05886,-0.12753,9.78057
48151514670,21.78,0.05752605214573309,0.04260348704118158,-0.002129301687433082,-0.02943,-0.15696000000000002,9.82962
48156565175,21.78,0.05752605214573309,0.05539675045830002,0.0,-0.14715,-0.12753,9.86886
48161615680,21.78,0.05646140130201656,0.046879543708567686,0.001064650843716541,-0.22563,-0.10791,9.86886
48166666185,21.78,0.054332099614583476,0.023439771854283843,0.0,-0.33354000000000006,-0.10791,9.84924
48171716690,21.78,0.054332099614583476,-0.004258603374866164,0.001064650843716541,-0.33354000000000006,-0.0981,9.87867
48176767195,21.78,0.05539675045830002,-0.033021629447732716,-0.001064650843716541,-0.24525000000000002,-0.10791,9.819809999999999
48181817700,21.78,0.06497860805174888,-0.054332099614583476,0.001064650843716541,-0.0981,-0.0981,9.888480000000001
48186868205,21.78,0.060720004676882725,-0.060720004676882725,0.0,0.019620000000000002,-0.12753,9.908100000000001
48191918710,21.78,0.05752605214573309,-0.04581489286485115,-0.003193952531149623,0.0981,-0.12753,9.937529999999999
48196969215,21.78,0.05965535383316618,-0.01918116847941768,0.001064650843716541,0.16677000000000003,-0.12753,9.85905
48202019720,21.78,0.05539675045830002,0.001064650843716541,0.0,0.16677000000000003,-0.14715,9.81
48207070225,21.78,0.06178465552059926,0.007452555906015787,0.0,0.14715,-0.11772,9.68247
48212120730,21.78,0.06284930636431581,0.008517206749732328,0.0,0.13734000000000002,-0.0981,9.68247
48217171235,21.78,0.06710790973918197,0.0,0.0,0.14715,-0.07848000000000001,9.751140000000001
48222221740,21.78,0.07030186227033158,-0.004258603374866164,-0.001064650843716541,0.14715,-0.04905,9.81
48227272245,21.78,0.06923721142661506,0.003193952531149623,-0.003193952531149623,0.10791,-0.06867000000000001,9.87867
48232322750,21.78,0.06497860805174888,0.01918116847941768,-0.005323254218582705,0.07848000000000001,-0.039240000000000004,9.908100000000001
48237373255,21.78,0.05965535383316618,0.03728023282259888,-0.003193952531149623,0.039240000000000004,-0.05886,9.888480000000001
48242423760,21.78,0.05646140130201656,0.05113814708343386,0.0,-0.06867000000000001,-0.02943,9.82962
48247474265,21.78,0.05752605214573309,0.04794419455228423,0.0,-0.20601000000000003,-0.04905,9.751140000000001
48252524770,21.78,0.05859070298944965,0.031956978604016174,0.0,-0.22563,-0.04905,9.67266
48257575275,21.78,0.054332099614583476,0.0,-0.002129301687433082,-0.23544,-0.039240000000000004,9.72171
48262625780,21.78,0.060720004676882725,-0.02769837522915001,-0.001064650843716541,-0.22563,-0.02943,9.79038
48267676285,21.78,0.06284930636431581,-0.03728023282259888,0.0,-0.13734000000000002,-0.06867000000000001,9.83943
48272726790,21.78,0.05539675045830002,-0.03621558197888234,-0.002129301687433082,-0.04905,-0.02943,9.94734
48277777295,21.78,0.05539675045830002,-0.024504422698000388,0.002129301687433082,0.0,-0.05886,9.87867
48282827800,21.78,0.05113814708343386,-0.00958185759344887,0.0,0.0,-0.05886,9.760950000000001
48287878305,21.78,0.05326744877086694,-0.01064650843716541,0.0,0.06867000000000001,-0.04905,9.6138
48292928810,21.78,0.05965535383316618,-0.015987215948268057,0.001064650843716541,0.12753,-0.02943,9.56475
48297979315,21.78,0.07030186227033158,-0.0170518667919846,-0.002129301687433082,0.12753,-0.009810000000000001,9.65304
48303029820,21.78,0.07136651311404815,-0.01811651763570114,-0.005323254218582705,0.18639,0.0,9.81
48308080325,21.78,0.06497860805174888,-0.004258603374866164,-0.003193952531149623,0.1962,-0.019620000000000002,10.006200000000002
48313130830,21.78,0.060720004676882725,0.0170518667919846,-0.003193952531149623,0.11772,-0.039240000000000004,10.01601
48318181335,21.78,0.05007349623971732,0.039409534510031964,0.0,0.039240000000000004,-0.04905,9.99639
48323231840,21.78,0.049008845396000776,0.04366813788489812,-0.002129301687433082,0.0,-0.04905,9.86886
48328282345,21.78,0.05539675045830002,0.02769837522915001,0.004258603374866164,-0.08829,-0.019620000000000002,9.69228
48333332850,21.78,0.05752605214573309,0.012775810124598492,-0.001064650843716541,-0.08829,-0.02943,9.68247
48338383355,21.78,0.07030186227033158,-0.001064650843716541,0.0,-0.10791,0.009810000000000001,9.74133
48343433860,21.78,0.07349581480148122,-0.006387905062299246,-0.001064650843716541,-0.0981,-0.009810000000000001,9.85905
48348484365,21.78,0.05859070298944965,-0.006387905062299246,-0.003193952531149623,-0.04905,0.0,9.99639
48353534870,21.78,0.05326744877086694,-0.008517206749732328,-0.001064650843716541,-0.10791,-0.019620000000000002,9.98658
48358585375,21.78,0.05007349623971732,-0.006387905062299246,0.0,-0.07848000000000001,-0.04905,9.888480000000001
48363635880,21.78,0.05220279792715039,-0.008517206749732328,0.001064650843716541,-0.019620000000000002,-0.009810000000000001,9.69228
48368686385,21.78,0.07136651311404815,-0.01064650843716541,0.0,0.009810000000000001,0.009810000000000001,9.59418
48373736890,21.78,0.07243116395776468,-0.003193952531149623,-0.003193952531149623,0.04905,0.019620000000000002,9.60399
48378787395,21.78,0.07990117315630041,-0.005323254218582705,-0.001064650843716541,0.04905,0.02943,9.72171
48383837900,21.78,0.06817256058289851,-0.002129301687433082,0.0,0.02943,0.05886,9.83943
48388888405,21.78,0.05646140130201656,0.002129301687433082,-0.001064650843716541,0.02943,0.04905,9.87867
48393938910,21.78,0.054332099614583476,-0.005323254218582705,0.0,0.009810000000000001,0.039240000000000004,9.908100000000001
48398989415,21.78,0.05752605214573309,0.0,-0.001064650843716541,0.039240000000000004,0.039240000000000004,9.91791
48404039920,21.78,0.06817256058289851,0.011711159280881954,0.0,0.039240000000000004,0.009810000000000001,9.82962
48409090425,21.78,0.06710790973918197,0.01918116847941768,-0.004258603374866164,0.019620000000000002,0.019620000000000002,9.760950000000001
48414140930,21.78,0.06178465552059926,0.02769837522915001,-0.003193952531149623,-0.019620000000000002,0.06867000000000001,9.751140000000001
48419191435,21.78,0.05326744877086694,0.01811651763570114,-0.001064650843716541,-0.08829,0.019620000000000002,9.73152
48424241940,21.78,0.04366813788489812,0.0,-0.001064650843716541,-0.14715,0.02943,9.84924
48429292445,21.78,0.049008845396000776,-0.01811651763570114,-0.003193952531149623,-0.07848000000000001,0.009810000000000001,9.819809999999999
48434342950,21.78,0.060720004676882725,-0.021310470166850764,-0.001064650843716541,-0.019620000000000002,0.009810000000000001,9.87867
48439393455,21.78,0.07349581480148122,-0.01064650843716541,-0.001064650843716541,0.0,0.02943,9.91791
48444443960,21.78,0.07990117315630041,0.004258603374866164,0.0,0.009810000000000001,0.019620000000000002,9.86886
48449494465,21.78,0.07136651311404815,0.007452555906015787,-0.002129301687433082,0.019620000000000002,0.02943,9.70209
48454544970,21.78,0.054332099614583476,0.006387905062299246,0.002129301687433082,-0.009810000000000001,0.06867000000000001,9.633420000000001
48459595475,21.78,0.05220279792715039,0.0,0.002129301687433082,0.0,0.05886,9.60399
48464645980,21.78,0.05646140130201656,-0.001064650843716541,0.0,-0.009810000000000001,0.06867000000000001,9.751140000000001
48469696485,21.78,0.06391395720803235,-0.005323254218582705,0.0,-0.019620000000000002,0.08829,9.94734
48474746990,21.78,0.07670722062515077,-0.015987215948268057,-0.002129301687433082,-0.009810000000000001,0.07848000000000001,10.13373
48479797495,21.78,0.07243116395776468,-0.0170518667919846,-0.001064650843716541,0.039240000000000004,0.05886,10.074869999999999
48484848000,21.78,0.060720004676882725,-0.012775810124598492,0.0,0.08829,0.06867000000000001,9.888480000000001
48489898505,21.78,0.05646140130201656,0.001064650843716541,-0.001064650843716541,0.0981,0.07848000000000001,9.65304
48494949010,21.78,0.05220279792715039,0.01064650843716541,0.0,0.10791,0.07848000000000001,9.60399
48499999515,21.78,0.05859070298944965,0.011711159280881954,0.0,0.0981,0.08829,9.68247
48505050020,21.78,0.07349581480148122,0.007452555906015787,-0.001064650843716541,0.039240000000000004,0.0981,9.770760000000001
48510100525,21.78,0.07136651311404815,0.003193952531149623,-0.002129301687433082,0.0,0.12753,9.91791
48515151030,21.78,0.06817256058289851,0.0,-0.006387905062299246,0.0,0.0981,9.937529999999999
48520201535,21.78,0.06817256058289851,0.003193952531149623,0.0,0.02943,0.15696000000000002,9.84924
48525252040,21.78,0.06178465552059926,0.001064650843716541,0.0,0.039240000000000004,0.11772,9.770760000000001
48530302545,21.78,0.05646140130201656,0.007452555906015787,0.0,0.009810000000000001,0.13734000000000002,9.68247
48535353050,21.78,0.06710790973918197,0.012775810124598492,0.0,-0.009810000000000001,0.14715,9.67266
48540403555,21.78,0.06604325889546543,0.01064650843716541,-0.001064650843716541,-0.039240000000000004,0.15696000000000002,9.73152
48545454060,21.78,0.06391395720803235,0.004258603374866164,0.001064650843716541,-0.04905,0.10791,9.86886
48550504565,21.78,0.05752605214573309,-0.004258603374866164,-0.004258603374866164,-0.039240000000000004,0.0981,9.87867
48555555070,21.78,0.05539675045830002,-0.01064650843716541,0.0,-0.05886,0.0981,9.94734
48560605575,21.78,0.05007349623971732,-0.006387905062299246,-0.002129301687433082,-0.02943,0.0981,9.97677
48565656080,21.78,0.054332099614583476,0.002129301687433082,0.0,0.009810000000000001,0.10791,9.82962
48570706585,21.78,0.05859070298944965,0.001064650843716541,0.0,0.0,0.07848000000000001,9.770760000000001
48575757090,21.78,0.06391395720803235,-0.004258603374866164,0.002129301687433082,-0.009810000000000001,0.10791,9.67266
48580807595,21.78,0.06923721142661506,-0.011711159280881954,-0.001064650843716541,0.019620000000000002,0.15696000000000002,9.60399
48585858100,21.78,0.06710790973918197,-0.015987215948268057,-0.002129301687433082,0.08829,0.13734000000000002,9.7119
48590908605,21.78,0.07030186227033158,-0.00958185759344887,-0.001064650843716541,0.08829,0.14715,9.81
48595959110,21.78,0.06604325889546543,0.001064650843716541,-0.002129301687433082,0.04905,0.14715,9.89829
48601009615,21.78,0.060720004676882725,0.003193952531149623,-0.002129301687433082,0.04905,0.16677000000000003,9.91791
48606060120,21.78,0.06178465552059926,-0.001064650843716541,-0.003193952531149623,0.05886,0.14715,9.84924
48611110625,21.78,0.06604325889546543,0.0,0.0,0.0981,0.20601000000000003,9.74133
48616161130,21.78,0.06817256058289851,0.01064650843716541,0.0,0.0981,0.1962,9.68247
48621211635,21.78,0.06604325889546543,0.021310470166850764,0.0,0.05886,0.18639,9.751140000000001
48626262140,21.78,0.06391395720803235,0.022375121010567305,-0.001064650843716541,-0.019620000000000002,0.1962,9.81
48631312645,21.78,0.05113814708343386,0.013840460968315033,-0.002129301687433082,-0.08829,0.14715,9.89829
48636363150,21.78,0.05326744877086694,0.006387905062299246,0.0,-0.13734000000000002,0.15696000000000002,9.91791
48641413655,21.78,0.05752605214573309,0.00958185759344887,0.0,-0.0981,0.14715,9.89829
48646464160,21.78,0.06178465552059926,-0.001064650843716541,0.0,-0.15696000000000002,0.15696000000000002,9.81
48651514665,21.78,0.06497860805174888,-0.01064650843716541,-0.002129301687433082,-0.0981,0.14715,9.751140000000001
48656565170,21.78,0.06604325889546543,-0.015987215948268057,0.0,-0.039240000000000004,0.1962,9.633420000000001
48661615675,21.78,0.06284930636431581,-0.02556907354171693,0.0,0.009810000000000001,0.1962,9.57456
48666666180,21.78,0.06178465552059926,-0.024504422698000388,-0.001064650843716541,0.06867000000000001,0.21582,9.67266
48671716685,21.78,0.06391395720803235,-0.01918116847941768,-0.002129301687433082,0.10791,0.2943,9.80019
48676767190,21.78,0.06284930636431581,-0.0170518667919846,0.0,0.14715,0.2943,9.96696
48681817695,21.78,0.05859070298944965,-0.013840460968315033,-0.003193952531149623,0.18639,0.16677000000000003,9.92772
48686868200,21.78,0.046879543708567686,0.0,-0.002129301687433082,0.14715,0.15696000000000002,9.80019
48691918705,21.78,0.05007349623971732,0.014905111812031574,0.0,0.15696000000000002,0.0981,9.70209
48696969210,21.78,0.05326744877086694,0.033021629447732716,0.002129301687433082,0.0981,0.15696000000000002,9.73152
48702019715,21.78,0.05646140130201656,0.033021629447732716,-0.001064650843716541,0.019620000000000002,0.14715,9.74133
48707070220,21.78,0.06391395720803235,0.022375121010567305,-0.002129301687433082,-0.04905,0.15696000000000002,9.82962
48712120725,21.78,0.06710790973918197,0.01064650843716541,0.0,-0.10791,0.1962,9.86886
48717171230,21.78,0.07136651311404815,0.0,0.0,-0.0981,0.20601000000000003,9.84924
48722221735,21.78,0.06604325889546543,-0.002129301687433082,0.0,-0.0981,0.20601000000000003,9.87867
48727272240,21.78,0.06604325889546543,0.002129301687433082,-0.003193952531149623,-0.07848000000000001,0.21582,9.81
48732322745,21.78,0.06284930636431581,-0.005323254218582705,0.0,-0.05886,0.23544,9.68247
48737373250,21.78,0.06923721142661506,-0.020245819323134222,-0.001064650843716541,-0.019620000000000002,0.33354000000000006,9.623610000000001
48742423755,21.78,0.07349581480148122,-0.02663372438543347,0.0,0.04905,0.43164,9.623610000000001
48747474260,21.78,0.05539675045830002,-0.0170518667919846,-0.003193952531149623,0.13734000000000002,0.42183,9.7119
48752524765,21.78,0.04366813788489812,-0.003193952531149623,-0.002129301687433082,0.15696000000000002,0.27468000000000004,9.760950000000001
48757575270,21.78,0.033021629447732716,0.011711159280881954,0.0,0.05886,0.15696000000000002,9.81
48762625775,21.78,0.03408628029144926,0.013840460968315033,-0.001064650843716541,0.0,0.12753,9.79038
48767676280,21.78,0.03728023282259888,0.007452555906015787,0.001064650843716541,0.0,0.10791,9.92772
48772726785,21.78,0.05326744877086694,-0.003193952531149623,0.0,0.019620000000000002,0.10791,9.85905
48777777290,21.78,0.05859070298944965,0.0,0.002129301687433082,0.02943,0.15696000000000002,9.819809999999999
48782827795,21.78,0.07349581480148122,0.001064650843716541,0.0,0.019620000000000002,0.18639,9.78057
48787878300,21.78,0.07883652231258387,0.003193952531149623,-0.003193952531149623,0.009810000000000001,0.27468000000000004,9.751140000000001
48792928805,21.78,0.07349581480148122,-0.001064650843716541,0.0,0.009810000000000001,0.28449,9.819809999999999
48797979310,21.78,0.06497860805174888,-0.002129301687433082,0.0,0.019620000000000002,0.32373,9.86886
48803029815,21.78,0.060720004676882725,0.003193952531149623,0.001064650843716541,0.039240000000000004,0.28449,9.81
48808080320,21.78,0.06284930636431581,0.00958185759344887,-0.001064650843716541,0.0,0.33354000000000006,9.78057
48813130825,21.78,0.06497860805174888,0.00958185759344887,0.0,0.009810000000000001,0.35316,9.74133
48818181330,21.78,0.06710790973918197,0.001064650843716541,-0.001064650843716541,-0.009810000000000001,0.37278,9.751140000000001
48823231835,21.78,0.05646140130201656,-0.008517206749732328,-0.003193952531149623,0.0,0.36297,9.633420000000001
48828282340,21.78,0.04366813788489812,-0.015987215948268057,-0.003193952531149623,0.05886,0.37278,9.70209
48833332845,21.78,0.04153883619746504,-0.013840460968315033,-0.002129301687433082,0.11772,0.2943,9.770760000000001
48838383350,21.78,0.039409534510031964,-0.011711159280881954,0.001064650843716541,0.07848000000000001,0.23544,9.78057
48843433855,21.78,0.03728023282259888,-0.015987215948268057,0.0,0.12753,0.1962,9.91791
48848484360,21.78,0.05113814708343386,-0.015987215948268057,0.0,0.12753,0.18639,9.908100000000001
48853534865,21.78,0.05752605214573309,-0.007452555906015787,-0.003193952531149623,0.18639,0.20601000000000003,9.83943
48858585370,21.78,0.06710790973918197,0.012775810124598492,-0.001064650843716541,0.1962,0.23544,9.819809999999999
48863635875,21.78,0.07243116395776468,0.03089232776029963,-0.002129301687433082,0.11772,0.26487,9.760950000000001
48868686380,21.78,0.06710790973918197,0.04366813788489812,-0.001064650843716541,0.019620000000000002,0.26487,9.70209
48873736885,21.78,0.06710790973918197,0.039409534510031964,-0.002129301687433082,-0.05886,0.35316,9.72171
48878787390,21.78,0.06497860805174888,0.028763026072866547,-0.003193952531149623,-0.13734000000000002,0.44145,9.751140000000001
48883837895,21.78,0.07243116395776468,0.014905111812031574,0.003193952531149623,-0.17658,0.45126,9.81
48888888400,21.78,0.07243116395776468,0.001064650843716541,-0.002129301687433082,-0.14715,0.51012,9.819809999999999
48893938905,21.78,0.05326744877086694,-0.011711159280881954,-0.002129301687433082,-0.12753,0.38259000000000004,9.74133
48898989410,21.78,0.04794419455228423,-0.02982767691658309,0.0,-0.07848000000000001,0.34335000000000004,9.60399
48904039915,21.78,0.03515093113516579,-0.03408628029144926,0.001064650843716541,0.0,0.34335000000000004,9.60399
48909090420,21.78,0.03515093113516579,-0.03621558197888234,0.0,0.05886,0.35316,9.66285
48914140925,21.78,0.03728023282259888,-0.033021629447732716,0.0,0.12753,0.37278,9.819809999999999
48919191430,21.78,0.03834488366631542,-0.01918116847941768,-0.003193952531149623,0.22563,0.25506,9.97677
48924241935,21.78,0.04260348704118158,-0.014905111812031574,0.0,0.1962,0.13734000000000002,9.92772
48929292440,21.78,0.04260348704118158,-0.011711159280881954,-0.001064650843716541,0.20601000000000003,0.08829,9.85905
48934342945,21.78,0.05220279792715039,-0.003193952531149623,0.001064650843716541,0.17658,0.16677000000000003,9.81
48939393450,21.78,0.06710790973918197,0.020245819323134222,0.001064650843716541,0.17658,0.2943,9.78057
48944443955,21.78,0.07883652231258387,0.03515093113516579,-0.002129301687433082,0.17658,0.38259000000000004,9.78057
48949494460,21.78,0.08096582400001695,0.033021629447732716,-0.001064650843716541,0.11772,0.48069000000000006,9.83943
48954544965,21.78,0.07136651311404815,0.031956978604016174,-0.003193952531149623,0.009810000000000001,0.43164,9.770760000000001
48959595470,21.78,0.060720004676882725,0.028763026072866547,-0.003193952531149623,-0.05886,0.41202000000000005,9.67266
48964645975,21.78,0.05326744877086694,0.022375121010567305,-0.001064650843716541,-0.07848000000000001,0.42183,9.70209
48969696480,21.78,0.05113814708343386,0.015987215948268057,0.0,-0.13734000000000002,0.41202000000000005,9.760950000000001
48974746985,21.78,0.05113814708343386,0.006387905062299246,0.001064650843716541,-0.14715,0.36297,9.770760000000001
48979797490,21.78,0.054332099614583476,-0.007452555906015787,0.001064650843716541,-0.14715,0.37278,9.81
48984847995,21.78,0.05220279792715039,-0.021310470166850764,0.0,-0.0981,0.38259000000000004,9.70209
48989898500,21.78,0.046879543708567686,-0.02769837522915001,0.001064650843716541,-0.009810000000000001,0.41202000000000005,9.68247
48994949005,21.78,0.0404741853537485,-0.02769837522915001,0.0,0.0,0.40221,9.78057
48999999510,21.78,0.03408628029144926,-0.028763026072866547,0.0,0.0981,0.3924,9.819809999999999
49005050015,21.78,0.039409534510031964,-0.03089232776029963,-0.002129301687433082,0.17658,0.31392000000000003,9.908100000000001
49010100520,21.78,0.04260348704118158,-0.024504422698000388,0.0,0.1962,0.26487,9.89829
49015151025,21.78,0.049008845396000776,-0.008517206749732328,0.0,0.20601000000000003,0.21582,9.770760000000001
49020201530,21.78,0.05539675045830002,0.004258603374866164,0.0,0.20601000000000003,0.23544,9.69228
49025252035,21.78,0.06497860805174888,0.012775810124598492,0.0,0.1962,0.3924,9.70209
49030302540,21.78,0.07349581480148122,0.023439771854283843,0.0,0.1962,0.46107000000000004,9.74133
49035353045,21.78,0.06391395720803235,0.031956978604016174,0.0,0.14715,0.47088,9.79038
49040403550,21.78,0.06284930636431581,0.03621558197888234,0.0,0.04905,0.47088,9.760950000000001
49045454055,21.78,0.05859070298944965,0.03621558197888234,0.0,-0.04905,0.41202000000000005,9.72171
49050504560,21.78,0.05007349623971732,0.01811651763570114,0.0,-0.11772,0.41202000000000005,9.74133
49055555065,21.78,0.05220279792715039,0.001064650843716541,0.0,-0.10791,0.47088,9.72171
49060605570,21.78,0.04794419455228423,-0.003193952531149623,0.0,-0.07848000000000001,0.47088,9.72171
49065656075,21.78,0.05220279792715039,-0.006387905062299246,0.0,-0.02943,0.45126,9.74133
49070706580,21.78,0.046879543708567686,-0.004258603374866164,0.0,0.0,0.41202000000000005,9.80019
49075757085,21.78,0.039409534510031964,-0.011711159280881954,0.0,0.0,0.38259000000000004,9.751140000000001
49080807590,21.78,0.039409534510031964,-0.024504422698000388,0.0,0.0,0.3924,9.83943
49085858095,21.78,0.039409534510031964,-0.03089232776029963,0.0,0.0981,0.34335000000000004,9.888480000000001
49090908600,21.78,0.03834488366631542,-0.01918116847941768,0.0,0.14715,0.32373,9.908100000000001
49095959105,21.78,0.05113814708343386,0.0,0.0,0.13734000000000002,0.31392000000000003,9.82962
49101009610,21.78,0.05965535383316618,0.008517206749732328,0.0,0.11772,0.35316,9.81
49106060115,21.78,0.05965535383316618,0.006387905062299246,0.0,0.08829,0.43164,9.74133
49111110620,21.78,0.05965535383316618,-0.001064650843716541,0.0,0.10791,0.51993,9.69228
49116161125,21.78,0.05646140130201656,-0.003193952531149623,0.0,0.17658,0.51993,9.74133
49121211630,21.78,0.05220279792715039,0.008517206749732328,0.0,0.18639,0.5591700000000001,9.70209
49126262135,21.78,0.05646140130201656,0.01811651763570114,0.0,0.10791,0.49050000000000005,9.74133
49131312640,21.78,0.05007349623971732,0.01918116847941768,0.0,0.02943,0.41202000000000005,9.770760000000001
49136363145,21.78,0.04794419455228423,0.005323254218582705,0.0,-0.009810000000000001,0.35316,9.66285
49141413650,21.78,0.04153883619746504,0.004258603374866164,0.0,0.0,0.36297,9.73152
49146464155,21.78,0.04366813788489812,0.002129301687433082,0.0,0.0,0.45126,9.70209
49151514660,21.78,0.05539675045830002,0.006387905062299246,0.0,0.0,0.5591700000000001,9.74133
49156565165,21.78,0.05220279792715039,0.005323254218582705,0.0,0.009810000000000001,0.5493600000000001,9.86886
49161615670,21.78,0.05113814708343386,-0.003193952531149623,0.0,-0.009810000000000001,0.47088,9.87867
49166666175,21.78,0.04153883619746504,-0.008517206749732328,0.0,0.009810000000000001,0.36297,9.81
49171716680,21.78,0.028763026072866547,-0.008517206749732328,0.0,0.0,0.2943,9.760950000000001
49176767185,21.78,0.04260348704118158,-0.011711159280881954,0.0,0.0,0.3924,9.72171
49181817690,21.78,0.05326744877086694,-0.006387905062299246,0.0,0.11772,0.51012,9.80019
49186868195,21.78,0.06284930636431581,-0.013840460968315033,0.0,0.14715,0.60822,9.819809999999999
49191918700,21.78,0.05752605214573309,-0.0170518667919846,0.0,0.21582,0.5395500000000001,9.81
49196969205,21.78,0.04260348704118158,0.001064650843716541,0.0,0.18639,0.38259000000000004,9.7119
49202019710,21.78,0.031956978604016174,0.008517206749732328,0.0,0.13734000000000002,0.35316,9.623610000000001
49207070215,21.78,0.0404741853537485,0.008517206749732328,0.0,0.08829,0.40221,9.73152
49212120720,21.78,0.046879543708567686,0.008517206749732328,0.0,0.07848000000000001,0.44145,9.819809999999999
49217171225,21.78,0.05646140130201656,0.0,0.0,0.07848000000000001,0.5395500000000001,9.819809999999999
49222221730,21.78,0.060720004676882725,0.005323254218582705,0.0,0.10791,0.51993,9.819809999999999
49227272235,21.78,0.05859070298944965,0.023439771854283843,0.0,0.039240000000000004,0.50031,9.65304
49232322740,21.78,0.05007349623971732,0.023439771854283843,0.0,-0.02943,0.51993,9.633420000000001
49237373245,21.78,0.044732788728614664,0.020245819323134222,0.0,-0.05886,0.49050000000000005,9.760950000000001
49242423750,21.78,0.03621558197888234,-0.003193952531149623,0.0,-0.02943,0.52974,9.78057
49247474255,21.78,0.04153883619746504,-0.02982767691658309,0.0,-0.009810000000000001,0.5886,9.888480000000001
49252524760,21.78,0.04581489286485115,-0.02769837522915001,0.0,0.07848000000000001,0.51993,10.006200000000002
49257575265,21.78,0.04581489286485115,-0.02556907354171693,0.0,0.11772,0.44145,9.80019
49262625770,21.78,0.04260348704118158,-0.013840460968315033,0.0,0.16677000000000003,0.42183,9.74133
49267676275,21.78,0.039409534510031964,0.0,0.0,0.16677000000000003,0.36297,9.72171
49272726780,21.78,0.03728023282259888,0.0,0.0,0.15696000000000002,0.41202000000000005,9.6138
49277777285,21.78,0.046879543708567686,0.003193952531149623,0.0,0.13734000000000002,0.51012,9.80019
49282827790,21.78,0.05646140130201656,0.003193952531149623,0.0,0.17658,0.6278400000000001,9.83943
49287878295,21.78,0.060720004676882725,-0.008517206749732328,0.0,0.16677000000000003,0.6867000000000001,9.82962
49292928800,21.78,0.05752605214573309,-0.012775810124598492,0.0,0.20601000000000003,0.64746,9.82962
49297979305,21.78,0.049008845396000776,0.007452555906015787,0.0,0.20601000000000003,0.45126,9.68247
49303029810,21.78,0.033021629447732716,0.03089232776029963,0.0,0.07848000000000001,0.35316,9.52551
49308080315,21.78,0.03408628029144926,0.04581489286485115,0.0,-0.04905,0.40221,9.60399
49313130820,21.78,0.04366813788489812,0.039409534510031964,0.0,-0.0981,0.47088,9.73152
49318181325,21.78,0.054332099614583476,0.01064650843716541,0.0,-0.12753,0.65727,9.81
49323231830,21.78,0.06391395720803235,-0.022375121010567305,0.0,-0.04905,0.8338500000000001,9.89829
49328282335,21.78,0.05007349623971732,-0.03408628029144926,0.0,0.0981,0.72594,9.92772
49333332840,21.78,0.033021629447732716,-0.03834488366631542,0.0,0.17658,0.56898,9.78057
49338383345,21.78,0.0170518667919846,-0.020245819323134222,0.0,0.13734000000000002,0.35316,9.72171
49343433850,21.78,0.014905111812031574,0.001064650843716541,0.0,0.10791,0.1962,9.72171
49348484355,21.78,0.022375121010567305,0.007452555906015787,0.0,0.02943,0.25506,9.68247
49353534860,21.78,0.044732788728614664,0.008517206749732328,0.0,0.05886,0.50031,9.82962
49358585365,21.78,0.07030186227033158,0.01064650843716541,0.0,0.0981,0.69651,9.91791
49363635870,21.78,0.08096582400001695,-0.007452555906015787,0.0,0.18639,0.84366,9.82962
49368686375,21.78,0.060720004676882725,-0.014905111812031574,0.0,0.25506,0.80442,9.82962
49373736880,21.78,0.039409534510031964,-0.01811651763570114,0.0,0.24525000000000002,0.51012,9.66285
49378787385,21.78,0.013840460968315033,-0.001064650843716541,0.0,0.20601000000000003,0.34335000000000004,9.54513
49383837890,21.78,0.01918116847941768,0.015987215948268057,0.0,0.14715,0.34335000000000004,9.65304
49388888395,21.78,0.03515093113516579,0.028763026072866547,0.0,0.05886,0.43164,9.751140000000001
49393938900,21.78,0.06284930636431581,0.03089232776029963,0.0,0.02943,0.5886,9.81
49398989405,21.78,0.07456046564519776,0.02556907354171693,0.0,-0.009810000000000001,0.70632,9.79038
49404039910,21.78,0.06497860805174888,0.01918116847941768,0.0,-0.02943,0.75537,9.73152
49409090415,21.78,0.04366813788489812,-0.002129301687433082,0.0,-0.02943,0.72594,9.65304
49414140920,21.78,0.02769837522915001,-0.022375121010567305,0.0,0.009810000000000001,0.72594,9.73152
49419191425,21.78,0.013840460968315033,-0.04581489286485115,0.0,0.12753,0.6670800000000001,9.819809999999999
49424241930,21.78,0.013840460968315033,-0.05752605214573309,0.0,0.26487,0.56898,9.87867
49429292435,21.78,0.021310470166850764,-0.044732788728614664,0.0,0.35316,0.40221,9.85905
49434342940,21.78,0.024504422698000388,-0.002129301687433082,0.0,0.35316,0.22563,9.74133
49439393445,21.78,0.03408628029144926,0.0404741853537485,0.0,0.1962,0.1962,9.633420000000001
49444443950,21.78,0.04260348704118158,0.06284930636431581,0.0,0.02943,0.30411,9.80019
49449494455,21.78,0.05859070298944965,0.06284930636431581,0.0,-0.07848000000000001,0.50031,9.87867
49454544960,21.78,0.0756251164889143,0.03515093113516579,0.0,-0.13734000000000002,0.79461,9.99639
49459595465,21.78,0.08415977653116657,-0.001064650843716541,0.0,-0.10791,0.9711900000000001,10.01601
49464645970,21.78,0.07456046564519776,-0.028763026072866547,0.0,0.009810000000000001,0.94176,9.89829
49469696475,21.78,0.046879543708567686,-0.04366813788489812,0.0,0.13734000000000002,0.80442,9.633420000000001
49474746980,21.78,0.01811651763570114,-0.04153883619746504,0.0,0.20601000000000003,0.5886,9.43722
49479797485,21.78,-0.001064650843716541,-0.03728023282259888,0.0,0.23544,0.50031,9.36855
49484847990,21.78,-0.008517206749732328,-0.02982767691658309,0.0,0.31392000000000003,0.48069000000000006,9.58437
49489898495,21.78,0.0170518667919846,-0.0170518667919846,0.0,0.41202000000000005,0.48069000000000006,9.83943
49494949000,21.78,0.03728023282259888,0.006387905062299246,0.0,0.37278,0.41202000000000005,9.96696
49499999505,21.78,0.05007349623971732,0.028763026072866547,0.0,0.18639,0.38259000000000004,9.89829
49505050010,21.78,0.06178465552059926,0.04153883619746504,0.0,0.07848000000000001,0.40221,9.84924
49510100515,21.78,0.06391395720803235,0.06923721142661506,0.0,-0.02943,0.43164,9.72171
49515151020,21.78,0.06178465552059926,0.07243116395776468,0.0,-0.18639,0.59841,9.633420000000001
49520201525,21.78,0.06923721142661506,0.060720004676882725,0.0,-0.27468000000000004,0.8829,9.7119
49525252030,21.78,0.07777187146886733,0.028763026072866547,0.0,-0.28449,1.0791000000000002,9.79038
49530302535,21.78,0.05965535383316618,-0.01064650843716541,0.0,-0.26487,1.03986,9.85905
49535353040,21.78,0.02769837522915001,-0.05646140130201656,0.0,-0.18639,0.90252,9.751140000000001
49540403545,21.78,0.0,-0.08735372906231618,0.0,0.0,0.64746,9.72171
49545454050,21.78,-0.028763026072866547,-0.08948303074974927,0.0,0.15696000000000002,0.41202000000000005,9.68247
49550504555,21.78,-0.02769837522915001,-0.09054768159346581,0.0,0.35316,0.33354000000000006,9.72171
49555555060,21.78,-0.001064650843716541,-0.07670722062515077,0.0,0.5395500000000001,0.3924,9.84924
49560605565,21.78,0.02556907354171693,-0.03834488366631542,0.0,0.6670800000000001,0.37278,9.92772
49565656070,21.78,0.05539675045830002,-0.004258603374866164,0.0,0.6867000000000001,0.37278,9.751140000000001
49570706575,21.78,0.05539675045830002,0.039409534510031964,0.0,0.60822,0.41202000000000005,9.760950000000001
49575757080,21.78,0.06710790973918197,0.08096582400001695,0.0,0.38259000000000004,0.46107000000000004,9.69228
49580807585,21.78,0.07243116395776468,0.11079350091660004,0.0,0.0981,0.5395500000000001,9.74133
49585858090,21.78,0.07243116395776468,0.12037535851004891,0.0,-0.12753,0.69651,9.819809999999999
49590908595,21.78,0.08415977653116657,0.09906488834319814,0.0,-0.32373,0.84366,9.84924
49595959100,21.78,0.08948303074974927,0.06710790973918197,0.0,-0.44145,0.9908100000000001,9.79038
49601009605,21.78,0.06923721142661506,0.03834488366631542,0.0,-0.51012,1.03005,9.59418
49606060110,21.78,0.044732788728614664,0.0,0.0,-0.49050000000000005,0.9711900000000001,9.52551
49611110615,21.78,0.01918116847941768,-0.03089232776029963,0.0,-0.42183,0.85347,9.5157
49616161120,21.78,-0.006387905062299246,-0.060720004676882725,0.0,-0.2943,0.73575,9.57456
49621211625,21.78,-0.023439771854283843,-0.09906488834319814,0.0,-0.14715,0.64746,9.79038
49626262130,21.78,-0.01918116847941768,-0.12144000935376545,0.0,0.11772,0.57879,9.98658
49631312635,21.78,-0.001064650843716541,-0.11505210429146619,0.0,0.37278,0.48069000000000006,9.95715
49636363140,21.78,0.004258603374866164,-0.08096582400001695,0.0,0.59841,0.41202000000000005,9.84924
49641413645,21.78,0.021310470166850764,-0.05113814708343386,0.0,0.70632,0.33354000000000006,9.70209
49646464150,21.78,0.01918116847941768,-0.006387905062299246,0.0,0.71613,0.35316,9.68247
49651514655,21.78,0.03621558197888234,0.03621558197888234,0.0,0.6180300000000001,0.42183,9.70209
49656565160,21.78,0.05965535383316618,0.06604325889546543,0.0,0.45126,0.56898,9.85905
49661615665,21.78,0.07349581480148122,0.07670722062515077,0.0,0.30411,0.70632,9.94734
49666666170,21.78,0.07349581480148122,0.07349581480148122,0.0,0.14715,0.75537,9.94734
49671716675,21.78,0.07456046564519776,0.07030186227033158,-0.006387905062299246,-0.02943,0.7848,9.80019
49676767180,21.78,0.06604325889546543,0.07243116395776468,-0.003193952531149623,-0.13734000000000002,0.8142300000000001,9.65304
49681817685,21.78,0.05220279792715039,0.06817256058289851,0.0,-0.25506,0.7848,9.54513
49686868190,21.78,0.02663372438543347,0.046879543708567686,-0.001064650843716541,-0.3924,0.75537,9.56475
49691918695,21.78,0.02769837522915001,0.011711159280881954,0.001064650843716541,-0.44145,0.8142300000000001,9.69228
49696969200,21.78,0.02982767691658309,-0.0170518667919846,0.001064650843716541,-0.37278,0.8338500000000001,9.760950000000001
49702019705,21.78,0.015987215948268057,-0.04794419455228423,0.001064650843716541,-0.28449,0.7651800000000001,9.819809999999999
49707070210,21.78,0.01064650843716541,-0.07990117315630041,0.005323254218582705,-0.11772,0.70632,9.819809999999999
49712120715,21.78,0.01064650843716541,-0.08948303074974927,0.002129301687433082,0.04905,0.5886,9.74133
49717171220,21.78,0.0,-0.07456046564519776,0.001064650843716541,0.26487,0.5591700000000001,9.623610000000001
49722221725,21.78,0.005323254218582705,-0.05220279792715039,0.002129301687433082,0.40221,0.5591700000000001,9.65304
49727272230,21.78,0.014905111812031574,-0.02556907354171693,0.0,0.45126,0.51012,9.68247
49732322735,21.78,0.024504422698000388,0.008517206749732328,-0.001064650843716541,0.42183,0.52974,9.68247
49737373240,21.78,0.04366813788489812,0.033021629447732716,0.0,0.31392000000000003,0.63765,9.73152
49742423745,21.78,0.04581489286485115,0.046879543708567686,0.002129301687433082,0.20601000000000003,0.6278400000000001,9.937529999999999
49747474250,21.78,0.04366813788489812,0.049008845396000776,-0.003193952531149623,0.07848000000000001,0.57879,9.92772
49752524755,21.78,0.044732788728614664,0.04794419455228423,0.0,-0.06867000000000001,0.5493600000000001,9.84924
49757575260,21.78,0.04260348704118158,0.03408628029144926,0.0,-0.12753,0.71613,9.751140000000001
49762625765,21.78,0.05220279792715039,0.004258603374866164,0.001064650843716541,-0.12753,0.8829,9.819809999999999
49767676270,21.78,0.044732788728614664,-0.007452555906015787,-0.001064650843716541,-0.019620000000000002,0.9123300000000001,9.85905
49772726775,21.78,0.03408628029144926,-0.01811651763570114,-0.003193952531149623,0.02943,0.87309,9.79038
49777777280,21.78,0.01918116847941768,-0.03515093113516579,0.0,0.06867000000000001,0.80442,9.760950000000001
49782827785,21.78,0.002129301687433082,-0.05539675045830002,0.002129301687433082,0.15696000000000002,0.65727,9.83943
49787878290,21.78,-0.008517206749732328,-0.05752605214573309,0.0,0.28449,0.56898,9.92772
49792928795,21.78,0.0,-0.05646140130201656,0.001064650843716541,0.38259000000000004,0.49050000000000005,9.99639
49797979300,21.78,0.0170518667919846,-0.06284930636431581,0.001064650843716541,0.52974,0.52974,9.937529999999999
49803029805,21.78,0.03515093113516579,-0.05220279792715039,0.0,0.73575,0.56898,9.80019
49808080310,21.78,0.046879543708567686,-0.00958185759344887,-0.002129301687433082,0.7848,0.57879,9.623610000000001
49813130815,21.78,0.05859070298944965,0.04366813788489812,-0.002129301687433082,0.70632,0.6180300000000001,9.44703
49818181320,21.78,0.05859070298944965,0.08841837990603273,-0.002129301687433082,0.44145,0.64746,9.43722
49823231825,21.78,0.05326744877086694,0.12995721610349775,-0.004258603374866164,0.15696000000000002,0.63765,9.53532
49828282330,21.78,0.05859070298944965,0.14700908289548237,-0.003193952531149623,-0.1962,0.75537,9.70209
49833332835,21.78,0.07030186227033158,0.14594443205176583,0.0,-0.46107000000000004,0.8142300000000001,9.72171
49838383340,21.78,0.07349581480148122,0.11611675513518273,0.0,-0.72594,0.94176,9.73152
49843433845,21.78,0.06178465552059926,0.06923721142661506,0.0,-0.85347,1.02024,9.633420000000001
49848484350,21.78,0.04366813788489812,0.006387905062299246,-0.001064650843716541,-0.8338500000000001,1.03986,9.48627
49853534855,21.78,0.021310470166850764,-0.046879543708567686,0.001064650843716541,-0.73575,1.03005,9.40779
49858585360,21.78,0.003193952531149623,-0.09906488834319814,0.003193952531149623,-0.51012,1.0987200000000001,9.37836
49863635865,21.78,-0.024504422698000388,-0.14275047952061623,0.0,-0.18639,1.02024,9.633420000000001
49868686370,21.78,-0.0404741853537485,-0.15978489302008084,0.001064650843716541,0.14715,0.80442,9.73152
49873736875,21.78,-0.05752605214573309,-0.16084954386379738,0.002129301687433082,0.52974,0.59841,9.84924
49878787380,21.78,-0.05326744877086694,-0.1374272253020335,0.001064650843716541,0.8142300000000001,0.40221,9.83943
49883837885,21.78,-0.046879543708567686,-0.09267698328089889,-0.002129301687433082,0.9810000000000001,0.1962,9.84924
49888888390,21.78,-0.021310470166850764,-0.031956978604016174,0.0,0.9908100000000001,0.13734000000000002,9.80019
49893938895,21.78,0.013840460968315033,0.021310470166850764,0.0,0.89271,0.22563,9.91791
49898989400,21.78,0.05220279792715039,0.06497860805174888,-0.003193952531149623,0.80442,0.27468000000000004,10.025820000000001
49904039905,21.78,0.0756251164889143,0.09906488834319814,-0.001064650843716541,0.56898,0.49050000000000005,10.11411
49909090410,21.78,0.10012953918691468,0.12995721610349775,0.0,0.28449,0.71613,10.08468
49914140915,21.78,0.10653489754173388,0.14700908289548237,-0.002129301687433082,0.0,0.89271,10.025820000000001
49919191420,21.78,0.10012953918691468,0.14594443205176583,-0.003193952531149623,-0.27468000000000004,1.00062,9.888480000000001
49924241925,21.78,0.08096582400001695,0.12037535851004891,-0.004258603374866164,-0.52974,1.0987200000000001,9.751140000000001
49929292430,21.78,0.05539675045830002,0.07136651311404815,-0.002129301687433082,-0.63765,1.10853,9.66285
49934342935,21.78,0.03408628029144926,0.01811651763570114,0.0,-0.71613,1.03005,9.60399
49939393440,21.78,0.01064650843716541,-0.024504422698000388,0.0,-0.59841,0.9613800000000001,9.59418
49944443945,21.78,-0.003193952531149623,-0.05539675045830002,0.002129301687433082,-0.51012,0.7749900000000001,9.64323
49949494450,21.78,-0.015987215948268057,-0.0852244273748831,0.002129301687433082,-0.41202000000000005,0.6670800000000001,9.7119
49954544955,21.78,-0.014905111812031574,-0.11505210429146619,0.002129301687433082,-0.18639,0.6670800000000001,9.70209
49959595460,21.78,-0.005323254218582705,-0.13102186694721432,0.003193952531149623,0.12753,0.7651800000000001,9.72171
49964645965,21.78,-0.001064650843716541,-0.12463396188491506,0.001064650843716541,0.45126,0.7749900000000001,9.73152
49969696470,21.78,0.003193952531149623,-0.09054768159346581,0.0,0.7651800000000001,0.71613,9.60399
49974746975,21.78,0.008517206749732328,-0.05326744877086694,0.002129301687433082,0.8829,0.63765,9.43722
49979797480,21.78,0.005323254218582705,-0.01064650843716541,0.001064650843716541,0.90252,0.5886,9.4176
49984847985,21.78,0.008517206749732328,0.02663372438543347,0.001064650843716541,0.80442,0.5493600000000001,9.58437
49989898490,21.78,0.02556907354171693,0.05859070298944965,-0.001064650843716541,0.59841,0.5493600000000001,9.73152
49994948995,21.78,0.04366813788489812,0.08096582400001695,-0.001064650843716541,0.40221,0.6670800000000001,9.79038
49999999500,21.78,0.060720004676882725,0.09480628496833199,-0.002129301687433082,0.17658,0.7749900000000001,9.82962
50005050005,21.78,0.06178465552059926,0.10759954838545042,-0.002129301687433082,-0.02943,0.7848,9.81
50010100510,21.78,0.05220279792715039,0.11931070766633237,-0.001064650843716541,-0.28449,0.8240400000000001,9.7119
50015151015,21.78,0.046879543708567686,0.10225884087434776,-0.001064650843716541,-0.51012,0.79461,9.68247
50020201520,21.78,0.03089232776029963,0.07777187146886733,-0.002129301687433082,-0.6867000000000001,0.9221400000000001,9.68247
50025252025,21.78,0.02663372438543347,0.02982767691658309,0.0,-0.7749900000000001,1.00062,9.81
50030302530,21.78,0.022375121010567305,-0.023439771854283843,0.002129301687433082,-0.71613,1.02024,9.908100000000001
50035353035,21.78,0.00958185759344887,-0.08415977653116657,0.0,-0.52974,1.02024,9.84924
50040403540,21.78,-0.012775810124598492,-0.12676326357234816,0.0,-0.22563,0.89271,9.81
50045454045,21.78,-0.02982767691658309,-0.15872024217636432,0.002129301687433082,0.0981,0.8142300000000001,9.69228
50050504550,21.78,-0.044732788728614664,-0.15446163880149816,0.0,0.46107000000000004,0.6768900000000001,9.760950000000001
50055555055,21.78,-0.044732788728614664,-0.12569861272863161,0.0,0.8240400000000001,0.5395500000000001,9.819809999999999
50060605560,21.78,-0.02982767691658309,-0.08309512568745003,-0.002129301687433082,0.9908100000000001,0.37278,9.84924
50065656065,21.78,-0.008517206749732328,-0.02556907354171693,0.0,1.00062,0.24525000000000002,9.81
50070706570,21.78,0.01811651763570114,0.04794419455228423,-0.003193952531149623,0.8142300000000001,0.1962,9.74133
50075757075,21.78,0.06391395720803235,0.11079350091660004,-0.001064650843716541,0.50031,0.37278,9.72171
50080807580,21.78,0.09054768159346581,0.1555262896452147,-0.003193952531149623,0.20601000000000003,0.6278400000000001,9.80019
50085858085,21.78,0.09800023749948161,0.17151350559348277,-0.001064650843716541,-0.08829,0.94176,9.819809999999999
50090908590,21.78,0.09906488834319814,0.14700908289548237,0.0,-0.40221,1.21644,9.74133
50095959095,21.78,0.0852244273748831,0.09374163412461543,0.0,-0.5395500000000001,1.44207,9.68247
50101009600,21.78,0.05539675045830002,0.03408628029144926,-0.001064650843716541,-0.60822,1.44207,9.633420000000001
50106060105,21.78,0.00958185759344887,-0.02769837522915001,-0.001064650843716541,-0.56898,1.16739,9.53532
50111110610,21.78,-0.033021629447732716,-0.07670722062515077,-0.003193952531149623,-0.38259000000000004,0.86328,9.5157
50116161115,21.78,-0.05965535383316618,-0.09587093581204853,0.0,-0.25506,0.5591700000000001,9.58437
50121211620,21.78,-0.05859070298944965,-0.09161233243718235,0.0,-0.13734000000000002,0.3924,9.67266
50126262125,21.78,-0.03728023282259888,-0.08628907821859966,0.003193952531149623,0.0,0.44145,9.74133
50131312630,21.78,-0.008517206749732328,-0.08096582400001695,0.0,0.22563,0.64746,9.85905
50136363135,21.78,0.015987215948268057,-0.07243116395776468,0.002129301687433082,0.47088,0.73575,9.96696
50141413640,21.78,0.01811651763570114,-0.05220279792715039,-0.005323254218582705,0.63765,0.7749900000000001,9.91791
50146464145,21.78,0.015987215948268057,-0.023439771854283843,0.0,0.72594,0.63765,9.770760000000001
50151514650,21.78,0.01064650843716541,0.006387905062299246,-0.003193952531149623,0.65727,0.5493600000000001,9.68247
50156565155,21.78,0.013840460968315033,0.04366813788489812,-0.002129301687433082,0.47088,0.56898,9.74133
50161615660,21.78,0.033021629447732716,0.07136651311404815,0.0,0.27468000000000004,0.63765,9.770760000000001
50166666165,21.78,0.04366813788489812,0.09906488834319814,-0.004258603374866164,0.0981,0.70632,9.80019
50171716670,21.78,0.06178465552059926,0.10653489754173388,-0.005323254218582705,-0.07848000000000001,0.8142300000000001,9.751140000000001
50176767175,21.78,0.06178465552059926,0.10332349171806432,-0.001064650843716541,-0.2943,0.95157,9.68247
50181817680,21.78,0.049008845396000776,0.07243116395776468,-0.002129301687433082,-0.44145,1.0987200000000001,9.60399
50186868185,21.78,0.033021629447732716,0.022375121010567305,0.0,-0.48069000000000006,1.16739,9.64323
50191918690,21.78,0.012775810124598492,-0.03515093113516579,0.001064650843716541,-0.40221,1.13796,9.67266
50196969195,21.78,-0.012775810124598492,-0.07883652231258387,0.0,-0.23544,1.03005,9.66285
50202019700,21.78,-0.02663372438543347,-0.09480628496833199,0.0,-0.06867000000000001,0.80442,9.72171
50207070205,21.78,-0.031956978604016174,-0.07670722062515077,0.0,0.14715,0.5591700000000001,9.67266
50212120710,21.78,-0.03408628029144926,-0.05539675045830002,0.0,0.18639,0.3924,9.6138
50217171215,21.78,-0.02556907354171693,-0.033021629447732716,0.002129301687433082,0.17658,0.44145,9.69228
50222221720,21.78,-0.004258603374866164,-0.01918116847941768,-0.001064650843716541,0.28449,0.51993,9.819809999999999
50227272225,21.78,0.01918116847941768,-0.015987215948268057,0.001064650843716541,0.35316,0.72594,9.888480000000001
50232322730,21.78,0.03408628029144926,-0.00958185759344887,-0.002129301687433082,0.44145,0.94176,9.98658
50237373235,21.78,0.04260348704118158,0.006387905062299246,-0.001064650843716541,0.43164,0.9319500000000001,9.83943
50242423740,21.78,0.03515093113516579,0.028763026072866547,-0.006387905062299246,0.34335000000000004,0.8142300000000001,9.64323
50247474245,21.78,0.024504422698000388,0.060720004676882725,-0.001064650843716541,0.24525000000000002,0.69651,9.48627
50252524750,21.78,0.013840460968315033,0.09587093581204853,0.001064650843716541,-0.04905,0.6670800000000001,9.44703
50257575255,21.78,0.014905111812031574,0.10012953918691468,0.0,-0.26487,0.7651800000000001,9.52551
50262625760,21.78,0.024504422698000388,0.06710790973918197,-0.003193952531149623,-0.40221,0.9711900000000001,9.69228
50267676265,21.78,0.02982767691658309,0.006387905062299246,0.003193952531149623,-0.41202000000000005,1.20663,9.80019
50272726770,21.78,0.02663372438543347,-0.05220279792715039,0.003193952531149623,-0.27468000000000004,1.2851100000000002,9.888480000000001
50277777275,21.78,0.002129301687433082,-0.08309512568745003,-0.003193952531149623,-0.039240000000000004,1.06929,9.83943
50282827780,21.78,-0.03515093113516579,-0.08096582400001695,0.0,0.12753,0.70632,9.68247
50287878285,21.78,-0.054332099614583476,-0.06710790973918197,0.0,0.21582,0.40221,9.52551
50292928790,21.78,-0.046879543708567686,-0.03408628029144926,0.0,0.18639,0.35316,9.6138
50297979295,21.78,-0.021310470166850764,-0.013840460968315033,0.002129301687433082,0.22563,0.49050000000000005,9.72171
50303029800,21.78,0.011711159280881954,-0.001064650843716541,-0.001064650843716541,0.2943,0.72594,9.96696
50308080305,21.78,0.03515093113516579,0.006387905062299246,0.0,0.35316,0.85347,9.99639
50313130810,21.78,0.0404741853537485,0.015987215948268057,0.0,0.32373,0.89271,9.94734
50318181315,21.78,0.023439771854283843,0.02556907354171693,-0.005323254218582705,0.22563,0.8240400000000001,9.81
50323231820,21.78,0.012775810124598492,0.03621558197888234,-0.002129301687433082,0.12753,0.69651,9.78057
50328282325,21.78,0.005323254218582705,0.05220279792715039,-0.001064650843716541,-0.019620000000000002,0.63765,9.66285
50333332830,21.78,0.01064650843716541,0.049008845396000776,0.0,-0.17658,0.70632,9.73152
50338383335,21.78,0.02769837522915001,0.03621558197888234,0.0,-0.17658,0.87309,9.74133
50343433840,21.78,0.03515093113516579,0.013840460968315033,-0.001064650843716541,-0.20601000000000003,1.06929,9.73152
50348484345,21.78,0.024504422698000388,-0.011711159280881954,0.001064650843716541,-0.13734000000000002,1.0987200000000001,9.67266
50353534850,21.78,0.0,-0.03408628029144926,0.0,-0.039240000000000004,0.9908100000000001,9.65304
50358585355,21.78,-0.022375121010567305,-0.03834488366631542,0.0,0.02943,0.71613,9.6138
50363635860,21.78,-0.04260348704118158,-0.03515093113516579,-0.002129301687433082,0.009810000000000001,0.57879,9.66285
50368686365,21.78,-0.03089232776029963,-0.02982767691658309,0.0,0.05886,0.51993,9.72171
50373736870,21.78,-0.003193952531149623,-0.024504422698000388,0.0,0.12753,0.60822,9.70209
50378787375,21.78,0.0170518667919846,-0.022375121010567305,0.0,0.24525000000000002,0.8338500000000001,9.7119
50383837880,21.78,0.02663372438543347,-0.002129301687433082,0.0,0.34335000000000004,0.9221400000000001,9.65304
50388888385,21.78,0.021310470166850764,0.022375121010567305,0.0,0.30411,0.90252,9.59418
50393938890,21.78,-0.001064650843716541,0.04153883619746504,-0.006387905062299246,0.14715,0.8338500000000001,9.56475
50398989395,21.78,-0.00958185759344887,0.04581489286485115,0.0,0.0,0.74556,9.72171
50404039900,21.78,-0.00958185759344887,0.03089232776029963,-0.001064650843716541,-0.10791,0.6867000000000001,9.83943
50409090405,21.78,0.0,0.01064650843716541,-0.003193952531149623,-0.15696000000000002,0.75537,9.94734
50414140910,21.78,0.013840460968315033,-0.005323254218582705,-0.003193952531149623,-0.0981,0.8240400000000001,9.87867
50419191415,21.78,0.01918116847941768,-0.008517206749732328,-0.002129301687433082,-0.05886,0.87309,9.770760000000001
50424241920,21.78,0.00958185759344887,-0.007452555906015787,0.0,-0.04905,0.8829,9.67266
50429292425,21.78,-0.002129301687433082,-0.001064650843716541,0.001064650843716541,0.0,0.8142300000000001,9.65304
50434342930,21.78,-0.021310470166850764,-0.0170518667919846,-0.001064650843716541,0.009810000000000001,0.7848,9.7119
50439393435,21.78,-0.02556907354171693,-0.03728023282259888,0.0,0.019620000000000002,0.7749900000000001,9.888480000000001
50444443940,21.78,-0.012775810124598492,-0.05007349623971732,0.0,0.16677000000000003,0.7651800000000001,9.99639
50449494445,21.78,0.001064650843716541,-0.03728023282259888,0.001064650843716541,0.2943,0.6670800000000001,9.87867
50454544950,21.78,0.005323254218582705,-0.012775810124598492,-0.006387905062299246,0.31392000000000003,0.65727,9.69228
50459595455,21.78,0.011711159280881954,0.013840460968315033,0.0,0.25506,0.63765,9.47646
50464645960,21.78,0.008517206749732328,0.039409534510031964,0.0,0.17658,0.70632,9.40779
50469696465,21.78,0.011711159280881954,0.04153883619746504,-0.001064650843716541,0.10791,0.9319500000000001,9.48627
50474746970,21.78,0.0170518667919846,0.03621558197888234,0.001064650843716541,0.02943,1.06929,9.65304
50479797475,21.78,0.0170518667919846,0.023439771854283843,0.0,0.019620000000000002,1.0987200000000001,9.7119
50484847980,21.78,0.007452555906015787,0.01918116847941768,-0.002129301687433082,-0.02943,0.94176,9.68247
50489898485,21.78,-0.005323254218582705,0.023439771854283843,-0.004258603374866164,-0.11772,0.74556,9.496080000000001
50494948990,21.78,-0.020245819323134222,0.020245819323134222,0.0,-0.20601000000000003,0.64746,9.358740000000001
50499999495,21.78,-0.024504422698000388,0.006387905062299246,0.0,-0.22563,0.75537,9.38817
50505050000,21.78,-0.0170518667919846,-0.008517206749732328,0.001064650843716541,-0.17658,0.9319500000000001,9.56475
50510100505,21.78,-0.006387905062299246,-0.03408628029144926,0.002129301687433082,-0.05886,1.10853,9.760950000000001
50515151010,21.78,-0.008517206749732328,-0.046879543708567686,0.0,0.0981,1.04967,9.96696
50520201515,21.78,-0.02556907354171693,-0.04153883619746504,-0.002129301687433082,0.15696000000000002,0.71613,9.91791
50525252020,21.78,-0.04794419455228423,-0.03408628029144926,0.0,0.13734000000000002,0.49050000000000005,9.760950000000001
50530302525,21.78,-0.05326744877086694,-0.023439771854283843,0.001064650843716541,0.05886,0.32373,9.79038
50535353030,21.78,-0.03515093113516579,-0.01064650843716541,0.0,0.12753,0.41202000000000005,9.85905
50540403535,21.78,-0.006387905062299246,0.0,0.001064650843716541,0.13734000000000002,0.63765,9.97677
50545454040,21.78,0.023439771854283843,0.007452555906015787,0.0,0.20601000000000003,0.8829,10.09449
50550504545,21.78,0.03621558197888234,0.014905111812031574,-0.003193952531149623,0.20601000000000003,0.9810000000000001,10.01601
50555555050,21.78,0.022375121010567305,0.011711159280881954,-0.001064650843716541,0.20601000000000003,0.9319500000000001,9.819809999999999
50560605555,21.78,0.001064650843716541,0.005323254218582705,-0.003193952531149623,0.14715,0.8338500000000001,9.68247
50565656060,21.78,-0.013840460968315033,0.012775810124598492,-0.001064650843716541,0.07848000000000001,0.72594,9.60399
50570706565,21.78,-0.01811651763570114,0.020245819323134222,0.0,0.02943,0.6670800000000001,9.60399
50575757070,21.78,-0.001064650843716541,0.022375121010567305,0.0,-0.02943,0.7848,9.67266
50580807575,21.78,0.012775810124598492,0.01918116847941768,0.001064650843716541,-0.04905,0.90252,9.72171
50585858080,21.78,0.015987215948268057,0.003193952531149623,0.0,-0.019620000000000002,0.9908100000000001,9.65304
50590908585,21.78,0.007452555906015787,-0.004258603374866164,0.0,0.0,0.9810000000000001,9.58437
50595959090,21.78,-0.0170518667919846,0.002129301687433082,0.0,0.0,0.8338500000000001,9.50589
50601009595,21.78,-0.03621558197888234,0.00958185759344887,0.001064650843716541,-0.07848000000000001,0.70632,9.57456
50606060100,21.78,-0.03621558197888234,0.007452555906015787,0.0,-0.12753,0.59841,9.72171
50611110605,21.78,-0.024504422698000388,-0.003193952531149623,0.0,-0.15696000000000002,0.64746,9.82962
50616161110,21.78,-0.008517206749732328,-0.03089232776029963,-0.001064650843716541,-0.07848000000000001,0.75537,9.86886
50621211615,21.78,0.007452555906015787,-0.03728023282259888,0.0,0.02943,0.89271,9.79038
50626262120,21.78,0.007452555906015787,-0.02663372438543347,0.0,0.18639,0.9221400000000001,9.633420000000001
50631312625,21.78,-0.00958185759344887,-0.006387905062299246,0.0,0.26487,0.89271,9.496080000000001
50636363130,21.78,-0.02663372438543347,0.007452555906015787,-0.001064650843716541,0.1962,0.8240400000000001,9.52551
50641413635,21.78,-0.03515093113516579,0.011711159280881954,0.001064650843716541,0.13734000000000002,0.6867000000000001,9.64323
50646464140,21.78,-0.03621558197888234,0.01064650843716541,0.0,0.009810000000000001,0.6670800000000001,9.80019
50651514645,21.78,-0.024504422698000388,0.005323254218582705,0.0,0.0,0.6670800000000001,9.91791
50656565150,21.78,-0.01064650843716541,0.013840460968315033,0.001064650843716541,-0.009810000000000001,0.63765,9.91791
50661615655,21.78,-0.003193952531149623,0.004258603374866164,0.0,-0.05886,0.6670800000000001,9.85905
50666666160,21.78,-0.002129301687433082,0.001064650843716541,0.0,-0.05886,0.7749900000000001,9.79038
50671716665,21.78,-0.003193952531149623,-0.005323254218582705,0.001064650843716541,0.009810000000000001,0.85347,9.751140000000001
50676767170,21.78,-0.005323254218582705,-0.004258603374866164,-0.002129301687433082,0.039240000000000004,0.9123300000000001,9.78057
50681817675,21.78,-0.00958185759344887,0.001064650843716541,0.002129301687433082,0.02943,0.8829,9.82962
50686868180,21.78,-0.01064650843716541,0.006387905062299246,0.002129301687433082,0.009810000000000001,0.7848,9.83943
50691918685,21.78,-0.01918116847941768,0.001064650843716541,0.0,-0.009810000000000001,0.64746,9.819809999999999
50696969190,21.78,-0.024504422698000388,-0.006387905062299246,0.0,-0.039240000000000004,0.6180300000000001,9.74133
50702019695,21.78,-0.02663372438543347,-0.011711159280881954,0.003193952531149623,0.0,0.6278400000000001,9.69228
50707070200,21.78,-0.0170518667919846,-0.012775810124598492,0.0,0.02943,0.7651800000000001,9.751140000000001
50712120705,21.78,-0.004258603374866164,-0.00958185759344887,0.001064650843716541,0.08829,0.85347,9.819809999999999
50717171210,21.78,-0.002129301687433082,-0.005323254218582705,0.0,0.13734000000000002,0.85347,9.86886
50722221715,21.78,-0.004258603374866164,-0.00958185759344887,-0.002129301687433082,0.16677000000000003,0.8338500000000001,9.66285
50727272220,21.78,-0.012775810124598492,-0.004258603374866164,-0.001064650843716541,0.15696000000000002,0.73575,9.623610000000001
50732322725,21.78,-0.0170518667919846,0.011711159280881954,0.0,0.11772,0.71613,9.50589
50737373230,21.78,-0.0170518667919846,0.03089232776029963,0.002129301687433082,0.05886,0.72594,9.55494
50742423735,21.78,-0.011711159280881954,0.03408628029144926,0.0,-0.02943,0.70632,9.60399
50747474240,21.78,-0.00958185759344887,0.02663372438543347,-0.001064650843716541,-0.07848000000000001,0.86328,9.59418
50752524745,21.78,-0.01064650843716541,0.002129301687433082,-0.002129301687433082,-0.0981,0.9123300000000001,9.67266
50757575250,21.78,-0.00958185759344887,-0.007452555906015787,-0.001064650843716541,-0.05886,0.94176,9.70209
50762625755,21.78,-0.01811651763570114,-0.005323254218582705,0.003193952531149623,-0.02943,0.87309,9.66285
50767676260,21.78,-0.02982767691658309,-0.003193952531149623,0.0,-0.05886,0.75537,9.65304
50772726765,21.78,-0.03515093113516579,-0.001064650843716541,0.0,-0.08829,0.6278400000000001,9.66285
50777777270,21.78,-0.0404741853537485,-0.004258603374866164,0.001064650843716541,-0.07848000000000001,0.6278400000000001,9.633420000000001
50782827775,21.78,-0.033021629447732716,-0.021310470166850764,0.0,-0.04905,0.71613,9.72171
50787878280,21.78,-0.02769837522915001,-0.02769837522915001,0.001064650843716541,0.06867000000000001,0.85347,9.819809999999999
50792928785,21.78,-0.022375121010567305,-0.02982767691658309,0.0,0.14715,0.86328,9.908100000000001
50797979290,21.78,-0.022375121010567305,-0.02663372438543347,-0.002129301687433082,0.21582,0.79461,9.91791
50803029795,21.78,-0.024504422698000388,-0.013840460968315033,-0.001064650843716541,0.24525000000000002,0.6867000000000001,9.819809999999999
50808080300,21.78,-0.031956978604016174,0.0,0.001064650843716541,0.1962,0.5493600000000001,9.72171
50813130805,21.78,-0.03515093113516579,0.015987215948268057,-0.002129301687433082,0.10791,0.52974,9.73152
50818181310,21.78,-0.023439771854283843,0.033021629447732716,0.0,0.039240000000000004,0.51993,9.81
50823231815,21.78,-0.00958185759344887,0.03834488366631542,-0.001064650843716541,0.04905,0.70632,9.80019
50828282320,21.78,0.006387905062299246,0.02982767691658309,-0.002129301687433082,-0.039240000000000004,0.9319500000000001,9.82962
50833332825,21.78,0.013840460968315033,0.0170518667919846,-0.001064650843716541,-0.05886,1.01043,9.83943
50838383330,21.78,0.0,0.005323254218582705,-0.002129301687433082,-0.019620000000000002,0.95157,9.70209
50843433835,21.78,-0.02663372438543347,0.005323254218582705,-0.001064650843716541,-0.06867000000000001,0.79461,9.633420000000001
50848484340,21.78,-0.04260348704118158,0.005323254218582705,0.001064650843716541,-0.16677000000000003,0.60822,9.57456
50853534845,21.78,-0.049008845396000776,0.007452555906015787,0.0,-0.17658,0.51012,9.59418
50858585350,21.78,-0.03834488366631542,-0.005323254218582705,0.0,-0.20601000000000003,0.6670800000000001,9.70209
50863635855,21.78,-0.01064650843716541,-0.022375121010567305,0.005323254218582705,-0.0981,0.8829,9.770760000000001
50868686360,21.78,-0.00958185759344887,-0.03621558197888234,0.0,0.04905,0.9908100000000001,9.81
50873736865,21.78,-0.021310470166850764,-0.03834488366631542,-0.001064650843716541,0.17658,0.95157,9.74133
50878787370,21.78,-0.03621558197888234,-0.02663372438543347,0.0,0.22563,0.6768900000000001,9.56475
50883837875,21.78,-0.05539675045830002,-0.008517206749732328,-0.001064650843716541,0.13734000000000002,0.51993,9.45684
50888888380,21.78,-0.05752605214573309,0.005323254218582705,0.002129301687433082,0.11772,0.51012,9.60399
50893938885,21.78,-0.04366813788489812,0.015987215948268057,0.0,0.04905,0.5886,9.80019
50898989390,21.78,-0.021310470166850764,0.01064650843716541,0.001064650843716541,0.02943,0.70632,9.95715
50904039895,21.78,-0.005323254218582705,0.00958185759344887,0.0,0.05886,0.72594,9.98658
50909090400,21.78,-0.005323254218582705,0.008517206749732328,-0.001064650843716541,0.04905,0.7651800000000001,9.83943
50914140905,21.78,-0.01918116847941768,0.00958185759344887,0.001064650843716541,-0.039240000000000004,0.71613,9.69228
50919191410,21.78,-0.02769837522915001,0.01064650843716541,0.002129301687433082,-0.04905,0.69651,9.7119
50924241915,21.78,-0.03089232776029963,0.0170518667919846,0.003193952531149623,-0.05886,0.6867000000000001,9.760950000000001
50929292420,21.78,-0.033021629447732716,0.012775810124598492,0.001064650843716541,-0.0981,0.69651,9.819809999999999
50934342925,21.78,-0.024504422698000388,0.003193952531149623,-0.001064650843716541,-0.12753,0.70632,9.87867
50939393430,21.78,-0.015987215948268057,-0.003193952531149623,0.0,-0.12753,0.74556,9.819809999999999
50944443935,21.78,-0.013840460968315033,-0.012775810124598492,0.0,-0.0981,0.7651800000000001,9.72171
50949494440,21.78,-0.021310470166850764,-0.020245819323134222,0.001064650843716541,-0.009810000000000001,0.8142300000000001,9.68247
50954544945,21.78,-0.03408628029144926,-0.01918116847941768,-0.002129301687433082,0.07848000000000001,0.71613,9.633420000000001
50959595450,21.78,-0.04366813788489812,-0.012775810124598492,0.0,0.05886,0.6768900000000001,9.67266
50964645955,21.78,-0.0404741853537485,-0.007452555906015787,0.001064650843716541,0.039240000000000004,0.63765,9.70209
50969696460,21.78,-0.028763026072866547,-0.001064650843716541,0.002129301687433082,0.06867000000000001,0.64746,9.74133
50974746965,21.78,-0.023439771854283843,0.001064650843716541,-0.001064650843716541,0.04905,0.6180300000000001,9.770760000000001
50979797470,21.78,-0.020245819323134222,0.002129301687433082,0.0,0.019620000000000002,0.6670800000000001,9.69228
50984847975,21.78,-0.021310470166850764,0.005323254218582705,0.002129301687433082,0.06867000000000001,0.6867000000000001,9.59418
50989898480,21.78,-0.023439771854283843,0.012775810124598492,0.001064650843716541,0.0,0.7651800000000001,9.52551
50994948985,21.78,-0.02556907354171693,0.022375121010567305,0.001064650843716541,-0.04905,0.84366,9.60399
50999999490,21.78,-0.02663372438543347,0.011711159280881954,0.0,-0.02943,0.85347,9.70209
51005049995,21.78,-0.03515093113516579,-0.00958185759344887,0.001064650843716541,-0.02943,0.7848,9.74133
51010100500,21.78,-0.04260348704118158,-0.0170518667919846,-0.001064650843716541,-0.009810000000000001,0.6278400000000001,9.72171
51015151005,21.78,-0.046879543708567686,-0.002129301687433082,0.001064650843716541,-0.02943,0.57879,9.66285
51020201510,21.78,-0.049008845396000776,0.012775810124598492,-0.001064650843716541,-0.0981,0.51993,9.65304
51025252015,21.78,-0.03834488366631542,0.00958185759344887,0.0,-0.07848000000000001,0.6180300000000001,9.760950000000001
51030302520,21.78,-0.031956978604016174,-0.00958185759344887,0.002129301687433082,-0.07848000000000001,0.72594,9.83943
51035353025,21.78,-0.02982767691658309,-0.02982767691658309,0.001064650843716541,0.009810000000000001,0.8142300000000001,9.82962
51040403530,21.78,-0.03089232776029963,-0.022375121010567305,0.0,0.08829,0.8142300000000001,9.84924
51045454035,21.78,-0.03621558197888234,0.004258603374866164,0.0,0.10791,0.63765,9.819809999999999
51050504540,21.78,-0.04794419455228423,0.0170518667919846,0.001064650843716541,0.009810000000000001,0.49050000000000005,9.81
51055555045,21.78,-0.05220279792715039,0.00958185759344887,0.0,-0.07848000000000001,0.43164,9.86886
51060605550,21.78,-0.044732788728614664,-0.002129301687433082,0.001064650843716541,-0.07848000000000001,0.51012,9.87867
51065656055,21.78,-0.02663372438543347,-0.011711159280881954,0.003193952531149623,-0.04905,0.6180300000000001,9.96696
51070706560,21.78,-0.0170518667919846,-0.01064650843716541,-0.002129301687433082,0.039240000000000004,0.7749900000000001,9.97677
51075757065,21.78,-0.006387905062299246,-0.004258603374866164,0.002129301687433082,0.07848000000000001,0.8240400000000001,9.84924
51080807570,21.78,-0.0170518667919846,0.001064650843716541,-0.001064650843716541,0.07848000000000001,0.80442,9.74133
51085858075,21.78,-0.03408628029144926,0.004258603374866164,0.0,0.05886,0.6278400000000001,9.69228
51090908580,21.78,-0.05220279792715039,0.007452555906015787,0.003193952531149623,0.0,0.48069000000000006,9.60399
51095959085,21.78,-0.05113814708343386,0.008517206749732328,0.0,-0.04905,0.50031,9.633420000000001
51101009590,21.78,-0.028763026072866547,0.013840460968315033,0.0,-0.10791,0.6670800000000001,9.73152
51106060095,21.78,-0.012775810124598492,0.014905111812031574,0.003193952531149623,-0.0981,0.7848,9.80019
51111110600,21.78,-0.008517206749732328,0.0,0.0,-0.05886,0.84366,9.7119
51116161105,21.78,-0.01918116847941768,-0.007452555906015787,0.0,0.0,0.8142300000000001,9.60399
51121211610,21.78,-0.039409534510031964,-0.00958185759344887,0.0,0.0,0.74556,9.46665
51126262115,21.78,-0.054332099614583476,-0.002129301687433082,0.0,0.0,0.63765,9.43722
51131312620,21.78,-0.06178465552059926,0.005323254218582705,0.0,0.0,0.56898,9.59418
51136363125,21.78,-0.05326744877086694,0.008517206749732328,0.001064650843716541,-0.04905,0.5493600000000001,9.7119
51141413630,21.78,-0.0404741853537485,-0.001064650843716541,0.0,-0.0981,0.6278400000000001,9.751140000000001
51146464135,21.78,-0.03408628029144926,-0.002129301687433082,-0.001064650843716541,-0.05886,0.69651,9.760950000000001
51151514640,21.78,-0.031956978604016174,-0.006387905062299246,0.0,-0.009810000000000001,0.6867000000000001,9.760950000000001
51156565145,21.78,-0.04581489286485115,-0.011711159280881954,-0.001064650843716541,0.0,0.6670800000000001,9.7119
51161615650,21.78,-0.046879543708567686,-0.01064650843716541,0.0,0.0,0.64746,9.69228
51166666155,21.78,-0.05646140130201656,0.0,0.0,0.0,0.57879,9.760950000000001
51171716660,21.78,-0.06178465552059926,0.0,0.0,-0.04905,0.51012,9.888480000000001
51176767165,21.78,-0.05326744877086694,0.003193952531149623,0.0,-0.11772,0.47088,10.006200000000002
51181817670,21.78,-0.0404741853537485,-0.004258603374866164,0.0,-0.07848000000000001,0.48069000000000006,10.01601
51186868175,21.78,-0.02769837522915001,-0.01918116847941768,0.001064650843716541,-0.02943,0.57879,9.96696
51191918680,21.78,-0.02982767691658309,-0.02663372438543347,0.001064650843716541,0.039240000000000004,0.6180300000000001,9.92772
51196969185,21.78,-0.033021629447732716,-0.01811651763570114,0.001064650843716541,0.16677000000000003,0.65727,9.81
51202019690,21.78,-0.02982767691658309,0.001064650843716541,0.001064650843716541,0.16677000000000003,0.6278400000000001,9.751140000000001
51207070195,21.78,-0.03728023282259888,0.024504422698000388,0.0,0.08829,0.5591700000000001,9.80019
51212120700,21.78,-0.03728023282259888,0.02982767691658309,0.002129301687433082,-0.04905,0.49050000000000005,9.81
51217171205,21.78,-0.033021629447732716,0.020245819323134222,0.0,-0.12753,0.51012,9.83943
51222221710,21.78,-0.024504422698000388,0.01811651763570114,0.001064650843716541,-0.13734000000000002,0.60822,9.74133
51227272215,21.78,-0.02769837522915001,0.013840460968315033,0.001064650843716541,-0.14715,0.6867000000000001,9.65304
51232322720,21.78,-0.028763026072866547,0.002129301687433082,-0.005323254218582705,-0.12753,0.80442,9.66285
51237373225,21.78,-0.023439771854283843,-0.005323254218582705,0.0,-0.07848000000000001,0.8240400000000001,9.64323
51242423730,21.78,-0.031956978604016174,-0.004258603374866164,0.001064650843716541,-0.05886,0.7749900000000001,9.57456
51247474235,21.78,-0.054332099614583476,-0.007452555906015787,-0.001064650843716541,-0.0981,0.6278400000000001,9.48627
51252524740,21.78,-0.060720004676882725,-0.00958185759344887,0.002129301687433082,-0.11772,0.5493600000000001,9.56475
51257575245,21.78,-0.06391395720803235,-0.006387905062299246,0.001064650843716541,-0.05886,0.51012,9.54513
51262625750,21.78,-0.05646140130201656,-0.003193952531149623,0.0,-0.05886,0.57879,9.67266
51267676255,21.78,-0.04366813788489812,-0.008517206749732328,0.0,-0.019620000000000002,0.6867000000000001,9.74133
51272726760,21.78,-0.04260348704118158,-0.012775810124598492,0.0,0.019620000000000002,0.65727,9.80019
51277777265,21.78,-0.049008845396000776,-0.006387905062299246,-0.001064650843716541,0.019620000000000002,0.5395500000000001,9.80019
51282827770,21.78,-0.05859070298944965,0.008517206749732328,-0.002129301687433082,0.0,0.42183,9.74133
51287878275,21.78,-0.06284930636431581,0.015987215948268057,0.0,-0.10791,0.40221,9.770760000000001
51292928780,21.78,-0.05326744877086694,0.002129301687433082,0.0,-0.15696000000000002,0.49050000000000005,9.91791
51297979285,21.78,-0.04366813788489812,-0.011711159280881954,0.0,-0.08829,0.5886,10.025820000000001
51303029790,21.78,-0.03408628029144926,-0.02556907354171693,0.001064650843716541,0.0,0.6768900000000001,10.01601
51308080295,21.78,-0.03728023282259888,-0.03089232776029963,0.001064650843716541,0.0981,0.6278400000000001,9.937529999999999
51313130800,21.78,-0.04260348704118158,-0.013840460968315033,0.0,0.14715,0.49050000000000005,9.82962
51318181305,21.78,-0.05220279792715039,0.005323254218582705,0.0,0.07848000000000001,0.40221,9.69228
51323231810,21.78,-0.05113814708343386,0.023439771854283843,0.002129301687433082,0.0,0.3924,9.751140000000001
51328282315,21.78,-0.05007349623971732,0.02663372438543347,0.001064650843716541,-0.07848000000000001,0.40221,9.86886
51333332820,21.78,-0.03408628029144926,0.014905111812031574,0.003193952531149623,-0.13734000000000002,0.51012,9.92772
51338383325,21.78,-0.020245819323134222,0.0,0.001064650843716541,-0.11772,0.6768900000000001,9.937529999999999
51343433830,21.78,-0.015987215948268057,-0.00958185759344887,0.001064650843716541,-0.07848000000000001,0.74556,9.78057
51348484335,21.78,-0.02663372438543347,-0.014905111812031574,0.0,0.02943,0.7749900000000001,9.65304
51353534840,21.78,-0.04260348704118158,-0.011711159280881954,-0.001064650843716541,0.08829,0.65727,9.55494
51358585345,21.78,-0.05859070298944965,0.011711159280881954,0.0,0.04905,0.49050000000000005,9.5157
51363635850,21.78,-0.06391395720803235,0.031956978604016174,0.001064650843716541,-0.07848000000000001,0.37278,9.48627
51368686355,21.78,-0.05752605214573309,0.03621558197888234,0.001064650843716541,-0.1962,0.43164,9.68247
51373736860,21.78,-0.04153883619746504,0.015987215948268057,0.0,-0.25506,0.5493600000000001,9.79038
51378787365,21.78,-0.03728023282259888,-0.011711159280881954,0.0,-0.23544,0.6768900000000001,9.78057
51383837870,21.78,-0.031956978604016174,-0.0404741853537485,0.0,-0.0981,0.7651800000000001,9.81
51388888375,21.78,-0.046879543708567686,-0.04581489286485115,0.0,0.039240000000000004,0.6768900000000001,9.80019
51393938880,21.78,-0.06604325889546543,-0.03089232776029963,0.0,0.0981,0.52974,9.66285
51398989385,21.78,-0.07030186227033158,-0.007452555906015787,0.0,0.06867000000000001,0.37278,9.67266
51404039890,21.78,-0.06497860805174888,0.014905111812031574,0.0,0.0,0.25506,9.72171
51409090395,21.78,-0.06817256058289851,0.031956978604016174,0.0,-0.12753,0.20601000000000003,9.819809999999999
51414140900,21.78,-0.049008845396000776,0.03728023282259888,0.001064650843716541,-0.18639,0.32373,9.937529999999999
51419191405,21.78,-0.022375121010567305,0.0404741853537485,0.0,-0.26487,0.47088,9.937529999999999
51424241910,21.78,-0.020245819323134222,0.012775810124598492,0.001064650843716541,-0.31392000000000003,0.6768900000000001,9.91791
51429292415,21.78,-0.01918116847941768,-0.028763026072866547,0.0,-0.1962,0.85347,9.85905
51434342920,21.78,-0.031956978604016174,-0.05326744877086694,0.0,0.0,0.7651800000000001,9.86886
51439393425,21.78,-0.05965535383316618,-0.054332099614583476,-0.002129301687433082,0.12753,0.6278400000000001,9.68247
51444443930,21.78,-0.08628907821859966,-0.0404741853537485,-0.001064650843716541,0.17658,0.3924,9.59418
51449494435,21.78,-0.07670722062515077,-0.003193952531149623,0.002129301687433082,0.14715,0.17658,9.58437
51454544940,21.78,-0.06817256058289851,0.02982767691658309,0.002129301687433082,0.039240000000000004,0.14715,9.67266
51459595445,21.78,-0.04794419455228423,0.044732788728614664,0.0,-0.04905,0.26487,9.78057
51464645950,21.78,-0.022375121010567305,0.05113814708343386,0.0,-0.15696000000000002,0.41202000000000005,9.908100000000001
51469696455,21.78,-0.012775810124598492,0.04794419455228423,-0.002129301687433082,-0.21582,0.52974,9.86886
51474746960,21.78,-0.014905111812031574,0.02769837522915001,-0.002129301687433082,-0.2943,0.74556,9.82962
51479797465,21.78,-0.021310470166850764,0.005323254218582705,0.002129301687433082,-0.26487,0.7749900000000001,9.819809999999999
51484847970,21.78,-0.039409534510031964,-0.024504422698000388,0.0,-0.24525000000000002,0.71613,9.751140000000001
51489898475,21.78,-0.05859070298944965,-0.04153883619746504,0.002129301687433082,-0.06867000000000001,0.6180300000000001,9.633420000000001
51494948980,21.78,-0.0756251164889143,-0.044732788728614664,0.001064650843716541,-0.02943,0.45126,9.7119
51499999485,21.78,-0.08096582400001695,-0.054332099614583476,0.001064650843716541,0.019620000000000002,0.36297,9.65304
51505049990,21.78,-0.07990117315630041,-0.05539675045830002,0.002129301687433082,0.13734000000000002,0.41202000000000005,9.73152
51510100495,21.78,-0.07030186227033158,-0.04153883619746504,0.001064650843716541,0.27468000000000004,0.32373,9.888480000000001
51515151000,21.78,-0.05965535383316618,-0.013840460968315033,0.0,0.27468000000000004,0.21582,9.84924
51520201505,21.78,-0.04581489286485115,0.020245819323134222,-0.002129301687433082,0.18639,0.24525000000000002,9.74133
51525252010,21.78,-0.039409534510031964,0.06391395720803235,0.001064650843716541,0.04905,0.21582,9.888480000000001
51530302515,21.78,-0.023439771854283843,0.07883652231258387,0.001064650843716541,-0.15696000000000002,0.2943,9.83943
51535353020,21.78,-0.0170518667919846,0.0852244273748831,-0.004258603374866164,-0.30411,0.50031,9.770760000000001
51540403525,21.78,-0.008517206749732328,0.0756251164889143,0.0,-0.40221,0.6867000000000001,9.74133
51545454030,21.78,-0.00958185759344887,0.04366813788489812,0.002129301687433082,-0.47088,0.85347,9.751140000000001
51550504535,21.78,-0.02982767691658309,0.002129301687433082,0.0,-0.47088,0.85347,9.68247
51555555040,21.78,-0.054332099614583476,-0.028763026072866547,0.0,-0.43164,0.70632,9.74133
51560605545,21.78,-0.08841837990603273,-0.06604325889546543,0.002129301687433082,-0.30411,0.51012,9.72171
51565656050,21.78,-0.10119419003063122,-0.09906488834319814,0.004258603374866164,-0.0981,0.40221,9.80019
51570706555,21.78,-0.10119419003063122,-0.10332349171806432,0.003193952531149623,0.04905,0.22563,9.888480000000001
51575757060,21.78,-0.09374163412461543,-0.09374163412461543,0.0,0.33354000000000006,0.21582,9.92772
51580807565,21.78,-0.07349581480148122,-0.06604325889546543,0.0,0.49050000000000005,0.1962,9.81
51585858070,21.78,-0.05752605214573309,-0.031956978604016174,0.002129301687433082,0.51993,0.17658,9.84924
51590908575,21.78,-0.04581489286485115,0.001064650843716541,0.0,0.5493600000000001,0.20601000000000003,9.67266
51595959080,21.78,-0.02982767691658309,0.03621558197888234,0.0,0.49050000000000005,0.26487,9.73152
51601009585,21.78,-0.023439771854283843,0.08203047484373349,0.0,0.30411,0.28449,9.760950000000001
51606060090,21.78,-0.013840460968315033,0.10332349171806432,0.002129301687433082,0.019620000000000002,0.44145,9.78057
51611110595,21.78,-0.003193952531149623,0.11079350091660004,-0.001064650843716541,-0.21582,0.51012,9.82962
51616161100,21.78,-0.00958185759344887,0.09800023749948161,0.0,-0.41202000000000005,0.60822,9.79038
51621211605,21.78,-0.020245819323134222,0.07030186227033158,-0.001064650843716541,-0.5395500000000001,0.6768900000000001,9.69228
51626262110,21.78,-0.03089232776029963,0.03834488366631542,-0.001064650843716541,-0.60822,0.6867000000000001,9.66285
51631312615,21.78,-0.049008845396000776,0.006387905062299246,0.0,-0.60822,0.65727,9.64323
51636363120,21.78,-0.07030186227033158,-0.02556907354171693,0.002129301687433082,-0.5591700000000001,0.5591700000000001,9.67266
51641413625,21.78,-0.08948303074974927,-0.05965535383316618,0.0,-0.50031,0.41202000000000005,9.79038
51646464130,21.78,-0.09054768159346581,-0.09161233243718235,0.001064650843716541,-0.37278,0.28449,9.87867
51651514635,21.78,-0.08948303074974927,-0.09906488834319814,0.003193952531149623,-0.12753,0.23544,9.99639
51656565140,21.78,-0.0756251164889143,-0.10012953918691468,0.0,0.0981,0.25506,9.94734
51661615645,21.78,-0.07030186227033158,-0.09054768159346581,0.0,0.31392000000000003,0.2943,9.908100000000001
51666666150,21.78,-0.05965535383316618,-0.05965535383316618,0.0,0.50031,0.25506,9.819809999999999
51671716655,21.78,-0.05646140130201656,-0.023439771854283843,0.0,0.60822,0.20601000000000003,9.7119
51676767160,21.78,-0.049008845396000776,0.01811651763570114,0.001064650843716541,0.51993,0.21582,9.70209
51681817665,21.78,-0.04153883619746504,0.05646140130201656,0.001064650843716541,0.32373,0.16677000000000003,9.79038
51686868170,21.78,-0.02982767691658309,0.0756251164889143,0.0,0.10791,0.25506,9.92772
51691918675,21.78,-0.01811651763570114,0.07456046564519776,-0.002129301687433082,-0.009810000000000001,0.36297,9.91791
51696969180,21.78,-0.013840460968315033,0.06497860805174888,-0.003193952531149623,-0.15696000000000002,0.45126,9.819809999999999
51702019685,21.78,-0.014905111812031574,0.04581489286485115,-0.001064650843716541,-0.24525000000000002,0.5886,9.67266
51707070190,21.78,-0.021310470166850764,0.033021629447732716,-0.001064650843716541,-0.25506,0.69651,9.6138
51712120695,21.78,-0.04260348704118158,0.01811651763570114,-0.001064650843716541,-0.30411,0.69651,9.60399
51717171200,21.78,-0.054332099614583476,-0.006387905062299246,0.0,-0.30411,0.60822,9.57456
51722221705,21.78,-0.07990117315630041,-0.01811651763570114,0.0,-0.24525000000000002,0.41202000000000005,9.64323
51727272210,21.78,-0.09267698328089889,-0.031956978604016174,0.001064650843716541,-0.23544,0.22563,9.64323
51732322715,21.78,-0.09267698328089889,-0.044732788728614664,0.001064650843716541,-0.1962,0.15696000000000002,9.78057
51737373220,21.78,-0.07456046564519776,-0.04794419455228423,0.0,-0.0981,0.22563,9.87867
51742423725,21.78,-0.06284930636431581,-0.05646140130201656,0.0,0.04905,0.32373,9.87867
51747474230,21.78,-0.05113814708343386,-0.05859070298944965,0.0,0.24525000000000002,0.38259000000000004,9.91791
51752524735,21.78,-0.05113814708343386,-0.046879543708567686,0.0,0.3924,0.35316,9.79038
51757575240,21.78,-0.05965535383316618,-0.014905111812031574,0.0,0.41202000000000005,0.25506,9.623610000000001
51762625745,21.78,-0.06604325889546543,0.023439771854283843,0.0,0.33354000000000006,0.18639,9.65304
51767676250,21.78,-0.05539675045830002,0.05326744877086694,0.0,0.15696000000000002,0.16677000000000003,9.751140000000001
51772726755,21.78,-0.04581489286485115,0.06604325889546543,0.0,0.009810000000000001,0.17658,9.86886
51777777260,21.78,-0.03515093113516579,0.06497860805174888,0.0,-0.13734000000000002,0.30411,9.92772
51782827765,21.78,-0.021310470166850764,0.05752605214573309,0.0,-0.24525000000000002,0.40221,9.79038
51787878270,21.78,-0.01811651763570114,0.060720004676882725,0.0,-0.32373,0.47088,9.74133
51792928775,21.78,-0.02769837522915001,0.05539675045830002,0.0,-0.44145,0.51012,9.65304
51797979280,21.78,-0.04260348704118158,0.044732788728614664,0.0,-0.51012,0.52974,9.623610000000001
51803029785,21.78,-0.05965535383316618,0.02982767691658309,0.0,-0.56898,0.41202000000000005,9.70209
51808080290,21.78,-0.07777187146886733,0.006387905062299246,0.0,-0.60822,0.30411,9.760950000000001
51813130795,21.78,-0.08096582400001695,-0.021310470166850764,0.0,-0.60822,0.24525000000000002,9.908100000000001
51818181300,21.78,-0.07349581480148122,-0.05113814708343386,0.0,-0.52974,0.23544,10.01601
51823231805,21.78,-0.07030186227033158,-0.08628907821859966,0.0,-0.34335000000000004,0.31392000000000003,10.03563
51828282310,21.78,-0.06391395720803235,-0.11611675513518273,0.0,-0.06867000000000001,0.3924,9.97677
51833332815,21.78,-0.07243116395776468,-0.12037535851004891,0.0,0.22563,0.33354000000000006,9.99639
51838383320,21.78,-0.07883652231258387,-0.10012953918691468,0.0,0.46107000000000004,0.20601000000000003,9.819809999999999
51843433825,21.78,-0.0852244273748831,-0.06284930636431581,0.0,0.60822,0.11772,9.73152
51848484330,21.78,-0.08096582400001695,-0.02982767691658309,0.0,0.6180300000000001,0.0981,9.80019
51853534835,21.78,-0.06604325889546543,-0.003193952531149623,0.0,0.6180300000000001,-0.009810000000000001,9.83943
51858585340,21.78,-0.04794419455228423,0.03408628029144926,0.0,0.51012,-0.019620000000000002,9.83943
51863635845,21.78,-0.02663372438543347,0.06817256058289851,0.0,0.36297,0.05886,9.74133
51868686350,21.78,-0.007452555906015787,0.08628907821859966,0.0,0.21582,0.23544,9.74133
51873736855,21.78,0.003193952531149623,0.08841837990603273,0.0,0.02943,0.42183,9.770760000000001
51878787360,21.78,-0.005323254218582705,0.08415977653116657,0.0,-0.11772,0.56898,9.73152
51883837865,21.78,-0.014905111812031574,0.06817256058289851,0.0,-0.25506,0.57879,9.623610000000001
51888888370,21.78,-0.033021629447732716,0.05007349623971732,0.0,-0.37278,0.5493600000000001,9.6138
51893938875,21.78,-0.05220279792715039,0.03834488366631542,0.0,-0.45126,0.41202000000000005,9.6138
51898989380,21.78,-0.07030186227033158,0.020245819323134222,0.0,-0.51993,0.30411,9.6138
51904039885,21.78,-0.08096582400001695,-0.01918116847941768,0.0,-0.50031,0.25506,9.623610000000001
51909090390,21.78,-0.07990117315630041,-0.05007349623971732,0.0,-0.42183,0.24525000000000002,9.73152
51914140895,21.78,-0.07349581480148122,-0.06284930636431581,0.0,-0.28449,0.24525000000000002,9.760950000000001
51919191400,21.78,-0.07349581480148122,-0.05859070298944965,0.0,-0.15696000000000002,0.24525000000000002,9.78057
51924241905,21.78,-0.07243116395776468,-0.046879543708567686,0.0,-0.019620000000000002,0.20601000000000003,9.83943
51929292410,21.78,-0.07136651311404815,-0.03515093113516579,0.0,0.02943,0.12753,9.81
51934342915,21.78,-0.06923721142661506,-0.01064650843716541,0.0,0.02943,0.07848000000000001,9.81
51939393420,21.78,-0.060720004676882725,0.011711159280881954,0.0,0.0,0.0981,9.81
51944443925,21.78,-0.05113814708343386,0.024504422698000388,0.0,-0.02943,0.15696000000000002,9.85905
51949494430,21.78,-0.044732788728614664,0.028763026072866547,0.0,-0.06867000000000001,0.23544,9.92772
51954544935,21.78,-0.04153883619746504,0.008517206749732328,0.0,-0.13734000000000002,0.2943,9.937529999999999
51959595440,21.78,-0.046879543708567686,-0.012775810124598492,0.0,-0.11772,0.32373,9.96696
51964645945,21.78,-0.05326744877086694,-0.03408628029144926,0.0,-0.009810000000000001,0.35316,9.94734
51969696450,21.78,-0.06497860805174888,-0.04366813788489812,0.0,0.06867000000000001,0.2943,9.95715
51974746955,21.78,-0.07136651311404815,-0.060720004676882725,0.0,0.16677000000000003,0.22563,9.98658
51979797460,21.78,-0.0756251164889143,-0.07136651311404815,0.0,0.36297,0.11772,9.92772
51984847965,21.78,-0.07349581480148122,-0.05539675045830002,0.0,0.49050000000000005,0.06867000000000001,9.80019
51989898470,21.78,-0.06817256058289851,-0.014905111812031574,0.0,0.51993,-0.009810000000000001,9.751140000000001
51994948975,21.78,-0.05113814708343386,0.0404741853537485,0.0,0.42183,0.019620000000000002,9.68247
51999999480,21.78,-0.03621558197888234,0.09267698328089889,0.0,0.23544,0.02943,9.770760000000001
52005049985,21.78,-0.02769837522915001,0.12676326357234816,0.0,-0.009810000000000001,0.07848000000000001,9.819809999999999
52010100490,21.78,-0.020245819323134222,0.13208651779093086,0.0,-0.2943,0.14715,9.751140000000001
52015150995,21.78,-0.00958185759344887,0.12144000935376545,0.0,-0.57879,0.22563,9.66285
52020201500,21.78,-0.004258603374866164,0.09267698328089889,0.0,-0.73575,0.32373,9.623610000000001
52025252005,21.78,-0.001064650843716541,0.044732788728614664,0.0,-0.85347,0.69651,9.59418
52030302510,21.78,-0.020245819323134222,-0.02663372438543347,0.0,-0.74556,0.6768900000000001,9.81
52035353015,21.78,-0.05965535383316618,-0.08841837990603273,0.0,-0.56898,0.64746,9.72171
52040403520,21.78,-0.10438814256178083,-0.13955652698946658,0.0,-0.27468000000000004,0.51012,9.57456
52045454025,21.78,-0.11505210429146619,-0.17151350559348277,0.0,0.02943,0.33354000000000006,9.69228
52050504530,21.78,-0.13849187614575004,-0.16084954386379738,0.0,0.3924,0.17658,9.81
52055555035,21.78,-0.1374272253020335,-0.1171814059788993,0.0,0.6867000000000001,-0.15696000000000002,9.97677
52060605540,21.78,-0.12463396188491506,-0.054332099614583476,0.0,0.69651,-0.23544,9.87867
52065656045,21.78,-0.10438814256178083,0.005323254218582705,0.0,0.6867000000000001,-0.28449,9.937529999999999
52070706550,21.78,-0.08096582400001695,0.08096582400001695,0.0,0.5395500000000001,-0.24525000000000002,9.94734
52075757055,21.78,-0.060720004676882725,0.12676326357234816,0.0,0.2943,-0.24525000000000002,9.86886
52080807560,21.78,-0.02982767691658309,0.13634512116579703,0.0,0.009810000000000001,-0.15696000000000002,9.79038
52085858065,21.78,0.0,0.12463396188491506,0.0,-0.25506,-0.009810000000000001,9.79038
52090908570,21.78,0.01811651763570114,0.08415977653116657,0.0,-0.43164,0.06867000000000001,9.81
52095959075,21.78,0.03089232776029963,0.0404741853537485,0.0,-0.56898,0.1962,9.87867
52101009580,21.78,0.02769837522915001,-0.005323254218582705,0.0,-0.56898,0.69651,9.908100000000001
52106060085,21.78,0.020245819323134222,-0.05007349623971732,0.0,-0.36297,0.72594,10.01601
52111110590,21.78,-0.04153883619746504,-0.05539675045830002,0.0,-0.20601000000000003,0.6670800000000001,9.94734
52116161095,21.78,-0.08203047484373349,-0.05220279792715039,0.0,-0.08829,0.38259000000000004,9.44703
52121211600,21.78,-0.09161233243718235,-0.044732788728614664,0.0,-0.08829,0.17658,9.58437
52126262105,21.78,-0.11292280260403312,-0.03089232776029963,0.0,-0.019620000000000002,0.02943,9.7119
52131312610,21.78,-0.10012953918691468,-0.039409534510031964,0.0,-0.019620000000000002,0.009810000000000001,9.96696
52136363115,21.78,-0.09906488834319814,-0.049008845396000776,0.0,0.08829,-0.12753,10.045440000000001
52141413620,21.78,-0.07990117315630041,-0.04366813788489812,0.0,0.17658,-0.06867000000000001,9.89829
52146464125,21.78,-0.07349581480148122,-0.03621558197888234,0.0,0.27468000000000004,-0.05886,9.72171
52151514630,21.78,-0.03834488366631542,-0.02556907354171693,0.0,0.32373,-0.07848000000000001,9.623610000000001
52156565135,21.78,-0.03515093113516579,0.002129301687433082,0.0,0.35316,0.0,9.64323
52161615640,21.78,-0.0170518667919846,0.03408628029144926,0.0,0.31392000000000003,0.039240000000000004,9.70209
52166666145,21.78,-0.01918116847941768,0.06391395720803235,0.0,0.14715,0.11772,9.751140000000001
52171716650,21.78,-0.0170518667919846,0.08415977653116657,0.0,-0.02943,0.21582,9.760950000000001
52176767155,21.78,-0.02982767691658309,0.08309512568745003,0.0,-0.20601000000000003,0.23544,9.79038
52181817660,21.78,-0.03408628029144926,0.054332099614583476,0.0,-0.34335000000000004,0.33354000000000006,9.80019
52186868165,21.78,-0.04581489286485115,0.015987215948268057,0.0,-0.34335000000000004,0.38259000000000004,9.81
52191918670,21.78,-0.049008845396000776,-0.024504422698000388,0.0,-0.30411,0.33354000000000006,9.84924
52196969175,21.78,-0.07243116395776468,-0.05007349623971732,0.0,-0.22563,0.27468000000000004,9.83943
52202019680,21.78,-0.08628907821859966,-0.05326744877086694,0.0,-0.10791,0.019620000000000002,9.83943
52207070185,21.78,-0.09267698328089889,-0.033021629447732716,0.0,-0.039240000000000004,0.039240000000000004,9.819809999999999
52212120690,21.78,-0.09054768159346581,-0.022375121010567305,0.0,-0.019620000000000002,-0.07848000000000001,9.86886
52217171195,21.78,-0.09161233243718235,-0.004258603374866164,0.0,0.0,-0.02943,9.908100000000001
52222221700,21.78,-0.07883652231258387,-0.01064650843716541,0.0,0.02943,-0.10791,9.78057
52227272205,21.78,-0.05859070298944965,-0.033021629447732716,0.0,0.08829,-0.08829,9.80019
52232322710,21.78,-0.04794419455228423,-0.03621558197888234,0.0,0.16677000000000003,0.0,9.81
52237373215,21.78,-0.028763026072866547,-0.028763026072866547,0.0,0.25506,-0.019620000000000002,9.83943
52242423720,21.78,-0.023439771854283843,-0.004258603374866164,0.0,0.28449,0.009810000000000001,9.87867
52247474225,21.78,-0.02982767691658309,0.02769837522915001,0.0,0.22563,0.039240000000000004,9.89829
52252524730,21.78,-0.039409534510031964,0.05752605214573309,0.0,0.04905,0.06867000000000001,9.82962
52257575235,21.78,-0.03834488366631542,0.06497860805174888,0.0,-0.019620000000000002,0.08829,9.760950000000001
52262625740,21.78,-0.04260348704118158,0.05752605214573309,0.0,-0.11772,0.18639,9.69228
52267676245,21.78,-0.03728023282259888,0.03515093113516579,0.0,-0.23544,0.24525000000000002,9.70209
52272726750,21.78,-0.02769837522915001,0.0,0.0,-0.23544,0.31392000000000003,9.83943
52277777255,21.78,-0.05113814708343386,-0.023439771854283843,0.0,-0.16677000000000003,0.23544,9.99639
52282827760,21.78,-0.07243116395776468,-0.03089232776029963,0.0,-0.10791,0.019620000000000002,9.819809999999999
52287878265,21.78,-0.08415977653116657,-0.014905111812031574,0.0,-0.14715,0.019620000000000002,9.66285
52292928770,21.78,-0.09374163412461543,0.0,0.0,-0.07848000000000001,0.0,9.83943
52297979275,21.78,-0.07349581480148122,-0.008517206749732328,0.0,-0.05886,-0.07848000000000001,9.623610000000001
52303029780,21.78,-0.07456046564519776,-0.022375121010567305,0.0,-0.02943,0.009810000000000001,9.68247
52308080285,21.78,-0.05326744877086694,-0.03621558197888234,0.0,0.06867000000000001,-0.05886,9.7119
52313130790,21.78,-0.04581489286485115,-0.039409534510031964,0.0,0.10791,-0.009810000000000001,9.751140000000001
52318181295,21.78,-0.049008845396000776,-0.03089232776029963,0.0,0.17658,-0.019620000000000002,9.86886
52323231800,21.78,-0.044732788728614664,-0.006387905062299246,0.0,0.18639,-0.009810000000000001,9.92772
52328282305,21.78,-0.05326744877086694,0.012775810124598492,0.0,0.18639,0.0,9.89829
52333332810,21.78,-0.05220279792715039,0.02663372438543347,0.0,0.12753,0.0,9.87867
52338383315,21.78,-0.044732788728614664,0.039409534510031964,0.0,0.06867000000000001,0.0,9.79038
52343433820,21.78,-0.046879543708567686,0.039409534510031964,0.0,-0.04905,0.019620000000000002,9.73152
52348484325,21.78,-0.04366813788489812,0.024504422698000388,0.0,-0.0981,0.02943,9.751140000000001
52353534830,21.78,-0.0404741853537485,0.00958185759344887,0.0,-0.14715,0.039240000000000004,9.86886
52358585335,21.78,-0.04794419455228423,0.0,0.0,-0.14715,0.039240000000000004,9.937529999999999
52363635840,21.78,-0.05752605214573309,-0.007452555906015787,0.0,-0.12753,0.02943,10.01601
52368686345,21.78,-0.05326744877086694,-0.00958185759344887,0.0,-0.0981,0.0,9.95715
52373736850,21.78,-0.05965535383316618,-0.012775810124598492,0.0,-0.04905,0.0,9.80019
52378787355,21.78,-0.06178465552059926,-0.022375121010567305,0.0,-0.009810000000000001,0.009810000000000001,9.67266
52383837860,21.78,-0.05220279792715039,-0.020245819323134222,0.0,0.05886,0.0,9.623610000000001
52388888365,21.78,-0.049008845396000776,-0.00958185759344887,0.0,0.10791,0.009810000000000001,9.65304
52393938870,21.78,-0.049008845396000776,-0.006387905062299246,0.0,0.08829,0.009810000000000001,9.81
52398989375,21.78,-0.05859070298944965,-0.003193952531149623,0.0,0.08829,0.0,9.908100000000001
52404039880,21.78,-0.06284930636431581,-0.005323254218582705,0.0,0.07848000000000001,-0.019620000000000002,9.908100000000001
52409090385,21.78,-0.06178465552059926,-0.004258603374866164,0.0,0.10791,-0.039240000000000004,9.888480000000001
52414140890,21.78,-0.05859070298944965,0.011711159280881954,0.0,0.0981,-0.04905,9.80019
52419191395,21.78,-0.05007349623971732,0.031956978604016174,0.0,0.02943,-0.02943,9.73152
52424241900,21.78,-0.04581489286485115,0.0404741853537485,0.0,-0.07848000000000001,-0.039240000000000004,9.73152
52429292405,21.78,-0.05113814708343386,0.028763026072866547,0.0,-0.15696000000000002,-0.02943,9.819809999999999
52434342910,21.78,-0.05859070298944965,0.002129301687433082,0.0,-0.17658,-0.04905,9.80019
52439393415,21.78,-0.06604325889546543,-0.01918116847941768,0.0,-0.13734000000000002,-0.07848000000000001,9.84924
52444443920,21.78,-0.05539675045830002,-0.02556907354171693,0.0,-0.10791,-0.05886,9.87867
52449494425,21.78,-0.04794419455228423,-0.024504422698000388,0.0,-0.039240000000000004,-0.04905,9.87867
52454544930,21.78,-0.04153883619746504,-0.020245819323134222,0.0,0.0,-0.02943,9.888480000000001
52459595435,21.78,-0.044732788728614664,-0.011711159280881954,0.0,0.07848000000000001,-0.039240000000000004,9.84924
52464645940,21.78,-0.05220279792715039,-0.001064650843716541,0.0,0.08829,-0.04905,9.69228
52469696445,21.78,-0.060720004676882725,0.004258603374866164,0.0,0.07848000000000001,-0.019620000000000002,9.623610000000001
52474746950,21.78,-0.06284930636431581,0.00958185759344887,0.0,0.04905,-0.019620000000000002,9.66285
52479797455,21.78,-0.05752605214573309,0.005323254218582705,0.0,0.039240000000000004,-0.04905,9.83943
52484847960,21.78,-0.04794419455228423,-0.003193952531149623,0.0,0.019620000000000002,-0.04905,10.025820000000001
52489898465,21.78,-0.044732788728614664,-0.003193952531149623,0.0,0.02943,-0.05886,10.025820000000001
52494948970,21.78,-0.05113814708343386,0.004258603374866164,0.0,0.0,-0.07848000000000001,9.94734
52499999475,21.78,-0.05752605214573309,0.004258603374866164,0.0,0.0,-0.08829,9.80019
52505049980,21.78,-0.060720004676882725,0.007452555906015787,0.0,0.009810000000000001,-0.08829,9.633420000000001
52510100485,21.78,-0.05965535383316618,0.007452555906015787,0.0,0.039240000000000004,-0.06867000000000001,9.59418
52515150990,21.78,-0.04794419455228423,-0.001064650843716541,0.0,0.039240000000000004,-0.08829,9.72171
52520201495,21.78,-0.04366813788489812,0.001064650843716541,0.0,-0.06867000000000001,-0.05886,9.89829
52525252000,21.78,-0.044732788728614664,-0.004258603374866164,0.0,-0.05886,-0.0981,9.91791
52530302505,21.78,-0.049008845396000776,-0.00958185759344887,0.0,0.039240000000000004,-0.07848000000000001,9.95715
52535353010,21.78,-0.05220279792715039,-0.007452555906015787,0.0,0.0,-0.08829,9.760950000000001
52540403515,21.78,-0.05220279792715039,0.00958185759344887,0.0,0.019620000000000002,-0.06867000000000001,9.60399
52545454020,21.78,-0.049008845396000776,0.022375121010567305,0.0,0.0,-0.04905,9.633420000000001
52550504525,21.78,-0.04366813788489812,0.022375121010567305,0.0,-0.0981,-0.05886,9.69228
52555555030,21.78,-0.05220279792715039,0.003193952531149623,0.0,-0.08829,-0.05886,9.72171
52560605535,21.78,-0.05326744877086694,-0.015987215948268057,0.0,-0.10791,-0.05886,9.89829
52565656040,21.78,-0.054332099614583476,-0.024504422698000388,0.0,-0.009810000000000001,-0.07848000000000001,9.91791
52570706545,21.78,-0.06391395720803235,-0.020245819323134222,0.0,0.02943,-0.08829,9.96696
52575757050,21.78,-0.06284930636431581,-0.008517206749732328,0.0,0.06867000000000001,-0.12753,9.95715
52580807555,21.78,-0.06178465552059926,-0.007452555906015787,0.0,0.02943,-0.16677000000000003,9.91791
52585858060,21.78,-0.05965535383316618,-0.012775810124598492,0.0,0.05886,-0.12753,9.74133
52590908565,21.78,-0.05752605214573309,-0.015987215948268057,0.0,0.14715,-0.13734000000000002,9.72171
52595959070,21.78,-0.05646140130201656,-0.003193952531149623,0.0,0.10791,-0.15696000000000002,9.73152
52601009575,21.78,-0.05326744877086694,0.007452555906015787,0.0,0.14715,-0.14715,9.83943
52606060080,21.78,-0.05007349623971732,0.007452555906015787,0.0,0.0981,-0.15696000000000002,10.01601
52611110585,21.78,-0.05007349623971732,0.00958185759344887,0.0,0.05886,-0.15696000000000002,9.96696
52616161090,21.78,-0.049008845396000776,0.008517206749732328,0.0,0.04905,-0.17658,9.908100000000001
52621211595,21.78,-0.04366813788489812,0.021310470166850764,0.0,0.02943,-0.12753,9.73152
52626262100,21.78,-0.03728023282259888,0.03515093113516579,0.0,0.0,-0.13734000000000002,9.623610000000001
52631312605,21.78,-0.039409534510031964,0.033021629447732716,0.0,-0.06867000000000001,-0.12753,9.6138
52636363110,21.78,-0.03728023282259888,0.01811651763570114,0.0,-0.17658,-0.10791,9.760950000000001
52641413615,21.78,-0.04581489286485115,0.0,0.0,-0.14715,-0.08829,9.80019
52646464120,21.78,-0.05007349623971732,-0.020245819323134222,0.0,-0.12753,-0.10791,9.908100000000001
52651514625,21.78,-0.05539675045830002,-0.020245819323134222,0.0,-0.10791,-0.12753,9.94734
52656565130,21.78,-0.05220279792715039,-0.021310470166850764,0.0,-0.04905,-0.12753,9.937529999999999
52661615635,21.78,-0.049008845396000776,-0.02769837522915001,0.0,-0.019620000000000002,-0.13734000000000002,9.819809999999999
52666666140,21.78,-0.05113814708343386,-0.024504422698000388,0.0,0.10791,-0.12753,9.751140000000001
52671716645,21.78,-0.05326744877086694,-0.024504422698000388,0.0,0.14715,-0.13734000000000002,9.65304
52676767150,21.78,-0.060720004676882725,-0.007452555906015787,0.0,0.17658,-0.15696000000000002,9.64323
52681817655,21.78,-0.06710790973918197,0.01064650843716541,0.0,0.15696000000000002,-0.1962,9.86886
52686868160,21.78,-0.05752605214573309,0.008517206749732328,0.0,0.06867000000000001,-0.1962,9.91791
52691918665,21.78,-0.05220279792715039,0.004258603374866164,0.0,0.08829,-0.20601000000000003,9.95715
52696969170,21.78,-0.04794419455228423,-0.004258603374866164,0.0,0.08829,-0.20601000000000003,9.91791
52702019675,21.78,-0.046879543708567686,0.008517206749732328,0.0,0.06867000000000001,-0.1962,9.760950000000001
52707070180,21.78,-0.046879543708567686,0.028763026072866547,0.0,0.04905,-0.17658,9.67266
52712120685,21.78,-0.046879543708567686,0.039409534510031964,0.0,0.009810000000000001,-0.1962,9.623610000000001
52717171190,21.78,-0.046879543708567686,0.02769837522915001,0.0,-0.08829,-0.18639,9.64323
52722221695,21.78,-0.05220279792715039,0.008517206749732328,0.0,-0.16677000000000003,-0.18639,9.81
52727272200,21.78,-0.05007349623971732,-0.011711159280881954,0.0,-0.16677000000000003,-0.17658,9.908100000000001
52732322705,21.78,-0.04794419455228423,-0.023439771854283843,0.0,-0.07848000000000001,-0.1962,9.937529999999999
52737373210,21.78,-0.044732788728614664,-0.03408628029144926,0.0,-0.02943,-0.15696000000000002,9.95715
52742423715,21.78,-0.04153883619746504,-0.03621558197888234,0.0,0.07848000000000001,-0.17658,9.89829
52747474220,21.78,-0.04794419455228423,-0.031956978604016174,0.0,0.14715,-0.15696000000000002,9.79038
52752524725,21.78,-0.05646140130201656,-0.01811651763570114,0.0,0.20601000000000003,-0.18639,9.69228
52757575230,21.78,-0.05859070298944965,0.003193952531149623,0.0,0.15696000000000002,-0.18639,9.72171
52762625735,21.78,-0.05326744877086694,0.023439771854283843,0.0,0.14715,-0.20601000000000003,9.78057
52767676240,21.78,-0.054332099614583476,0.0170518667919846,0.0,0.07848000000000001,-0.20601000000000003,9.94734
52772726745,21.78,-0.04794419455228423,0.013840460968315033,0.0,0.039240000000000004,-0.22563,10.03563
52777777250,21.78,-0.046879543708567686,0.0170518667919846,0.0,-0.019620000000000002,-0.21582,9.95715
52782827755,21.78,-0.054332099614583476,0.014905111812031574,0.0,-0.02943,-0.21582,9.85905
52787878260,21.78,-0.05220279792715039,0.021310470166850764,0.0,-0.039240000000000004,-0.24525000000000002,9.68247
52792928765,21.78,-0.046879543708567686,0.0170518667919846,0.0,-0.07848000000000001,-0.21582,9.54513
52797979270,21.78,-0.04581489286485115,-0.002129301687433082,0.0,-0.04905,-0.20601000000000003,9.65304
52803029775,21.78,-0.04153883619746504,-0.01918116847941768,0.0,-0.019620000000000002,-0.18639,9.81
52808080280,21.78,-0.04260348704118158,-0.023439771854283843,0.0,-0.02943,-0.20601000000000003,9.86886
52813130785,21.78,-0.049008845396000776,-0.021310470166850764,0.0,0.019620000000000002,-0.20601000000000003,9.99639
52818181290,21.78,-0.04794419455228423,-0.01064650843716541,0.0,0.06867000000000001,-0.24525000000000002,9.92772
52823231795,21.78,-0.05220279792715039,-0.008517206749732328,0.0,0.039240000000000004,-0.22563,9.83943
52828282300,21.78,-0.05326744877086694,-0.00958185759344887,0.0,0.08829,-0.21582,9.81
52833332805,21.78,-0.04581489286485115,-0.005323254218582705,0.0,0.13734000000000002,-0.22563,9.72171
52838383310,21.78,-0.044732788728614664,-0.002129301687433082,0.0,0.15696000000000002,-0.20601000000000003,9.7119
52843433815,21.78,-0.044732788728614664,0.001064650843716541,0.0,0.11772,-0.23544,9.82962
52848484320,21.78,-0.044732788728614664,0.011711159280881954,0.0,0.06867000000000001,-0.25506,9.908100000000001
52853534825,21.78,-0.05539675045830002,0.006387905062299246,0.0,0.04905,-0.26487,9.96696
52858585330,21.78,-0.06178465552059926,0.001064650843716541,0.0,0.019620000000000002,-0.22563,9.97677
52863635835,21.78,-0.05007349623971732,0.005323254218582705,0.0,0.05886,-0.27468000000000004,9.78057
52868686340,21.78,-0.04153883619746504,0.011711159280881954,0.0,0.02943,-0.25506,9.70209
52873736845,21.78,-0.03834488366631542,0.006387905062299246,0.0,0.02943,-0.24525000000000002,9.66285
52878787350,21.78,-0.0404741853537485,0.007452555906015787,-0.005323254218582705,0.019620000000000002,-0.24525000000000002,9.70209
52883837855,21.78,-0.04366813788489812,0.006387905062299246,0.0,0.0,-0.24525000000000002,9.770760000000001
52888888360,21.78,-0.05113814708343386,0.002129301687433082,0.0,-0.039240000000000004,-0.23544,9.84924
52893938865,21.78,-0.05113814708343386,0.002129301687433082,0.0,-0.02943,-0.25506,9.888480000000001
52898989370,21.78,-0.04794419455228423,-0.004258603374866164,0.0,-0.039240000000000004,-0.22563,9.91791
52904039875,21.78,-0.046879543708567686,-0.0170518667919846,0.0,0.0,-0.24525000000000002,9.94734
52909090380,21.78,-0.0404741853537485,-0.014905111812031574,-0.001064650843716541,0.019620000000000002,-0.27468000000000004,9.85905
52914140885,21.78,-0.044732788728614664,-0.015987215948268057,0.0,0.06867000000000001,-0.28449,9.770760000000001
52919191390,21.78,-0.054332099614583476,-0.013840460968315033,0.0,0.0981,-0.27468000000000004,9.72171
52924241895,21.78,-0.054332099614583476,0.0,0.001064650843716541,0.12753,-0.27468000000000004,9.751140000000001
52929292400,21.78,-0.05007349623971732,0.001064650843716541,0.001064650843716541,0.15696000000000002,-0.30411,9.87867
52934342905,21.78,-0.05220279792715039,-0.001064650843716541,0.0,0.11772,-0.2943,9.98658
52939393410,21.78,-0.046879543708567686,0.002129301687433082,0.0,0.07848000000000001,-0.31392000000000003,9.97677
52944443915,21.78,-0.044732788728614664,0.0,0.0,0.08829,-0.32373,9.91791
52949494420,21.78,-0.04581489286485115,0.005323254218582705,-0.001064650843716541,0.10791,-0.31392000000000003,9.751140000000001
52954544925,21.78,-0.04581489286485115,0.006387905062299246,-0.002129301687433082,0.11772,-0.32373,9.64323
52959595430,21.78,-0.04581489286485115,0.01064650843716541,-0.001064650843716541,0.08829,-0.28449,9.67266
52964645935,21.78,-0.0404741853537485,0.013840460968315033,0.0,0.039240000000000004,-0.31392000000000003,9.760950000000001
52969696440,21.78,-0.0404741853537485,0.013840460968315033,-0.001064650843716541,0.009810000000000001,-0.27468000000000004,9.80019
52974746945,21.78,-0.04260348704118158,0.007452555906015787,0.0,-0.019620000000000002,-0.28449,9.89829
52979797450,21.78,-0.03621558197888234,0.001064650843716541,-0.001064650843716541,-0.019620000000000002,-0.2943,9.86886
52984847955,21.78,-0.03834488366631542,0.002129301687433082,0.0,0.0,-0.28449,9.7119
52989898460,21.78,-0.04581489286485115,0.006387905062299246,-0.003193952531149623,0.0,-0.28449,9.74133
52994948965,21.78,-0.04260348704118158,0.003193952531149623,0.0,0.0,-0.28449,9.760950000000001
52999999470,21.78,-0.04260348704118158,0.0,0.002129301687433082,-0.019620000000000002,-0.28449,9.70209
53005049975,21.78,-0.04794419455228423,-0.01064650843716541,0.002129301687433082,0.019620000000000002,-0.27468000000000004,9.74133
53010100480,21.78,-0.05220279792715039,-0.02663372438543347,-0.001064650843716541,0.02943,-0.31392000000000003,9.888480000000001
53015150985,21.78,-0.04794419455228423,-0.02663372438543347,0.0,0.08829,-0.33354000000000006,9.92772
53020201490,21.78,-0.05007349623971732,-0.020245819323134222,0.0,0.12753,-0.33354000000000006,9.97677
53025251995,21.78,-0.05220279792715039,-0.01064650843716541,0.001064650843716541,0.10791,-0.35316,10.006200000000002
53030302500,21.78,-0.05113814708343386,-0.007452555906015787,0.0,0.16677000000000003,-0.38259000000000004,9.81
53035353005,21.78,-0.04794419455228423,-0.004258603374866164,0.0,0.18639,-0.37278,9.70209
53040403510,21.78,-0.046879543708567686,-0.0,-0.001064650843716541,0.20601000000000003,-0.36297,9.74133
53045454015,21.78,-0.04366813788489812,0.013840460968315033,0.0,0.18639,-0.36297,9.82962
53050504520,21.78,-0.0404741853537485,0.028763026072866547,0.0,0.10791,-0.38259000000000004,9.94734
53055555025,21.78,-0.039409534510031964,0.028763026072866547,-0.001064650843716541,0.02943,-0.35316,9.96696
53060605530,21.78,-0.04260348704118158,0.0170518667919846,0.0,-0.019620000000000002,-0.35316,9.82962
53065656035,21.78,-0.03089232776029963,0.003193952531149623,0.001064650843716541,-0.019620000000000002,-0.35316,9.770760000000001
53070706540,21.78,-0.02769837522915001,-0.001064650843716541,0.001064650843716541,0.009810000000000001,-0.33354000000000006,9.73152
53075757045,21.78,-0.033021629447732716,0.001064650843716541,-0.001064650843716541,0.02943,-0.32373,9.70209
53080807550,21.78,-0.03089232776029963,0.004258603374866164,0.0,-0.009810000000000001,-0.31392000000000003,9.751140000000001
53085858055,21.78,-0.02663372438543347,0.001064650843716541,0.001064650843716541,-0.019620000000000002,-0.32373,9.760950000000001
53090908560,21.78,-0.0404741853537485,-0.008517206749732328,-0.002129301687433082,0.0,-0.30411,9.7119
53095959065,21.78,-0.04581489286485115,-0.021310470166850764,0.0,0.04905,-0.27468000000000004,9.80019
53101009570,21.78,-0.04260348704118158,-0.01811651763570114,0.0,0.08829,-0.31392000000000003,9.91791
53106060075,21.78,-0.03515093113516579,-0.013840460968315033,-0.001064650843716541,0.12753,-0.31392000000000003,9.84924
53111110580,21.78,-0.039409534510031964,-0.008517206749732328,-0.001064650843716541,0.11772,-0.35316,9.85905
53116161085,21.78,-0.05113814708343386,-0.012775810124598492,0.0,0.12753,-0.31392000000000003,9.85905
53121211590,21.78,-0.05113814708343386,-0.008517206749732328,0.001064650843716541,0.16677000000000003,-0.37278,9.79038
53126262095,21.78,-0.054332099614583476,0.0,0.0,0.20601000000000003,-0.40221,9.819809999999999
53131312600,21.78,-0.05646140130201656,0.007452555906015787,0.001064650843716541,0.18639,-0.37278,9.95715
53136363105,21.78,-0.04581489286485115,0.01918116847941768,0.002129301687433082,0.08829,-0.3924,9.97677
53141413610,21.78,-0.04260348704118158,0.020245819323134222,0.0,0.05886,-0.41202000000000005,9.92772
53146464115,21.78,-0.039409534510031964,0.021310470166850764,0.002129301687433082,0.009810000000000001,-0.41202000000000005,9.89829
53151514620,21.78,-0.04581489286485115,0.015987215948268057,0.0,0.0,-0.43164,9.84924
53156565125,21.78,-0.04260348704118158,0.007452555906015787,0.001064650843716541,0.0,-0.43164,9.81
53161615630,21.78,-0.04260348704118158,0.004258603374866164,0.0,-0.019620000000000002,-0.41202000000000005,9.751140000000001
53166666135,21.78,-0.03515093113516579,-0.005323254218582705,-0.001064650843716541,-0.039240000000000004,-0.41202000000000005,9.74133
53171716640,21.78,-0.02663372438543347,-0.01918116847941768,0.0,0.0,-0.42183,9.87867
53176767145,21.78,-0.022375121010567305,-0.02556907354171693,0.0,0.04905,-0.36297,9.91791
53181817650,21.78,-0.023439771854283843,-0.01811651763570114,0.0,0.11772,-0.38259000000000004,9.84924
53186868155,21.78,-0.02663372438543347,-0.006387905062299246,0.0,0.14715,-0.41202000000000005,9.78057
53191918660,21.78,-0.02982767691658309,-0.006387905062299246,0.002129301687433082,0.13734000000000002,-0.38259000000000004,9.70209
53196969165,21.78,-0.02663372438543347,-0.011711159280881954,0.001064650843716541,0.15696000000000002,-0.35316,9.66285
53202019670,21.78,-0.023439771854283843,0.004258603374866164,-0.001064650843716541,0.16677000000000003,-0.36297,9.69228
53207070175,21.78,-0.02556907354171693,0.021310470166850764,-0.001064650843716541,0.10791,-0.32373,9.73152
53212120680,21.78,-0.02663372438543347,0.023439771854283843,0.0,0.039240000000000004,-0.33354000000000006,9.84924
53217171185,21.78,-0.03728023282259888,0.01064650843716541,-0.002129301687433082,0.019620000000000002,-0.34335000000000004,9.908100000000001
53222221690,21.78,-0.04153883619746504,0.008517206749732328,0.0,0.019620000000000002,-0.34335000000000004,9.83943
53227272195,21.78,-0.04581489286485115,0.0,0.001064650843716541,0.02943,-0.35316,9.74133
53232322700,21.78,-0.05113814708343386,-0.004258603374866164,0.002129301687433082,0.02943,-0.38259000000000004,9.82962
53237373205,21.78,-0.04581489286485115,-0.001064650843716541,0.001064650843716541,0.039240000000000004,-0.41202000000000005,9.908100000000001
53242423710,21.78,-0.044732788728614664,0.001064650843716541,-0.002129301687433082,0.039240000000000004,-0.45126,9.908100000000001
53247474215,21.78,-0.046879543708567686,-0.013840460968315033,0.0,0.04905,-0.45126,9.937529999999999
53252524720,21.78,-0.054332099614583476,-0.02663372438543347,-0.003193952531149623,0.06867000000000001,-0.45126,9.94734
53257575225,21.78,-0.049008845396000776,-0.02769837522915001,0.001064650843716541,0.13734000000000002,-0.51012,9.91791
53262625730,21.78,-0.04581489286485115,-0.022375121010567305,0.0,0.18639,-0.51012,9.86886
53267676235,21.78,-0.0404741853537485,-0.014905111812031574,-0.001064650843716541,0.22563,-0.51993,9.86886
53272726740,21.78,-0.03089232776029963,-0.002129301687433082,0.0,0.26487,-0.48069000000000006,9.86886
53277777245,21.78,-0.020245819323134222,0.014905111812031574,0.0,0.22563,-0.50031,9.91791
53282827750,21.78,-0.020245819323134222,0.02982767691658309,0.001064650843716541,0.14715,-0.47088,9.84924
53287878255,21.78,-0.033021629447732716,0.024504422698000388,-0.002129301687433082,0.06867000000000001,-0.45126,9.770760000000001
53292928760,21.78,-0.028763026072866547,0.014905111812031574,0.0,0.02943,-0.40221,9.751140000000001
53297979265,21.78,-0.0170518667919846,0.012775810124598492,0.001064650843716541,0.009810000000000001,-0.41202000000000005,9.73152
53303029770,21.78,-0.012775810124598492,-0.0,-0.001064650843716541,0.02943,-0.41202000000000005,9.79038
53308080275,21.78,-0.006387905062299246,-0.007452555906015787,-0.002129301687433082,0.019620000000000002,-0.37278,9.888480000000001
53313130780,21.78,-0.015987215948268057,-0.007452555906015787,0.0,0.02943,-0.37278,9.81
53318181285,21.78,-0.01918116847941768,0.004258603374866164,0.001064650843716541,0.05886,-0.34335000000000004,9.72171
53323231790,21.78,-0.02982767691658309,0.011711159280881954,0.001064650843716541,0.039240000000000004,-0.37278,9.67266
53328282295,21.78,-0.03621558197888234,0.003193952531149623,0.0,0.05886,-0.36297,9.6138
53333332800,21.78,-0.03728023282259888,-0.01918116847941768,-0.001064650843716541,0.07848000000000001,-0.36297,9.72171
53338383305,21.78,-0.033021629447732716,-0.03621558197888234,0.0,0.11772,-0.38259000000000004,9.819809999999999
53343433810,21.78,-0.03515093113516579,-0.031956978604016174,0.0,0.16677000000000003,-0.37278,9.87867
53348484315,21.78,-0.03408628029144926,-0.022375121010567305,0.0,0.24525000000000002,-0.42183,9.92772
53353534820,21.78,-0.04260348704118158,-0.004258603374866164,-0.001064650843716541,0.23544,-0.45126,9.94734
53358585325,21.78,-0.05646140130201656,0.015987215948268057,-0.001064650843716541,0.21582,-0.44145,9.888480000000001
53363635830,21.78,-0.054332099614583476,0.03834488366631542,0.0,0.15696000000000002,-0.48069000000000006,9.79038
53368686335,21.78,-0.04794419455228423,0.04260348704118158,0.0,0.08829,-0.49050000000000005,9.79038
53373736840,21.78,-0.044732788728614664,0.024504422698000388,0.0,0.009810000000000001,-0.49050000000000005,9.79038
53378787345,21.78,-0.033021629447732716,0.006387905062299246,-0.001064650843716541,-0.04905,-0.5395500000000001,9.91791
53383837850,21.78,-0.031956978604016174,-0.0170518667919846,0.0,-0.02943,-0.5493600000000001,10.08468
53388888355,21.78,-0.03515093113516579,-0.03408628029144926,0.0,0.04905,-0.5493600000000001,10.11411
53393938860,21.78,-0.03621558197888234,-0.028763026072866547,0.0,0.07848000000000001,-0.5591700000000001,10.074869999999999
53398989365,21.78,-0.028763026072866547,-0.011711159280881954,0.0,0.17658,-0.51993,9.937529999999999
53404039870,21.78,-0.01918116847941768,0.0,0.0,0.15696000000000002,-0.52974,9.751140000000001
53409090375,21.78,-0.013840460968315033,-0.004258603374866164,0.0,0.1962,-0.50031,9.74133
53414140880,21.78,-0.004258603374866164,0.002129301687433082,0.0,0.17658,-0.50031,9.760950000000001
53419191385,21.78,-0.006387905062299246,0.008517206749732328,0.0,0.16677000000000003,-0.47088,9.79038
53424241890,21.78,-0.011711159280881954,-0.006387905062299246,0.0,0.13734000000000002,-0.45126,9.83943
53429292395,21.78,-0.011711159280881954,-0.024504422698000388,0.0,0.15696000000000002,-0.42183,9.84924
53434342900,21.78,-0.008517206749732328,-0.031956978604016174,0.0,0.27468000000000004,-0.42183,9.81
53439393405,21.78,-0.002129301687433082,-0.02982767691658309,0.0,0.34335000000000004,-0.40221,9.80019
53444443910,21.78,-0.002129301687433082,0.0,0.0,0.34335000000000004,-0.41202000000000005,9.760950000000001
53449494415,21.78,-0.006387905062299246,0.04581489286485115,0.0,0.2943,-0.41202000000000005,9.7119
53454544920,21.78,-0.022375121010567305,0.08948303074974927,0.0,0.0981,-0.36297,9.69228
53459595425,21.78,-0.03621558197888234,0.09054768159346581,0.0,-0.039240000000000004,-0.38259000000000004,9.65304
53464645930,21.78,-0.039409534510031964,0.05859070298944965,0.0,-0.22563,-0.38259000000000004,9.66285
53469696435,21.78,-0.04153883619746504,0.014905111812031574,0.0,-0.30411,-0.43164,9.770760000000001
53474746940,21.78,-0.02769837522915001,-0.03408628029144926,0.0,-0.25506,-0.41202000000000005,9.87867
53479797445,21.78,-0.02663372438543347,-0.0756251164889143,0.0,-0.11772,-0.48069000000000006,9.908100000000001
53484847950,21.78,-0.031956978604016174,-0.10119419003063122,0.0,0.10791,-0.51993,9.87867
53489898455,21.78,-0.04260348704118158,-0.10119419003063122,0.0,0.31392000000000003,-0.51993,9.78057
53494948960,21.78,-0.04794419455228423,-0.08309512568745003,0.0,0.51993,-0.52974,9.69228
53499999465,21.78,-0.04260348704118158,-0.04260348704118158,0.0,0.63765,-0.5493600000000001,9.7119
53505049970,21.78,-0.033021629447732716,0.0,0.0,0.60822,-0.5395500000000001,9.89829
53510100475,21.78,-0.01811651763570114,0.04260348704118158,0.0,0.5493600000000001,-0.5395500000000001,10.03563
53515150980,21.78,-0.0170518667919846,0.07990117315630041,0.0,0.36297,-0.5591700000000001,10.182780000000001
53520201485,21.78,-0.021310470166850764,0.1097288500728835,0.0,0.14715,-0.52974,10.1043
53525251990,21.78,-0.031956978604016174,0.12250466019748199,0.0,-0.0981,-0.52974,9.908100000000001
53530302495,21.78,-0.02769837522915001,0.10759954838545042,0.0,-0.34335000000000004,-0.51993,9.760950000000001
53535353000,21.78,-0.022375121010567305,0.07670722062515077,0.0,-0.45126,-0.51012,9.65304
53540403505,21.78,-0.002129301687433082,0.015987215948268057,0.0,-0.51993,-0.50031,9.7119
53545454010,21.78,0.002129301687433082,-0.049008845396000776,0.0,-0.44145,-0.47088,9.80019
53550504515,21.78,-0.002129301687433082,-0.10438814256178083,0.0,-0.26487,-0.47088,9.91791
53555555020,21.78,-0.0170518667919846,-0.1278279144160647,0.0,0.0,-0.48069000000000006,9.89829
53560605525,21.78,-0.024504422698000388,-0.13955652698946658,0.0,0.30411,-0.52974,9.888480000000001
53565656030,21.78,-0.01918116847941768,-0.13102186694721432,0.0,0.5395500000000001,-0.50031,9.82962
53570706535,21.78,-0.008517206749732328,-0.09587093581204853,0.0,0.79461,-0.51012,9.770760000000001
53575757040,21.78,0.002129301687433082,-0.05113814708343386,0.0,0.9123300000000001,-0.49050000000000005,9.78057
53580807545,21.78,0.005323254218582705,0.006387905062299246,0.0,0.9123300000000001,-0.48069000000000006,9.819809999999999
53585858050,21.78,-0.002129301687433082,0.07456046564519776,0.0,0.75537,-0.47088,9.87867
53590908555,21.78,-0.014905111812031574,0.13955652698946658,0.0,0.46107000000000004,-0.47088,9.937529999999999
53595959060,21.78,-0.02982767691658309,0.1704488547497662,0.0,0.12753,-0.46107000000000004,9.99639
53601009565,21.78,-0.02982767691658309,0.16191419470751395,0.0,-0.23544,-0.46107000000000004,9.94734
53606060070,21.78,-0.024504422698000388,0.12995721610349775,0.0,-0.52974,-0.46107000000000004,9.94734
53611110575,21.78,-0.0170518667919846,0.08415977653116657,0.0,-0.6670800000000001,-0.47088,9.81
53616161080,21.78,-0.012775810124598492,0.024504422698000388,0.0,-0.73575,-0.49050000000000005,9.74133
53621211585,21.78,-0.0170518667919846,-0.03089232776029963,0.0,-0.65727,-0.49050000000000005,9.633420000000001
53626262090,21.78,-0.02982767691658309,-0.0756251164889143,0.0,-0.50031,-0.51012,9.623610000000001
53631312595,21.78,-0.028763026072866547,-0.1097288500728835,0.0,-0.25506,-0.5395500000000001,9.64323
53636363100,21.78,-0.02982767691658309,-0.13208651779093086,0.0,0.0,-0.5493600000000001,9.74133
53641413605,21.78,-0.013840460968315033,-0.14913838458291545,0.0,0.24525000000000002,-0.5591700000000001,9.81
53646464110,21.78,-0.001064650843716541,-0.1331511686346474,0.0,0.5886,-0.5886,9.89829
53651514615,21.78,0.003193952531149623,-0.10225884087434776,0.0,0.7749900000000001,-0.57879,9.94734
53656565120,21.78,0.0,-0.05326744877086694,0.0,0.9319500000000001,-0.5591700000000001,9.888480000000001
53661615625,21.78,-0.001064650843716541,0.011711159280881954,0.0,0.9221400000000001,-0.5395500000000001,9.81
53666666130,21.78,-0.008517206749732328,0.06710790973918197,0.0,0.80442,-0.52974,9.82962
53671716635,21.78,-0.003193952531149623,0.09480628496833199,0.0,0.5886,-0.47088,9.87867
53676767140,21.78,0.0,0.10545279340549739,-0.005323254218582705,0.35316,-0.46107000000000004,9.83943
53681817645,21.78,0.005323254218582705,0.10866419922916695,-0.003193952531149623,0.10791,-0.45126,9.937529999999999
53686868150,21.78,0.005323254218582705,0.1097288500728835,-0.002129301687433082,-0.0981,-0.43164,9.92772
53691918655,21.78,-0.003193952531149623,0.09906488834319814,-0.004258603374866164,-0.28449,-0.42183,9.819809999999999
53696969160,21.78,-0.015987215948268057,0.07990117315630041,-0.001064650843716541,-0.46107000000000004,-0.44145,9.770760000000001
53702019665,21.78,-0.02663372438543347,0.04260348704118158,0.001064650843716541,-0.5395500000000001,-0.44145,9.74133
53707070170,21.78,-0.02982767691658309,-0.001064650843716541,0.002129301687433082,-0.5493600000000001,-0.47088,9.81
53712120675,21.78,-0.024504422698000388,-0.04581489286485115,0.001064650843716541,-0.48069000000000006,-0.51993,9.908100000000001
53717171180,21.78,-0.021310470166850764,-0.08203047484373349,0.0,-0.34335000000000004,-0.5591700000000001,9.97677
53722221685,21.78,-0.01811651763570114,-0.11079350091660004,0.001064650843716541,-0.0981,-0.60822,10.01601
53727272190,21.78,-0.022375121010567305,-0.11611675513518273,-0.002129301687433082,0.0981,-0.63765,9.98658
53732322695,21.78,-0.024504422698000388,-0.09480628496833199,0.0,0.35316,-0.64746,9.92772
53737373200,21.78,-0.0170518667919846,-0.05752605214573309,-0.001064650843716541,0.51012,-0.64746,9.81
53742423705,21.78,-0.005323254218582705,-0.023439771854283843,0.002129301687433082,0.59841,-0.6278400000000001,9.770760000000001
53747474210,21.78,0.005323254218582705,0.014905111812031574,-0.001064650843716541,0.5395500000000001,-0.59841,9.751140000000001
53752524715,21.78,0.015987215948268057,0.04153883619746504,0.0,0.47088,-0.5395500000000001,9.72171
53757575220,21.78,0.01918116847941768,0.054332099614583476,-0.001064650843716541,0.34335000000000004,-0.5395500000000001,9.74133
53762625725,21.78,0.015987215948268057,0.06710790973918197,-0.004258603374866164,0.1962,-0.50031,9.73152
53767676230,21.78,0.0170518667919846,0.0756251164889143,0.001064650843716541,0.02943,-0.42183,9.66285
53772726735,21.78,0.0170518667919846,0.06923721142661506,0.0,-0.08829,-0.42183,9.70209
53777777240,21.78,0.01918116847941768,0.05113814708343386,-0.004258603374866164,-0.21582,-0.37278,9.67266
53782827745,21.78,0.014905111812031574,0.03834488366631542,-0.002129301687433082,-0.28449,-0.37278,9.65304
53787878250,21.78,0.003193952531149623,0.022375121010567305,0.0,-0.37278,-0.36297,9.70209
53792928755,21.78,-0.005323254218582705,-0.002129301687433082,0.001064650843716541,-0.37278,-0.38259000000000004,9.751140000000001
53797979260,21.78,-0.013840460968315033,-0.028763026072866547,0.002129301687433082,-0.32373,-0.3924,9.80019
53803029765,21.78,-0.01918116847941768,-0.05752605214573309,0.006387905062299246,-0.25506,-0.42183,9.78057
53808080270,21.78,-0.020245819323134222,-0.11824605682261582,0.004258603374866164,0.0,-0.48069000000000006,9.78057
53813130775,21.78,-0.028763026072866547,-0.18216001403064813,0.0,0.35316,-0.50031,9.70209
53818181280,21.78,-0.03408628029144926,-0.1832246648743647,-0.002129301687433082,0.6670800000000001,-0.51993,9.760950000000001
53823231785,21.78,-0.028763026072866547,-0.1352804703220805,-0.001064650843716541,1.03986,-0.56898,9.81
53828282290,21.78,-0.020245819323134222,-0.08415977653116657,-0.001064650843716541,1.2851100000000002,-0.60822,9.91791
53833332795,21.78,-0.022375121010567305,-0.03089232776029963,-0.002129301687433082,1.3243500000000001,-0.6180300000000001,10.045440000000001
53838383300,21.78,-0.02663372438543347,0.04366813788489812,-0.002129301687433082,1.19682,-0.63765,10.2024
53843433805,21.78,-0.020245819323134222,0.14487978120804929,0.0,0.9319500000000001,-0.6670800000000001,10.280880000000002
53848484310,21.78,-0.015987215948268057,0.22263419938439669,0.002129301687433082,0.51012,-0.63765,10.22202
53853534815,21.78,-0.002129301687433082,0.2556558288321294,0.0,-0.039240000000000004,-0.60822,10.163160000000001
53858585320,21.78,-0.004258603374866164,0.24075071702009782,0.0,-0.5395500000000001,-0.64746,10.025820000000001
53863635825,21.78,0.0,0.19067722078038052,0.0,-0.9319500000000001,-0.59841,9.937529999999999
53868686330,21.78,0.008517206749732328,0.12676326357234816,0.0,-1.13796,-0.57879,9.751140000000001
53873736835,21.78,0.01064650843716541,0.054332099614583476,0.0,-1.26549,-0.5591700000000001,9.7119
53878787340,21.78,0.0170518667919846,-0.01811651763570114,0.0,-1.20663,-0.5591700000000001,9.7119
53883837845,21.78,0.013840460968315033,-0.10545279340549739,0.002129301687433082,-1.03005,-0.5395500000000001,9.760950000000001
53888888350,21.78,0.01918116847941768,-0.20666443672864854,0.0,-0.60822,-0.51993,9.68247
53893938855,21.78,0.022375121010567305,-0.26312583803066514,0.0,-0.07848000000000001,-0.52974,9.623610000000001
53898989360,21.78,0.031956978604016174,-0.2705783939366809,-0.001064650843716541,0.44145,-0.52974,9.60399
53904039865,21.78,0.03515093113516579,-0.2343628119577986,-0.002129301687433082,0.9711900000000001,-0.46107000000000004,9.5157
53909090370,21.78,0.03728023282259888,-0.18428931571808121,0.001064650843716541,1.3832099999999998,-0.45126,9.59418
53914140875,21.78,0.03834488366631542,-0.10866419922916695,-0.002129301687433082,1.60884,-0.42183,9.6138
53919191380,21.78,0.03089232776029963,0.001064650843716541,-0.001064650843716541,1.6186500000000001,-0.38259000000000004,9.69228
53924241885,21.78,0.020245819323134222,0.10759954838545042,-0.001064650843716541,1.39302,-0.36297,9.770760000000001
53929292390,21.78,0.00958185759344887,0.19174187162409706,0.0,0.9908100000000001,-0.33354000000000006,9.84924
53934342895,21.78,0.004258603374866164,0.23223351027036546,0.0,0.52974,-0.31392000000000003,9.79038
53939393400,21.78,-0.003193952531149623,0.23329816111408203,0.0,0.039240000000000004,-0.33354000000000006,9.73152
53944443905,21.78,-0.014905111812031574,0.19921188082263275,-0.001064650843716541,-0.40221,-0.35316,9.81
53949494410,21.78,-0.02663372438543347,0.16404349639494703,-0.002129301687433082,-0.72594,-0.41202000000000005,9.82962
53954544915,21.78,-0.03621558197888234,0.12463396188491506,0.002129301687433082,-0.9810000000000001,-0.46107000000000004,9.97677
53959595420,21.78,-0.054332099614583476,0.06923721142661506,0.0,-1.13796,-0.52974,10.03563
53964645925,21.78,-0.054332099614583476,-0.00958185759344887,0.004258603374866164,-1.13796,-0.59841,10.074869999999999
53969696430,21.78,-0.05752605214573309,-0.08948303074974927,-0.001064650843716541,-0.95157,-0.6768900000000001,10.025820000000001
53974746935,21.78,-0.04794419455228423,-0.150203035426632,0.0,-0.6670800000000001,-0.73575,9.94734
53979797440,21.78,-0.033021629447732716,-0.18854791909294744,0.0,-0.30411,-0.80442,9.96696
53984847945,21.78,-0.0170518667919846,-0.20879373841608162,0.002129301687433082,0.15696000000000002,-0.8142300000000001,9.98658
53989898450,21.78,-0.004258603374866164,-0.21198769094723127,0.0,0.5591700000000001,-0.8240400000000001,10.025820000000001
53994948955,21.78,0.007452555906015787,-0.19174187162409706,-0.003193952531149623,1.00062,-0.8338500000000001,10.01601
53999999460,21.78,0.022375121010567305,-0.13849187614575004,-0.002129301687433082,1.2851100000000002,-0.8142300000000001,10.05525
54005049965,21.78,0.049008845396000776,-0.05859070298944965,-0.001064650843716541,1.44207,-0.70632,10.006200000000002
54010100470,21.78,0.06178465552059926,0.04581489286485115,-0.002129301687433082,1.3635900000000003,-0.6180300000000001,9.937529999999999
54015150975,21.78,0.07670722062515077,0.12463396188491506,-0.003193952531149623,1.13796,-0.51993,9.908100000000001
54020201480,21.78,0.08096582400001695,0.18854791909294744,-0.004258603374866164,0.73575,-0.43164,9.81
54025251985,21.78,0.07883652231258387,0.24500932039496398,-0.005323254218582705,0.26487,-0.34335000000000004,9.751140000000001
54030302490,21.78,0.06178465552059926,0.26312583803066514,-0.002129301687433082,-0.26487,-0.28449,9.68247
54035352995,21.78,0.05220279792715039,0.24500932039496398,-0.001064650843716541,-0.7651800000000001,-0.20601000000000003,9.68247
54040403500,21.78,0.039409534510031964,0.18216001403064813,0.002129301687433082,-1.0987200000000001,-0.23544,9.65304
54045454005,21.78,0.020245819323134222,0.08096582400001695,0.002129301687433082,-1.3243500000000001,-0.23544,9.74133
54050504510,21.78,0.014905111812031574,-0.03728023282259888,0.001064650843716541,-1.2753,-0.25506,9.67266
54055555015,21.78,-0.004258603374866164,-0.1374272253020335,0.0,-1.02024,-0.33354000000000006,9.623610000000001
54060605520,21.78,-0.0170518667919846,-0.21944024685324706,0.002129301687433082,-0.6278400000000001,-0.3924,9.65304
54065656025,21.78,-0.02982767691658309,-0.25780258381208243,0.0,-0.07848000000000001,-0.51012,9.7119
54070706530,21.78,-0.031956978604016174,-0.25672047967584594,0.0,0.44145,-0.57879,9.79038
54075757035,21.78,-0.028763026072866547,-0.2205048976969636,0.001064650843716541,0.9221400000000001,-0.60822,9.81
54080807540,21.78,-0.028763026072866547,-0.1352804703220805,-0.003193952531149623,1.2556800000000001,-0.6768900000000001,9.92772
54085858045,21.78,-0.012775810124598492,-0.028763026072866547,0.0,1.3537800000000002,-0.6867000000000001,9.84924
54090908550,21.78,-0.006387905062299246,0.07456046564519776,0.0,1.20663,-0.6768900000000001,9.83943
54095959055,21.78,0.006387905062299246,0.14700908289548237,0.0,0.89271,-0.6278400000000001,9.770760000000001
54101009560,21.78,0.01064650843716541,0.19067722078038052,0.0,0.51012,-0.6180300000000001,9.74133
54106060065,21.78,0.020245819323134222,0.18854791909294744,0.0,0.12753,-0.56898,9.73152
54111110570,21.78,0.02769837522915001,0.1629788455512305,-0.002129301687433082,-0.22563,-0.50031,9.819809999999999
54116161075,21.78,0.03621558197888234,0.11824605682261582,-0.003193952531149623,-0.50031,-0.52974,9.87867
54121211580,21.78,0.03834488366631542,0.05220279792715039,0.003193952531149623,-0.6670800000000001,-0.47088,9.99639
54126262085,21.78,0.033021629447732716,-0.001064650843716541,0.0,-0.65727,-0.46107000000000004,9.97677
54131312590,21.78,0.023439771854283843,-0.033021629447732716,-0.004258603374866164,-0.57879,-0.48069000000000006,9.937529999999999
54136363095,21.78,0.021310470166850764,-0.05752605214573309,0.001064650843716541,-0.46107000000000004,-0.45126,9.888480000000001
54141413600,21.78,0.014905111812031574,-0.07777187146886733,0.0,-0.2943,-0.47088,9.81
54146464105,21.78,0.013840460968315033,-0.09800023749948161,0.0,-0.08829,-0.48069000000000006,9.78057
54151514610,21.78,0.012775810124598492,-0.11931070766633237,0.0,0.12753,-0.51012,9.81
54156565115,21.78,0.020245819323134222,-0.11824605682261582,-0.001064650843716541,0.34335000000000004,-0.49050000000000005,9.92772
54161615620,21.78,0.02556907354171693,-0.10012953918691468,0.0,0.57879,-0.51012,9.92772
54166666125,21.78,0.01811651763570114,-0.06391395720803235,-0.002129301687433082,0.74556,-0.51012,10.01601
54171716630,21.78,0.01918116847941768,-0.01811651763570114,-0.002129301687433082,0.75537,-0.5395500000000001,9.98658
54176767135,21.78,0.01811651763570114,0.039409534510031964,-0.001064650843716541,0.74556,-0.51993,9.81
54181817640,21.78,0.01918116847941768,0.08628907821859966,-0.001064650843716541,0.59841,-0.50031,9.70209
54186868145,21.78,0.01918116847941768,0.12463396188491506,0.0,0.32373,-0.46107000000000004,9.67266
54191918650,21.78,0.023439771854283843,0.13849187614575004,0.0,0.02943,-0.47088,9.66285
54196969155,21.78,0.02663372438543347,0.1171814059788993,-0.003193952531149623,-0.20601000000000003,-0.42183,9.74133
54202019660,21.78,0.02663372438543347,0.06923721142661506,0.0,-0.36297,-0.3924,9.760950000000001
54207070165,21.78,0.02769837522915001,0.01811651763570114,0.0,-0.46107000000000004,-0.44145,9.74133
54212120670,21.78,0.022375121010567305,-0.021310470166850764,-0.001064650843716541,-0.41202000000000005,-0.41202000000000005,9.78057
54217171175,21.78,0.021310470166850764,-0.04260348704118158,0.0,-0.30411,-0.42183,9.82962
54222221680,21.78,0.020245819323134222,-0.04581489286485115,0.001064650843716541,-0.22563,-0.44145,9.78057
54227272185,21.78,0.012775810124598492,-0.04260348704118158,-0.001064650843716541,-0.12753,-0.45126,9.78057
54232322690,21.78,0.006387905062299246,-0.04153883619746504,0.0,-0.019620000000000002,-0.49050000000000005,9.760950000000001
54237373195,21.78,0.0,-0.04366813788489812,0.0,0.05886,-0.48069000000000006,9.760950000000001
54242423700,21.78,0.007452555906015787,-0.05007349623971732,0.0,0.13734000000000002,-0.50031,9.86886
54247474205,21.78,0.01064650843716541,-0.05752605214573309,-0.001064650843716541,0.25506,-0.52974,9.99639
54252524710,21.78,0.020245819323134222,-0.06710790973918197,-0.002129301687433082,0.38259000000000004,-0.56898,10.045440000000001
54257575215,21.78,0.015987215948268057,-0.04581489286485115,-0.003193952531149623,0.49050000000000005,-0.5591700000000001,10.074869999999999
54262625720,21.78,0.021310470166850764,-0.006387905062299246,-0.002129301687433082,0.52974,-0.56898,10.05525
54267676225,21.78,0.01918116847941768,0.04366813788489812,-0.002129301687433082,0.51012,-0.52974,9.89829
54272726730,21.78,0.014905111812031574,0.06710790973918197,0.001064650843716541,0.37278,-0.50031,9.82962
54277777235,21.78,0.01811651763570114,0.0756251164889143,0.0,0.18639,-0.51012,9.760950000000001
54282827740,21.78,0.03515093113516579,0.05965535383316618,0.0,0.05886,-0.50031,9.74133
54287878245,21.78,0.04153883619746504,0.03834488366631542,0.0,0.0,-0.48069000000000006,9.86886
54292928750,21.78,0.04260348704118158,0.01811651763570114,-0.003193952531149623,-0.08829,-0.47088,10.025820000000001
54297979255,21.78,0.04260348704118158,0.0170518667919846,-0.001064650843716541,-0.15696000000000002,-0.45126,10.006200000000002
54303029760,21.78,0.02982767691658309,0.013840460968315033,-0.001064650843716541,-0.12753,-0.49050000000000005,9.908100000000001
54308080265,21.78,0.023439771854283843,0.011711159280881954,-0.003193952531149623,-0.13734000000000002,-0.41202000000000005,9.72171
54313130770,21.78,0.02556907354171693,0.002129301687433082,0.002129301687433082,-0.12753,-0.41202000000000005,9.496080000000001
54318181275,21.78,0.03621558197888234,-0.011711159280881954,0.0,-0.11772,-0.43164,9.55494
54323231780,21.78,0.04260348704118158,-0.03515093113516579,0.0,-0.02943,-0.41202000000000005,9.64323
54328282285,21.78,0.0404741853537485,-0.044732788728614664,0.0,0.02943,-0.41202000000000005,9.819809999999999
54333332790,21.78,0.03089232776029963,-0.04794419455228423,-0.001064650843716541,0.08829,-0.42183,9.98658
54338383295,21.78,0.021310470166850764,-0.03515093113516579,0.0,0.16677000000000003,-0.43164,9.92772
54343433800,21.78,0.012775810124598492,-0.0170518667919846,0.0,0.25506,-0.44145,9.73152
54348484305,21.78,0.01918116847941768,-0.007452555906015787,0.0,0.28449,-0.44145,9.633420000000001
54353534810,21.78,0.028763026072866547,0.002129301687433082,-0.002129301687433082,0.30411,-0.41202000000000005,9.59418
54358585315,21.78,0.03408628029144926,0.005323254218582705,-0.002129301687433082,0.26487,-0.41202000000000005,9.58437
54363635820,21.78,0.02982767691658309,0.021310470166850764,0.0,0.20601000000000003,-0.3924,9.81
54368686325,21.78,0.01811651763570114,0.03408628029144926,-0.001064650843716541,0.14715,-0.44145,9.908100000000001
54373736830,21.78,0.01064650843716541,0.04260348704118158,0.0,0.04905,-0.41202000000000005,9.98658
54378787335,21.78,0.007452555906015787,0.03515093113516579,0.0,-0.05886,-0.46107000000000004,10.05525
54383837840,21.78,0.014905111812031574,0.00958185759344887,-0.001064650843716541,-0.10791,-0.45126,9.97677
54388888345,21.78,0.02556907354171693,-0.00958185759344887,-0.001064650843716541,-0.05886,-0.48069000000000006,9.78057
54393938850,21.78,0.02982767691658309,-0.013840460968315033,-0.002129301687433082,0.009810000000000001,-0.44145,9.760950000000001
54398989355,21.78,0.028763026072866547,-0.003193952531149623,0.001064650843716541,0.009810000000000001,-0.47088,9.70209
54404039860,21.78,0.01918116847941768,0.003193952531149623,0.0,0.0,-0.47088,9.81
54409090365,21.78,0.012775810124598492,0.002129301687433082,0.0,-0.009810000000000001,-0.49050000000000005,9.98658
54414140870,21.78,0.01918116847941768,-0.008517206749732328,-0.001064650843716541,-0.04905,-0.46107000000000004,10.01601
54419191375,21.78,0.02663372438543347,-0.02769837522915001,-0.001064650843716541,0.019620000000000002,-0.49050000000000005,10.01601
54424241880,21.78,0.0404741853537485,-0.03834488366631542,-0.003193952531149623,0.10791,-0.46107000000000004,9.937529999999999
54429292385,21.78,0.05113814708343386,-0.02769837522915001,-0.003193952531149623,0.1962,-0.43164,9.79038
54434342890,21.78,0.049008845396000776,-0.007452555906015787,0.0,0.22563,-0.46107000000000004,9.7119
54439393395,21.78,0.04366813788489812,0.007452555906015787,0.0,0.23544,-0.42183,9.770760000000001
54444443900,21.78,0.028763026072866547,0.0170518667919846,0.0,0.18639,-0.43164,9.82962
54449494405,21.78,0.024504422698000388,0.01811651763570114,-0.002129301687433082,0.11772,-0.43164,9.91791
54454544910,21.78,0.03089232776029963,0.00958185759344887,0.0,0.08829,-0.41202000000000005,9.95715
54459595415,21.78,0.04581489286485115,0.0,0.0,0.0981,-0.41202000000000005,9.95715
54464645920,21.78,0.054332099614583476,-0.005323254218582705,0.0,0.07848000000000001,-0.40221,9.888480000000001
54469696425,21.78,0.046879543708567686,0.004258603374866164,0.001064650843716541,0.0981,-0.41202000000000005,9.87867
54474746930,21.78,0.03728023282259888,0.020245819323134222,0.0,0.0981,-0.38259000000000004,9.69228
54479797435,21.78,0.021310470166850764,0.02769837522915001,-0.001064650843716541,0.02943,-0.41202000000000005,9.57456
54484847940,21.78,0.01811651763570114,0.02663372438543347,0.0,-0.009810000000000001,-0.37278,9.60399
54489898445,21.78,0.02663372438543347,0.006387905062299246,0.002129301687433082,-0.02943,-0.38259000000000004,9.73152
54494948950,21.78,0.03515093113516579,-0.01811651763570114,-0.002129301687433082,-0.04905,-0.41202000000000005,9.888480000000001
54499999455,21.78,0.0404741853537485,-0.023439771854283843,-0.003193952531149623,0.0,-0.42183,10.01601
54505049960,21.78,0.04260348704118158,-0.011711159280881954,-0.002129301687433082,0.019620000000000002,-0.41202000000000005,9.85905
54510100465,21.78,0.03089232776029963,-0.003193952531149623,0.0,0.04905,-0.3924,9.67266
54515150970,21.78,0.014905111812031574,-0.005323254218582705,0.0,0.07848000000000001,-0.38259000000000004,9.55494
54520201475,21.78,0.01811651763570114,-0.012775810124598492,0.001064650843716541,0.0981,-0.38259000000000004,9.55494
54525251980,21.78,0.02769837522915001,-0.00958185759344887,-0.001064650843716541,0.15696000000000002,-0.40221,9.66285
54530302485,21.78,0.044732788728614664,-0.001064650843716541,0.0,0.10791,-0.37278,9.908100000000001
54535352990,21.78,0.05007349623971732,0.002129301687433082,0.0,0.11772,-0.40221,10.05525
54540403495,21.78,0.03834488366631542,-0.001064650843716541,0.0,0.06867000000000001,-0.3924,10.05525
54545454000,21.78,0.021310470166850764,0.002129301687433082,0.0,0.08829,-0.3924,9.91791
54550504505,21.78,0.014905111812031574,0.012775810124598492,0.0,0.08829,-0.38259000000000004,9.64323
54555555010,21.78,0.02769837522915001,0.03089232776029963,0.0,0.08829,-0.41202000000000005,9.57456
54560605515,21.78,0.039409534510031964,0.02982767691658309,0.0,-0.019620000000000002,-0.37278,9.7119
54565656020,21.78,0.04366813788489812,0.006387905062299246,0.0,-0.06867000000000001,-0.38259000000000004,9.819809999999999
54570706525,21.78,0.04153883619746504,-0.013840460968315033,0.0,-0.06867000000000001,-0.40221,9.98658
54575757030,21.78,0.031956978604016174,-0.014905111812031574,0.0,-0.019620000000000002,-0.40221,10.05525
54580807535,21.78,0.022375121010567305,0.0,0.0,-0.019620000000000002,-0.41202000000000005,10.006200000000002
54585858040,21.78,0.0170518667919846,0.004258603374866164,0.0,-0.019620000000000002,-0.42183,9.937529999999999
54590908545,21.78,0.02556907354171693,-0.007452555906015787,0.0,0.009810000000000001,-0.40221,9.87867
54595959050,21.78,0.0404741853537485,-0.031956978604016174,0.0,0.05886,-0.41202000000000005,9.74133
54601009555,21.78,0.046879543708567686,-0.04153883619746504,0.0,0.15696000000000002,-0.3924,9.751140000000001
54606060060,21.78,0.049008845396000776,-0.02982767691658309,0.0,0.22563,-0.40221,9.86886
54611110565,21.78,0.04153883619746504,-0.003193952531149623,0.0,0.24525000000000002,-0.40221,9.937529999999999
54616161070,21.78,0.03728023282259888,0.014905111812031574,0.0,0.1962,-0.41202000000000005,9.94734
54621211575,21.78,0.03728023282259888,0.022375121010567305,0.0,0.14715,-0.41202000000000005,9.91791
54626262080,21.78,0.03728023282259888,0.014905111812031574,0.0,0.0981,-0.36297,9.82962
54631312585,21.78,0.049008845396000776,0.011711159280881954,0.0,0.0981,-0.34335000000000004,9.70209
54636363090,21.78,0.06391395720803235,0.0170518667919846,0.0,0.0981,-0.33354000000000006,9.67266
54641413595,21.78,0.06391395720803235,0.03621558197888234,0.0,0.02943,-0.31392000000000003,9.633420000000001
54646464100,21.78,0.05326744877086694,0.033021629447732716,0.0,-0.05886,-0.2943,9.70209
54651514605,21.78,0.03408628029144926,0.024504422698000388,0.0,-0.0981,-0.2943,9.760950000000001
54656565110,21.78,0.03089232776029963,0.008517206749732328,0.0,-0.10791,-0.31392000000000003,9.73152
54661615615,21.78,0.02982767691658309,-0.005323254218582705,0.0,-0.11772,-0.27468000000000004,9.78057
54666666120,21.78,0.03834488366631542,-0.014905111812031574,0.0,-0.06867000000000001,-0.27468000000000004,9.83943
54671716625,21.78,0.05113814708343386,-0.02769837522915001,0.0,-0.009810000000000001,-0.28449,9.78057
54676767130,21.78,0.05007349623971732,-0.03515093113516579,0.0,0.039240000000000004,-0.30411,9.68247
54681817635,21.78,0.03515093113516579,-0.03621558197888234,0.0,0.10791,-0.30411,9.65304
54686868140,21.78,0.015987215948268057,-0.028763026072866547,0.0,0.1962,-0.33354000000000006,9.6138
54691918645,21.78,0.0170518667919846,-0.01811651763570114,0.0,0.21582,-0.35316,9.79038
54696969150,21.78,0.02556907354171693,-0.001064650843716541,0.0,0.21582,-0.32373,9.94734
54702019655,21.78,0.031956978604016174,0.008517206749732328,0.0,0.18639,-0.34335000000000004,10.025820000000001
54707070160,21.78,0.02982767691658309,-0.001064650843716541,0.0,0.13734000000000002,-0.3924,10.1043
54712120665,21.78,0.03515093113516579,0.011711159280881954,0.0,0.13734000000000002,-0.38259000000000004,10.006200000000002
54717171170,21.78,0.03089232776029963,0.03515093113516579,0.0,0.11772,-0.38259000000000004,9.819809999999999
54722221675,21.78,0.020245819323134222,0.04260348704118158,0.0,0.02943,-0.37278,9.819809999999999
54727272180,21.78,0.02556907354171693,0.04153883619746504,0.0,-0.02943,-0.3924,9.82962
54732322685,21.78,0.03834488366631542,0.02769837522915001,0.0,-0.0981,-0.38259000000000004,9.888480000000001
54737373190,21.78,0.04260348704118158,0.008517206749732328,0.0,-0.14715,-0.38259000000000004,10.006200000000002
54742423695,21.78,0.046879543708567686,-0.0170518667919846,0.0,-0.12753,-0.38259000000000004,10.01601
54747474200,21.78,0.05326744877086694,-0.023439771854283843,0.0,-0.07848000000000001,-0.34335000000000004,9.89829
54752524705,21.78,0.05859070298944965,-0.01918116847941768,0.0,-0.019620000000000002,-0.35316,9.770760000000001
54757575210,21.78,0.05539675045830002,-0.020245819323134222,0.0,0.04905,-0.31392000000000003,9.64323
54762625715,21.78,0.054332099614583476,-0.02556907354171693,0.0,0.08829,-0.32373,9.6138
54767676220,21.78,0.05752605214573309,-0.01918116847941768,0.0,0.13734000000000002,-0.27468000000000004,9.66285
54772726725,21.78,0.06604325889546543,-0.011711159280881954,0.006387905062299246,0.14715,-0.23544,9.69228
54777777230,21.78,0.06178465552059926,-0.001064650843716541,-0.003193952531149623,0.15696000000000002,-0.24525000000000002,9.760950000000001
54782827735,21.78,0.06178465552059926,0.003193952531149623,-0.004258603374866164,0.13734000000000002,-0.21582,9.87867
54787878240,21.78,0.05646140130201656,0.014905111812031574,-0.003193952531149623,0.13734000000000002,-0.20601000000000003,9.82962
54792928745,21.78,0.04581489286485115,0.02556907354171693,0.0,0.07848000000000001,-0.18639,9.67266
54797979250,21.78,0.04260348704118158,0.028763026072866547,0.001064650843716541,0.039240000000000004,-0.17658,9.60399
54803029755,21.78,0.04153883619746504,0.02663372438543347,-0.001064650843716541,-0.019620000000000002,-0.20601000000000003,9.58437
54808080260,21.78,0.03621558197888234,0.012775810124598492,0.002129301687433082,-0.06867000000000001,-0.1962,9.68247
54813130765,21.78,0.028763026072866547,0.0,-0.003193952531149623,-0.07848000000000001,-0.22563,9.888480000000001
54818181270,21.78,0.02556907354171693,-0.007452555906015787,-0.002129301687433082,-0.0981,-0.27468000000000004,9.99639
54823231775,21.78,0.020245819323134222,-0.012775810124598492,0.0,-0.06867000000000001,-0.2943,9.96696
54828282280,21.78,0.014905111812031574,-0.0170518667919846,0.0,-0.06867000000000001,-0.33354000000000006,10.006200000000002
54833332785,21.78,0.01918116847941768,-0.01064650843716541,0.0,-0.009810000000000001,-0.36297,9.89829
54838383290,21.78,0.020245819323134222,-0.014905111812031574,-0.001064650843716541,0.039240000000000004,-0.37278,9.85905
54843433795,21.78,0.024504422698000388,-0.0170518667919846,-0.002129301687433082,0.10791,-0.38259000000000004,9.87867
54848484300,21.78,0.03515093113516579,-0.005323254218582705,-0.003193952531149623,0.12753,-0.3924,9.83943
54853534805,21.78,0.0404741853537485,0.0,0.0,0.10791,-0.38259000000000004,9.84924
54858585310,21.78,0.04153883619746504,0.0,-0.003193952531149623,0.0981,-0.38259000000000004,9.95715
54863635815,21.78,0.049008845396000776,0.002129301687433082,-0.003193952531149623,0.11772,-0.35316,10.025820000000001
54868686320,21.78,0.05539675045830002,0.005323254218582705,-0.001064650843716541,0.07848000000000001,-0.33354000000000006,9.97677
54873736825,21.78,0.06604325889546543,0.01064650843716541,0.0,0.04905,-0.2943,9.82962
54878787330,21.78,0.07030186227033158,0.01918116847941768,0.0,0.02943,-0.28449,9.64323
54883837835,21.78,0.07456046564519776,0.020245819323134222,0.0,0.009810000000000001,-0.22563,9.54513
54888888340,21.78,0.07136651311404815,0.014905111812031574,0.0,0.0,-0.14715,9.623610000000001
54893938845,21.78,0.06923721142661506,0.00958185759344887,-0.003193952531149623,-0.039240000000000004,-0.16677000000000003,9.7119
54898989350,21.78,0.06497860805174888,0.0,0.0,-0.039240000000000004,-0.15696000000000002,9.78057
54904039855,21.78,0.05965535383316618,-0.007452555906015787,0.0,-0.02943,-0.11772,9.82962
54909090360,21.78,0.05752605214573309,-0.00958185759344887,0.001064650843716541,0.0,-0.13734000000000002,9.79038
54914140865,21.78,0.046879543708567686,-0.00958185759344887,0.0,0.0,-0.15696000000000002,9.751140000000001
54919191370,21.78,0.04260348704118158,-0.014905111812031574,0.001064650843716541,0.039240000000000004,-0.13734000000000002,9.78057
54924241875,21.78,0.03408628029144926,-0.012775810124598492,0.0,0.05886,-0.15696000000000002,9.751140000000001
54929292380,21.78,0.02769837522915001,-0.007452555906015787,0.002129301687433082,0.05886,-0.20601000000000003,9.7119
54934342885,21.78,0.02663372438543347,-0.002129301687433082,0.0,0.05886,-0.22563,9.81
54939393390,21.78,0.020245819323134222,-0.002129301687433082,0.0,0.06867000000000001,-0.24525000000000002,9.888480000000001
54944443895,21.78,0.023439771854283843,0.002129301687433082,0.0,0.04905,-0.28449,9.96696
54949494400,21.78,0.028763026072866547,0.012775810124598492,0.0,0.039240000000000004,-0.30411,9.98658
54954544905,21.78,0.02982767691658309,0.00958185759344887,0.0,-0.02943,-0.31392000000000003,9.87867
54959595410,21.78,0.031956978604016174,0.006387905062299246,0.0,-0.009810000000000001,-0.34335000000000004,9.79038
54964645915,21.78,0.04153883619746504,0.002129301687433082,0.002129301687433082,0.009810000000000001,-0.31392000000000003,9.72171
54969696420,21.78,0.04153883619746504,0.004258603374866164,-0.002129301687433082,0.0,-0.2943,9.70209
54974746925,21.78,0.05007349623971732,0.006387905062299246,-0.003193952531149623,-0.009810000000000001,-0.31392000000000003,9.81
54979797430,21.78,0.05752605214573309,0.007452555906015787,-0.002129301687433082,-0.02943,-0.27468000000000004,9.85905
54984847935,21.78,0.060720004676882725,-0.001064650843716541,-0.002129301687433082,-0.02943,-0.23544,9.888480000000001
54989898440,21.78,0.06391395720803235,-0.012775810124598492,-0.001064650843716541,0.0,-0.20601000000000003,9.83943
54994948945,21.78,0.06817256058289851,-0.011711159280881954,0.0,0.009810000000000001,-0.17658,9.82962
54999999450,21.78,0.06923721142661506,0.0,-0.003193952531149623,0.009810000000000001,-0.16677000000000003,9.74133
55005049955,21.78,0.06284930636431581,0.006387905062299246,0.0,0.009810000000000001,-0.12753,9.78057
55010100460,21.78,0.06284930636431581,0.007452555906015787,0.002129301687433082,-0.009810000000000001,-0.13734000000000002,9.80019
55015150965,21.78,0.04794419455228423,-0.01064650843716541,-0.002129301687433082,0.009810000000000001,-0.10791,9.81
55020201470,21.78,0.04794419455228423,-0.021310470166850764,0.0,0.04905,-0.11772,9.84924
55025251975,21.78,0.05646140130201656,-0.0170518667919846,0.001064650843716541,0.08829,-0.16677000000000003,9.95715
55030302480,21.78,0.0404741853537485,-0.004258603374866164,0.0,0.07848000000000001,-0.14715,9.91791
55035352985,21.78,0.04581489286485115,0.006387905062299246,0.001064650843716541,0.07848000000000001,-0.17658,9.86886
55040403490,21.78,0.03834488366631542,0.013840460968315033,-0.003193952531149623,0.06867000000000001,-0.18639,9.82962
55045453995,21.78,0.03515093113516579,0.01064650843716541,0.0,0.08829,-0.16677000000000003,9.67266
55050504500,21.78,0.03515093113516579,0.00958185759344887,-0.001064650843716541,0.039240000000000004,-0.21582,9.633420000000001
55055555005,21.78,0.03834488366631542,0.022375121010567305,-0.002129301687433082,0.0,-0.21582,9.78057
55060605510,21.78,0.044732788728614664,0.02556907354171693,0.0,-0.02943,-0.21582,9.81
55065656015,21.78,0.046879543708567686,0.02769837522915001,-0.002129301687433082,-0.11772,-0.20601000000000003,9.85905
55070706520,21.78,0.05007349623971732,0.013840460968315033,-0.001064650843716541,-0.1962,-0.20601000000000003,9.87867
55075757025,21.78,0.05113814708343386,-0.01064650843716541,0.001064650843716541,-0.14715,-0.16677000000000003,9.760950000000001
55080807530,21.78,0.054332099614583476,-0.01811651763570114,-0.001064650843716541,-0.05886,-0.17658,9.73152
55085858035,21.78,0.05646140130201656,-0.008517206749732328,0.001064650843716541,-0.04905,-0.18639,9.81
55090908540,21.78,0.054332099614583476,-0.004258603374866164,-0.003193952531149623,-0.009810000000000001,-0.16677000000000003,9.79038
55095959045,21.78,0.054332099614583476,-0.007452555906015787,0.0,-0.019620000000000002,-0.16677000000000003,9.89829
55101009550,21.78,0.049008845396000776,-0.007452555906015787,0.0,-0.019620000000000002,-0.17658,9.98658
55106060055,21.78,0.04581489286485115,-0.011711159280881954,-0.002129301687433082,0.0,-0.16677000000000003,9.92772
55111110560,21.78,0.044732788728614664,-0.007452555906015787,0.002129301687433082,0.039240000000000004,-0.16677000000000003,9.92772
55116161065,21.78,0.05113814708343386,-0.006387905062299246,0.0,0.039240000000000004,-0.16677000000000003,9.92772
55121211570,21.78,0.05859070298944965,-0.005323254218582705,0.0,0.04905,-0.16677000000000003,9.81
55126262075,21.78,0.05539675045830002,-0.003193952531149623,-0.001064650843716541,0.07848000000000001,-0.15696000000000002,9.770760000000001
55131312580,21.78,0.05007349623971732,-0.007452555906015787,-0.004258603374866164,0.05886,-0.17658,9.81
55136363085,21.78,0.049008845396000776,-0.00958185759344887,-0.003193952531149623,0.11772,-0.14715,9.74133
55141413590,21.78,0.04794419455228423,-0.003193952531149623,0.001064650843716541,0.10791,-0.12753,9.78057
55146464095,21.78,0.05859070298944965,0.006387905062299246,0.002129301687433082,0.10791,-0.14715,9.81
55151514600,21.78,0.06817256058289851,0.01064650843716541,0.0,0.06867000000000001,-0.10791,9.74133
55156565105,21.78,0.06284930636431581,0.022375121010567305,-0.002129301687433082,0.039240000000000004,-0.0981,9.78057
55161615610,21.78,0.05859070298944965,0.033021629447732716,0.0,-0.019620000000000002,-0.08829,9.81
55166666115,21.78,0.05326744877086694,0.03621558197888234,0.003193952531149623,-0.07848000000000001,-0.08829,9.68247
55171716620,21.78,0.04794419455228423,0.02769837522915001,0.0,-0.14715,-0.05886,9.67266
55176767125,21.78,0.05326744877086694,0.013840460968315033,0.0,-0.1962,-0.08829,9.72171
55181817630,21.78,0.054332099614583476,-0.006387905062299246,0.001064650843716541,-0.1962,-0.07848000000000001,9.80019
55186868135,21.78,0.05220279792715039,-0.022375121010567305,-0.003193952531149623,-0.12753,-0.0981,9.96696
55191918640,21.78,0.05220279792715039,-0.024504422698000388,0.0,-0.0981,-0.08829,10.006200000000002
55196969145,21.78,0.044732788728614664,-0.02663372438543347,-0.002129301687433082,-0.019620000000000002,-0.11772,9.92772
55202019650,21.78,0.04260348704118158,-0.033021629447732716,-0.001064650843716541,0.02943,-0.10791,9.78057
55207070155,21.78,0.039409534510031964,-0.031956978604016174,0.0,0.14715,-0.12753,9.67266
55212120660,21.78,0.04153883619746504,-0.02663372438543347,0.0,0.17658,-0.13734000000000002,9.7119
55217171165,21.78,0.049008845396000776,-0.005323254218582705,-0.002129301687433082,0.1962,-0.10791,9.83943
55222221670,21.78,0.05646140130201656,0.024504422698000388,0.0,0.14715,-0.12753,9.95715
55227272175,21.78,0.054332099614583476,0.02982767691658309,-0.001064650843716541,0.05886,-0.13734000000000002,9.908100000000001
55232322680,21.78,0.05220279792715039,0.02982767691658309,0.0,0.019620000000000002,-0.0981,9.819809999999999
55237373185,21.78,0.05220279792715039,0.028763026072866547,0.001064650843716541,-0.05886,-0.12753,9.79038
55242423690,21.78,0.05539675045830002,0.022375121010567305,0.0,-0.07848000000000001,-0.08829,9.7119
55247474195,21.78,0.06178465552059926,0.020245819323134222,0.0,-0.11772,-0.05886,9.751140000000001
55252524700,21.78,0.06817256058289851,0.014905111812031574,-0.002129301687433082,-0.16677000000000003,-0.039240000000000004,9.84924
55257575205,21.78,0.06604325889546543,0.001064650843716541,-0.001064650843716541,-0.17658,-0.04905,9.83943
55262625710,21.78,0.05752605214573309,-0.014905111812031574,0.001064650843716541,-0.17658,-0.06867000000000001,9.91791
55267676215,21.78,0.05007349623971732,-0.02769837522915001,0.001064650843716541,-0.12753,-0.06867000000000001,9.87867
55272726720,21.78,0.04366813788489812,-0.04153883619746504,0.0,0.0,-0.05886,9.81
55277777225,21.78,0.049008845396000776,-0.0404741853537485,0.0,0.05886,-0.04905,9.87867
55282827730,21.78,0.06178465552059926,-0.02556907354171693,0.0,0.10791,-0.02943,9.82962
55287878235,21.78,0.060720004676882725,-0.011711159280881954,0.0,0.17658,-0.04905,9.81
55292928740,21.78,0.05859070298944965,0.013840460968315033,0.0,0.14715,-0.039240000000000004,9.81
55297979245,21.78,0.054332099614583476,0.04260348704118158,0.0,0.0981,-0.05886,9.78057
55303029750,21.78,0.04581489286485115,0.05646140130201656,0.0,-0.04905,-0.02943,9.73152
55308080255,21.78,0.04260348704118158,0.04794419455228423,0.0,-0.15696000000000002,-0.05886,9.67266
55313130760,21.78,0.05220279792715039,0.024504422698000388,0.0,-0.1962,-0.02943,9.68247
55318181265,21.78,0.05965535383316618,-0.001064650843716541,0.0,-0.20601000000000003,-0.02943,9.80019
55323231770,21.78,0.06923721142661506,-0.02556907354171693,-0.006387905062299246,-0.17658,0.0,9.82962
55328282275,21.78,0.06923721142661506,-0.015987215948268057,0.0,-0.0981,0.0,9.83943
55333332780,21.78,0.05752605214573309,-0.0170518667919846,-0.001064650843716541,-0.06867000000000001,-0.009810000000000001,9.82962
55338383285,21.78,0.04366813788489812,-0.012775810124598492,0.001064650843716541,-0.04905,-0.019620000000000002,9.79038
55343433790,21.78,0.03621558197888234,-0.014905111812031574,0.001064650843716541,-0.02943,-0.02943,9.79038
55348484295,21.78,0.04581489286485115,-0.021310470166850764,0.001064650843716541,0.019620000000000002,-0.039240000000000004,9.79038
55353534800,21.78,0.05326744877086694,-0.02663372438543347,-0.001064650843716541,0.06867000000000001,-0.019620000000000002,9.92772
55358585305,21.78,0.06497860805174888,-0.028763026072866547,0.0,0.16677000000000003,0.0,9.94734
55363635810,21.78,0.05859070298944965,-0.01918116847941768,-0.004258603374866164,0.16677000000000003,-0.04905,9.94734
55368686315,21.78,0.054332099614583476,0.01064650843716541,-0.002129301687433082,0.13734000000000002,-0.04905,9.92772
55373736820,21.78,0.05007349623971732,0.04153883619746504,-0.001064650843716541,0.0981,-0.04905,9.74133
55378787325,21.78,0.04260348704118158,0.06497860805174888,-0.001064650843716541,-0.019620000000000002,-0.02943,9.72171
55383837830,21.78,0.05113814708343386,0.06604325889546543,0.002129301687433082,-0.18639,-0.019620000000000002,9.67266
55388888335,21.78,0.06178465552059926,0.04366813788489812,0.0,-0.27468000000000004,-0.019620000000000002,9.70209
55393938840,21.78,0.06391395720803235,-0.001064650843716541,-0.001064650843716541,-0.30411,0.0,9.80019
55398989345,21.78,0.07243116395776468,-0.04260348704118158,-0.002129301687433082,-0.22563,0.019620000000000002,9.84924
55404039850,21.78,0.06923721142661506,-0.05220279792715039,-0.001064650843716541,-0.10791,0.019620000000000002,9.86886
55409090355,21.78,0.060720004676882725,-0.04153883619746504,0.0,0.0,0.02943,9.888480000000001
55414140860,21.78,0.05646140130201656,-0.020245819323134222,-0.002129301687433082,0.04905,0.019620000000000002,9.81
55419191365,21.78,0.05646140130201656,0.002129301687433082,-0.001064650843716541,0.02943,0.009810000000000001,9.81
55424241870,21.78,0.05113814708343386,0.01811651763570114,-0.002129301687433082,0.009810000000000001,0.019620000000000002,9.760950000000001
55429292375,21.78,0.05326744877086694,0.023439771854283843,0.001064650843716541,-0.019620000000000002,0.02943,9.770760000000001
55434342880,21.78,0.05113814708343386,0.028763026072866547,0.001064650843716541,-0.11772,0.02943,9.81
55439393385,21.78,0.05326744877086694,0.015987215948268057,0.001064650843716541,-0.11772,0.009810000000000001,9.83943
55444443890,21.78,0.05646140130201656,-0.01811651763570114,0.0,-0.13734000000000002,0.019620000000000002,9.86886
55449494395,21.78,0.05113814708343386,-0.046879543708567686,-0.002129301687433082,-0.05886,0.019620000000000002,9.81
55454544900,21.78,0.05326744877086694,-0.05007349623971732,-0.003193952531149623,0.08829,0.019620000000000002,9.78057
55459595405,21.78,0.05859070298944965,-0.02982767691658309,-0.001064650843716541,0.18639,0.02943,9.770760000000001
55464645910,21.78,0.06178465552059926,0.012775810124598492,-0.001064650843716541,0.18639,0.019620000000000002,9.751140000000001
55469696415,21.78,0.05965535383316618,0.04794419455228423,0.0,0.0981,0.039240000000000004,9.69228
55474746920,21.78,0.05539675045830002,0.07136651311404815,-0.002129301687433082,-0.039240000000000004,0.039240000000000004,9.73152
55479797425,21.78,0.05220279792715039,0.06604325889546543,0.0,-0.22563,0.039240000000000004,9.79038
55484847930,21.78,0.04581489286485115,0.05113814708343386,-0.002129301687433082,-0.35316,0.02943,9.87867
55489898435,21.78,0.054332099614583476,0.0170518667919846,0.0,-0.3924,0.06867000000000001,9.92772
55494948940,21.78,0.06178465552059926,-0.024504422698000388,0.001064650843716541,-0.42183,0.05886,9.908100000000001
55499999445,21.78,0.06178465552059926,-0.06178465552059926,-0.002129301687433082,-0.27468000000000004,0.04905,9.86886
55505049950,21.78,0.06497860805174888,-0.07456046564519776,0.001064650843716541,-0.07848000000000001,0.039240000000000004,9.82962
55510100455,21.78,0.05859070298944965,-0.07456046564519776,-0.001064650843716541,0.06867000000000001,0.02943,9.81
55515150960,21.78,0.05007349623971732,-0.06817256058289851,0.0,0.21582,0.039240000000000004,9.81
55520201465,21.78,0.05220279792715039,-0.046879543708567686,0.001064650843716541,0.35316,0.04905,9.81
55525251970,21.78,0.05326744877086694,-0.008517206749732328,-0.003193952531149623,0.38259000000000004,0.05886,9.81
55530302475,21.78,0.06710790973918197,0.020245819323134222,-0.001064650843716541,0.32373,0.05886,9.87867
55535352980,21.78,0.07670722062515077,0.06391395720803235,0.0,0.1962,0.04905,9.83943
55540403485,21.78,0.06604325889546543,0.10012953918691468,-0.003193952531149623,0.02943,0.06867000000000001,9.84924
55545453990,21.78,0.060720004676882725,0.11292280260403312,0.0,-0.20601000000000003,0.06867000000000001,9.760950000000001
55550504495,21.78,0.05646140130201656,0.10012953918691468,0.0,-0.44145,0.10791,9.66285
55555555000,21.78,0.054332099614583476,0.07456046564519776,0.0,-0.56898,0.11772,9.633420000000001
55560605505,21.78,0.05752605214573309,0.02769837522915001,0.0,-0.65727,0.11772,9.70209
55565656010,21.78,0.06284930636431581,-0.03089232776029963,-0.003193952531149623,-0.64746,0.13734000000000002,9.82962
55570706515,21.78,0.07030186227033158,-0.07990117315630041,-0.001064650843716541,-0.48069000000000006,0.13734000000000002,9.908100000000001
55575757020,21.78,0.05965535383316618,-0.12676326357234816,-0.001064650843716541,-0.25506,0.12753,9.95715
55580807525,21.78,0.05539675045830002,-0.1480737337391989,0.001064650843716541,0.06867000000000001,0.11772,9.85905
55585858030,21.78,0.049008845396000776,-0.13421581947836395,0.002129301687433082,0.34335000000000004,0.07848000000000001,9.770760000000001
55590908535,21.78,0.05113814708343386,-0.09161233243718235,0.0,0.5493600000000001,0.1962,9.73152
55595959040,21.78,0.05326744877086694,-0.04260348704118158,-0.001064650843716541,0.7651800000000001,0.08829,9.84924
55601009545,21.78,0.05220279792715039,0.005323254218582705,-0.001064650843716541,0.69651,0.05886,9.770760000000001
55606060050,21.78,0.05220279792715039,0.05007349623971732,-0.003193952531149623,0.59841,0.04905,9.760950000000001
55611110555,21.78,0.054332099614583476,0.10012953918691468,-0.006387905062299246,0.38259000000000004,0.05886,9.84924
55616161060,21.78,0.06178465552059926,0.13634512116579703,0.0,0.12753,0.04905,9.81
55621211565,21.78,0.06178465552059926,0.15126768627034853,-0.004258603374866164,-0.1962,0.08829,9.83943
55626262070,21.78,0.06710790973918197,0.13849187614575004,-0.001064650843716541,-0.48069000000000006,0.11772,9.72171
55631312575,21.78,0.06923721142661506,0.10866419922916695,0.0,-0.6768900000000001,0.14715,9.70209
55636363080,21.78,0.06923721142661506,0.06178465552059926,-0.001064650843716541,-0.8338500000000001,0.16677000000000003,9.68247
55641413585,21.78,0.07136651311404815,0.006387905062299246,0.0,-0.84366,0.1962,9.72171
55646464090,21.78,0.06923721142661506,-0.03728023282259888,0.001064650843716541,-0.7749900000000001,0.20601000000000003,9.82962
55651514595,21.78,0.05965535383316618,-0.09161233243718235,0.0,-0.60822,0.1962,9.89829
55656565100,21.78,0.05965535383316618,-0.13208651779093086,0.001064650843716541,-0.37278,0.1962,9.82962
55661615605,21.78,0.05539675045830002,-0.14594443205176583,0.0,-0.039240000000000004,0.20601000000000003,9.84924
55666666110,21.78,0.049008845396000776,-0.13634512116579703,0.0,0.21582,0.32373,9.86886
55671716615,21.78,0.05113814708343386,-0.11611675513518273,0.0,0.59841,0.27468000000000004,9.908100000000001
55676767120,21.78,0.02663372438543347,-0.060720004676882725,0.0,0.75537,0.18639,9.819809999999999
55681817625,21.78,0.028763026072866547,-0.008517206749732328,0.0,0.74556,0.0,9.60399
55686868130,21.78,0.03834488366631542,0.03834488366631542,-0.001064650843716541,0.5591700000000001,0.039240000000000004,9.70209
55691918635,21.78,0.03834488366631542,0.08203047484373349,0.0,0.44145,0.02943,9.91791
55696969140,21.78,0.05859070298944965,0.09800023749948161,0.0,0.22563,0.009810000000000001,9.98658
55702019645,21.78,0.05752605214573309,0.11079350091660004,0.0,0.0,0.05886,9.91791
55707070150,21.78,0.07243116395776468,0.10012953918691468,-0.001064650843716541,-0.20601000000000003,0.06867000000000001,9.81
55712120655,21.78,0.07777187146886733,0.0756251164889143,-0.001064650843716541,-0.36297,0.11772,9.70209
55717171160,21.78,0.08309512568745003,0.044732788728614664,0.0,-0.44145,0.20601000000000003,9.7119
55722221665,21.78,0.0852244273748831,0.008517206749732328,-0.002129301687433082,-0.48069000000000006,0.21582,9.760950000000001
55727272170,21.78,0.08309512568745003,-0.02982767691658309,0.0,-0.47088,0.25506,9.86886
55732322675,21.78,0.08203047484373349,-0.046879543708567686,0.0,-0.35316,0.2943,9.87867
55737373180,21.78,0.07777187146886733,-0.06178465552059926,-0.001064650843716541,-0.22563,0.36297,9.80019
55742423685,21.78,0.06178465552059926,-0.06817256058289851,-0.002129301687433082,-0.039240000000000004,0.40221,9.84924
55747474190,21.78,0.05752605214573309,-0.06710790973918197,0.001064650843716541,0.11772,0.37278,9.751140000000001
55752524695,21.78,0.03728023282259888,-0.05539675045830002,0.0,0.23544,0.28449,9.70209
55757575200,21.78,0.031956978604016174,-0.044732788728614664,-0.002129301687433082,0.30411,0.21582,9.64323
55762625705,21.78,0.033021629447732716,-0.02556907354171693,-0.002129301687433082,0.36297,0.17658,9.633420000000001
55767676210,21.78,0.03621558197888234,0.001064650843716541,-0.002129301687433082,0.36297,0.10791,9.79038
55772726715,21.78,0.046879543708567686,0.023439771854283843,0.0,0.30411,0.07848000000000001,9.85905
55777777220,21.78,0.05539675045830002,0.04153883619746504,-0.003193952531149623,0.22563,0.0981,9.937529999999999
55782827725,21.78,0.05752605214573309,0.06284930636431581,-0.003193952531149623,0.07848000000000001,0.0981,9.92772
55787878230,21.78,0.05539675045830002,0.07883652231258387,-0.002129301687433082,-0.07848000000000001,0.07848000000000001,9.84924
55792928735,21.78,0.06391395720803235,0.07777187146886733,-0.001064650843716541,-0.22563,0.11772,9.80019
55797979240,21.78,0.06923721142661506,0.07030186227033158,-0.003193952531149623,-0.35316,0.16677000000000003,9.80019
55803029745,21.78,0.07883652231258387,0.049008845396000776,-0.003193952531149623,-0.48069000000000006,0.21582,9.89829
55808080250,21.78,0.08203047484373349,0.028763026072866547,-0.003193952531149623,-0.51993,0.23544,9.98658
55813130755,21.78,0.08309512568745003,0.01811651763570114,-0.002129301687433082,-0.5886,0.23544,10.006200000000002
55818181260,21.78,0.07670722062515077,0.001064650843716541,0.0,-0.59841,0.27468000000000004,9.95715
55823231765,21.78,0.06923721142661506,-0.013840460968315033,0.0,-0.52974,0.26487,9.819809999999999
55828282270,21.78,0.06284930636431581,-0.031956978604016174,-0.001064650843716541,-0.41202000000000005,0.25506,9.72171
55833332775,21.78,0.06817256058289851,-0.05113814708343386,0.0,-0.32373,0.42183,9.633420000000001
55838383280,21.78,0.07136651311404815,-0.0756251164889143,0.0,-0.11772,0.5493600000000001,9.69228
55843433785,21.78,0.06178465552059926,-0.0852244273748831,0.0,0.08829,0.5493600000000001,9.82962
55848484290,21.78,0.03728023282259888,-0.08309512568745003,0.001064650843716541,0.28449,0.36297,9.73152
55853534795,21.78,0.0170518667919846,-0.06391395720803235,-0.001064650843716541,0.37278,0.11772,9.633420000000001
55858585300,21.78,0.00958185759344887,-0.03408628029144926,0.0,0.40221,0.11772,9.6138
55863635805,21.78,0.021310470166850764,-0.022375121010567305,0.0,0.44145,0.039240000000000004,9.79038
55868686310,21.78,0.04260348704118158,-0.004258603374866164,-0.001064650843716541,0.42183,0.04905,9.82962
55873736815,21.78,0.06284930636431581,0.01811651763570114,0.002129301687433082,0.41202000000000005,0.0981,9.82962
55878787320,21.78,0.08628907821859966,0.03728023282259888,-0.003193952531149623,0.33354000000000006,0.12753,9.751140000000001
55883837825,21.78,0.09374163412461543,0.05326744877086694,0.0,0.21582,0.26487,9.66285
55888888330,21.78,0.09480628496833199,0.06604325889546543,-0.003193952531149623,0.10791,0.33354000000000006,9.67266
55893938835,21.78,0.07670722062515077,0.0756251164889143,-0.003193952531149623,-0.019620000000000002,0.42183,9.79038
55898989340,21.78,0.07670722062515077,0.06817256058289851,0.0,-0.15696000000000002,0.42183,9.69228
55904039845,21.78,0.07136651311404815,0.05752605214573309,0.0,-0.28449,0.44145,9.770760000000001
55909090350,21.78,0.06923721142661506,0.04366813788489812,-0.001064650843716541,-0.43164,0.42183,9.72171
55914140855,21.78,0.06178465552059926,0.021310470166850764,-0.002129301687433082,-0.43164,0.45126,9.74133
55919191360,21.78,0.05220279792715039,-0.001064650843716541,0.0,-0.43164,0.40221,9.760950000000001
55924241865,21.78,0.03834488366631542,-0.023439771854283843,0.0,-0.41202000000000005,0.2943,9.760950000000001
55929292370,21.78,0.02663372438543347,-0.02982767691658309,0.0,-0.33354000000000006,0.22563,9.83943
55934342875,21.78,0.02556907354171693,-0.03728023282259888,-0.002129301687433082,-0.28449,0.17658,9.95715
55939393380,21.78,0.031956978604016174,-0.04366813788489812,-0.001064650843716541,-0.20601000000000003,0.15696000000000002,10.01601
55944443885,21.78,0.046879543708567686,-0.04581489286485115,0.001064650843716541,-0.11772,0.18639,10.074869999999999
55949494390,21.78,0.05752605214573309,-0.04581489286485115,-0.002129301687433082,0.009810000000000001,0.21582,9.97677
55954544895,21.78,0.060720004676882725,-0.03834488366631542,-0.002129301687433082,0.10791,0.28449,9.92772
55959595400,21.78,0.06604325889546543,-0.021310470166850764,-0.003193952531149623,0.17658,0.31392000000000003,9.82962
55964645905,21.78,0.06604325889546543,-0.001064650843716541,0.0,0.20601000000000003,0.30411,9.79038
55969696410,21.78,0.06178465552059926,0.01064650843716541,0.0,0.18639,0.32373,9.78057
55974746915,21.78,0.06178465552059926,0.013840460968315033,-0.001064650843716541,0.14715,0.33354000000000006,9.78057
55979797420,21.78,0.06497860805174888,0.008517206749732328,0.0,0.12753,0.38259000000000004,9.819809999999999
55984847925,21.78,0.07136651311404815,-0.003193952531149623,0.0,0.14715,0.43164,9.760950000000001
55989898430,21.78,0.07136651311404815,0.0,-0.002129301687433082,0.18639,0.43164,9.74133
55994948935,21.78,0.06497860805174888,0.008517206749732328,-0.001064650843716541,0.17658,0.38259000000000004,9.623610000000001
55999999440,21.78,0.05752605214573309,0.021310470166850764,-0.004258603374866164,0.0981,0.38259000000000004,9.52551
56005049945,21.78,0.049008845396000776,0.03515093113516579,-0.003193952531149623,0.039240000000000004,0.31392000000000003,9.57456
56010100450,21.78,0.04794419455228423,0.05007349623971732,-0.001064650843716541,-0.07848000000000001,0.27468000000000004,9.633420000000001
56015150955,21.78,0.05326744877086694,0.06178465552059926,-0.001064650843716541,-0.21582,0.32373,9.751140000000001
56020201460,21.78,0.05859070298944965,0.06284930636431581,-0.002129301687433082,-0.35316,0.2943,9.86886
56025251965,21.78,0.06923721142661506,0.05007349623971732,0.0,-0.49050000000000005,0.32373,9.888480000000001
56030302470,21.78,0.07030186227033158,0.03408628029144926,-0.002129301687433082,-0.5493600000000001,0.37278,9.819809999999999
56035352975,21.78,0.06923721142661506,0.007452555906015787,-0.002129301687433082,-0.5395500000000001,0.48069000000000006,9.770760000000001
56040403480,21.78,0.06497860805174888,-0.024504422698000388,0.0,-0.45126,0.5493600000000001,9.7119
56045453985,21.78,0.05113814708343386,-0.06391395720803235,0.0,-0.33354000000000006,0.6670800000000001,9.73152
56050504490,21.78,0.0404741853537485,-0.10012953918691468,0.0,-0.07848000000000001,0.65727,9.81
56055554995,21.78,0.022375121010567305,-0.11505210429146619,0.001064650843716541,0.17658,0.5886,9.85905
56060605500,21.78,0.01064650843716541,-0.11079350091660004,0.001064650843716541,0.46107000000000004,0.34335000000000004,9.81
56065656005,21.78,0.004258603374866164,-0.07777187146886733,0.0,0.5886,0.18639,9.770760000000001
56070706510,21.78,0.01064650843716541,-0.03089232776029963,0.0,0.59841,-0.02943,9.72171
56075757015,21.78,0.024504422698000388,0.01811651763570114,-0.002129301687433082,0.50031,0.019620000000000002,9.79038
56080807520,21.78,0.05539675045830002,0.07136651311404815,-0.002129301687433082,0.43164,0.019620000000000002,9.89829
56085858025,21.78,0.08309512568745003,0.11611675513518273,-0.004258603374866164,0.13734000000000002,0.11772,9.86886
56090908530,21.78,0.09161233243718235,0.1374272253020335,0.0,-0.13734000000000002,0.21582,9.84924
56095959035,21.78,0.11398745344774965,0.11185815176031658,-0.003193952531149623,-0.3924,0.30411,9.819809999999999
56101009540,21.78,0.11611675513518273,0.06817256058289851,-0.003193952531149623,-0.5591700000000001,0.7651800000000001,9.84924
56106060045,21.78,0.12144000935376545,0.01064650843716541,-0.003193952531149623,-0.48069000000000006,0.87309,10.025820000000001
56111110550,21.78,0.09693558665576507,-0.031956978604016174,-0.002129301687433082,-0.42183,0.9319500000000001,9.89829
56116161055,21.78,0.04794419455228423,-0.05113814708343386,0.0,-0.27468000000000004,0.73575,9.64323
56121211560,21.78,0.031956978604016174,-0.06923721142661506,0.0,-0.14715,0.51012,9.48627
56126262065,21.78,0.003193952531149623,-0.05220279792715039,0.0,-0.07848000000000001,0.3924,9.54513
56131312570,21.78,0.002129301687433082,-0.04260348704118158,0.0,0.0,0.1962,9.66285
56136363075,21.78,0.01064650843716541,-0.02982767691658309,0.0,0.019620000000000002,0.0981,9.81
56141413580,21.78,0.02982767691658309,-0.01918116847941768,0.0,0.039240000000000004,0.12753,9.888480000000001
56146464085,21.78,0.05859070298944965,-0.023439771854283843,0.0,0.06867000000000001,0.24525000000000002,9.86886
56151514590,21.78,0.07670722062515077,-0.031956978604016174,0.0,0.17658,0.5591700000000001,9.81
56156565095,21.78,0.0852244273748831,-0.033021629447732716,0.0,0.37278,0.69651,9.81
56161615600,21.78,0.07883652231258387,-0.01064650843716541,0.0,0.45126,0.59841,9.623610000000001
56166666105,21.78,0.05646140130201656,0.023439771854283843,0.0,0.36297,0.49050000000000005,9.46665
56171716610,21.78,0.04581489286485115,0.05539675045830002,0.0,0.17658,0.38259000000000004,9.48627
56176767115,21.78,0.03621558197888234,0.0852244273748831,0.0,-0.04905,0.2943,9.7119
56181817620,21.78,0.039409534510031964,0.0852244273748831,0.0,-0.22563,0.25506,9.888480000000001
56186868125,21.78,0.054332099614583476,0.060720004676882725,0.0,-0.42183,0.32373,9.98658
56191918630,21.78,0.06923721142661506,0.02663372438543347,0.0,-0.44145,0.43164,10.01601
56196969135,21.78,0.08096582400001695,-0.014905111812031574,0.0,-0.40221,0.60822,9.908100000000001
56202019640,21.78,0.07883652231258387,-0.04794419455228423,0.0,-0.27468000000000004,0.73575,9.86886
56207070145,21.78,0.05859070298944965,-0.06178465552059926,0.0,-0.06867000000000001,0.6867000000000001,9.78057
56212120650,21.78,0.033021629447732716,-0.06284930636431581,0.0,0.039240000000000004,0.5591700000000001,9.60399
56217171155,21.78,0.01918116847941768,-0.03834488366631542,0.0,0.14715,0.34335000000000004,9.66285
56222221660,21.78,0.014905111812031574,-0.011711159280881954,0.0,0.08829,0.24525000000000002,9.67266
56227272165,21.78,0.028763026072866547,0.002129301687433082,0.0,0.07848000000000001,0.24525000000000002,9.80019
56232322670,21.78,0.054332099614583476,0.004258603374866164,0.0,0.0981,0.33354000000000006,9.91791
56237373175,21.78,0.06497860805174888,-0.007452555906015787,0.0,0.06867000000000001,0.51012,9.85905
56242423680,21.78,0.07243116395776468,-0.015987215948268057,0.0,0.16677000000000003,0.60822,9.79038
56247474185,21.78,0.06923721142661506,0.0,0.0,0.25506,0.5886,9.760950000000001
56252524690,21.78,0.05859070298944965,0.006387905062299246,0.0,0.23544,0.57879,9.623610000000001
56257575195,21.78,0.05113814708343386,0.02556907354171693,0.0,0.13734000000000002,0.51993,9.65304
56262625700,21.78,0.049008845396000776,0.04581489286485115,0.0,0.019620000000000002,0.3924,9.760950000000001
56267676205,21.78,0.044732788728614664,0.049008845396000776,0.0,-0.0981,0.34335000000000004,9.760950000000001
56272726710,21.78,0.046879543708567686,0.04153883619746504,0.0,-0.20601000000000003,0.38259000000000004,9.84924
56277777215,21.78,0.06178465552059926,0.03089232776029963,0.0,-0.28449,0.47088,9.819809999999999
56282827720,21.78,0.07030186227033158,0.004258603374866164,0.0,-0.2943,0.60822,9.751140000000001
56287878225,21.78,0.07243116395776468,-0.0170518667919846,0.0,-0.22563,0.75537,9.82962
56292928730,21.78,0.05752605214573309,-0.023439771854283843,0.0,-0.10791,0.69651,9.85905
56297979235,21.78,0.04366813788489812,-0.01918116847941768,0.0,-0.07848000000000001,0.5493600000000001,9.69228
56303029740,21.78,0.033021629447732716,0.002129301687433082,0.0,-0.08829,0.40221,9.70209
56308080245,21.78,0.028763026072866547,0.001064650843716541,0.0,-0.13734000000000002,0.34335000000000004,9.69228
56313130750,21.78,0.03515093113516579,-0.014905111812031574,0.0,-0.14715,0.41202000000000005,9.73152
56318181255,21.78,0.05007349623971732,-0.033021629447732716,0.0,0.0,0.5886,9.79038
56323231760,21.78,0.060720004676882725,-0.04153883619746504,0.0,0.13734000000000002,0.74556,9.85905
56328282265,21.78,0.05859070298944965,-0.03515093113516579,0.0,0.26487,0.71613,9.78057
56333332770,21.78,0.04581489286485115,-0.01064650843716541,0.0,0.2943,0.48069000000000006,9.74133
56338383275,21.78,0.028763026072866547,0.011711159280881954,0.0,0.20601000000000003,0.2943,9.67266
56343433780,21.78,0.024504422698000388,0.02556907354171693,0.0,0.07848000000000001,0.23544,9.64323
56348484285,21.78,0.03621558197888234,0.03515093113516579,0.0,-0.019620000000000002,0.27468000000000004,9.84924
56353534790,21.78,0.05859070298944965,0.031956978604016174,0.0,-0.07848000000000001,0.48069000000000006,9.937529999999999
56358585295,21.78,0.07990117315630041,0.021310470166850764,0.0,-0.07848000000000001,0.70632,9.89829
56363635800,21.78,0.09161233243718235,0.008517206749732328,0.0,-0.05886,0.80442,9.91791
56368686305,21.78,0.07243116395776468,0.008517206749732328,0.0,-0.06867000000000001,0.72594,9.80019
56373736810,21.78,0.05113814708343386,0.005323254218582705,0.0,-0.0981,0.5886,9.57456
56378787315,21.78,0.028763026072866547,0.012775810124598492,0.0,-0.13734000000000002,0.46107000000000004,9.623610000000001
56383837820,21.78,0.024504422698000388,0.002129301687433082,0.0,-0.18639,0.44145,9.67266
56388888325,21.78,0.03408628029144926,-0.013840460968315033,0.0,-0.17658,0.57879,9.78057
56393938830,21.78,0.05113814708343386,-0.020245819323134222,0.0,-0.05886,0.6180300000000001,9.87867
56398989335,21.78,0.05752605214573309,-0.02982767691658309,0.0,0.039240000000000004,0.6278400000000001,9.81
56404039840,21.78,0.04581489286485115,-0.02769837522915001,0.0,0.11772,0.6278400000000001,9.64323
56409090345,21.78,0.04153883619746504,-0.00958185759344887,0.0,0.13734000000000002,0.52974,9.65304
56414140850,21.78,0.03089232776029963,-0.002129301687433082,0.0,0.11772,0.46107000000000004,9.59418
56419191355,21.78,0.02769837522915001,0.003193952531149623,0.0,0.11772,0.5395500000000001,9.64323
56424241860,21.78,0.04153883619746504,0.012775810124598492,0.0,0.08829,0.48069000000000006,9.81
56429292365,21.78,0.05539675045830002,0.02769837522915001,0.0,0.04905,0.51993,9.819809999999999
56434342870,21.78,0.05859070298944965,0.033021629447732716,0.0,-0.039240000000000004,0.56898,9.760950000000001
56439393375,21.78,0.05752605214573309,0.033021629447732716,0.0,-0.11772,0.59841,9.80019
56444443880,21.78,0.05113814708343386,0.020245819323134222,0.0,-0.15696000000000002,0.6180300000000001,9.760950000000001
56449494385,21.78,0.04366813788489812,-0.004258603374866164,0.0,-0.13734000000000002,0.70632,9.751140000000001
56454544890,21.78,0.04260348704118158,-0.0170518667919846,0.0,-0.0981,0.6867000000000001,9.89829
56459595395,21.78,0.0404741853537485,-0.023439771854283843,0.0,-0.039240000000000004,0.60822,9.908100000000001
56464645900,21.78,0.031956978604016174,-0.020245819323134222,0.0,-0.009810000000000001,0.51993,9.80019
56469696405,21.78,0.03515093113516579,-0.015987215948268057,0.0,0.0,0.45126,9.78057
56474746910,21.78,0.039409534510031964,-0.007452555906015787,0.0,0.019620000000000002,0.50031,9.751140000000001
56479797415,21.78,0.0404741853537485,-0.011711159280881954,0.0,0.039240000000000004,0.5493600000000001,9.66285
56484847920,21.78,0.0404741853537485,-0.013840460968315033,0.0,0.13734000000000002,0.59841,9.80019
56489898425,21.78,0.049008845396000776,0.0,0.0,0.14715,0.6180300000000001,9.84924
56494948930,21.78,0.05326744877086694,0.005323254218582705,0.0,0.13734000000000002,0.65727,9.751140000000001
56499999435,21.78,0.05113814708343386,0.0170518667919846,0.0,0.08829,0.57879,9.760950000000001
56505049940,21.78,0.05113814708343386,0.028763026072866547,0.0,0.0,0.5395500000000001,9.67266
56510100445,21.78,0.046879543708567686,0.024504422698000388,0.0,-0.039240000000000004,0.57879,9.57456
56515150950,21.78,0.046879543708567686,0.021310470166850764,0.0,-0.07848000000000001,0.60822,9.65304
56520201455,21.78,0.05326744877086694,0.013840460968315033,0.0,-0.10791,0.73575,9.64323
56525251960,21.78,0.05113814708343386,0.0,0.0,-0.0981,0.8142300000000001,9.65304
56530302465,21.78,0.046879543708567686,-0.005323254218582705,0.0,-0.05886,0.7848,9.751140000000001
56535352970,21.78,0.033021629447732716,-0.011711159280881954,0.0,-0.06867000000000001,0.65727,9.751140000000001
56540403475,21.78,0.015987215948268057,-0.013840460968315033,0.0,-0.04905,0.52974,9.68247
56545453980,21.78,0.0170518667919846,-0.0170518667919846,0.0,-0.05886,0.43164,9.760950000000001
56550504485,21.78,0.024504422698000388,-0.006387905062299246,0.0,-0.02943,0.43164,9.80019
56555554990,21.78,0.03621558197888234,-0.003193952531149623,0.0,-0.019620000000000002,0.52974,9.82962
56560605495,21.78,0.05539675045830002,-0.004258603374866164,0.0,0.039240000000000004,0.6768900000000001,9.89829
56565656000,21.78,0.05539675045830002,-0.003193952531149623,0.0,0.039240000000000004,0.71613,9.84924
56570706505,21.78,0.04581489286485115,-0.004258603374866164,0.0,0.05886,0.70632,9.74133
56575757010,21.78,0.04260348704118158,-0.002129301687433082,0.0,0.08829,0.65727,9.74133
56580807515,21.78,0.031956978604016174,0.006387905062299246,0.0,0.04905,0.5886,9.72171
56585858020,21.78,0.031956978604016174,0.01064650843716541,0.0,0.019620000000000002,0.5395500000000001,9.74133
56590908525,21.78,0.03728023282259888,0.01918116847941768,0.0,-0.02943,0.56898,9.81
56595959030,21.78,0.04794419455228423,0.004258603374866164,0.0,-0.05886,0.6180300000000001,9.770760000000001
56601009535,21.78,0.05113814708343386,-0.014905111812031574,0.0,0.0,0.7651800000000001,9.70209
56606060040,21.78,0.05007349623971732,-0.0170518667919846,0.0,0.10791,0.79461,9.69228
56611110545,21.78,0.04153883619746504,-0.003193952531149623,0.0,0.11772,0.73575,9.633420000000001
56616161050,21.78,0.028763026072866547,0.011711159280881954,0.0,0.07848000000000001,0.6278400000000001,9.60399
56621211555,21.78,0.02769837522915001,0.020245819323134222,0.0,0.0,0.5591700000000001,9.65304
56626262060,21.78,0.028763026072866547,0.0170518667919846,0.0,-0.06867000000000001,0.5493600000000001,9.69228
56631312565,21.78,0.03621558197888234,0.003193952531149623,0.0,-0.10791,0.63765,9.70209
56636363070,21.78,0.049008845396000776,0.003193952531149623,0.0,-0.04905,0.7651800000000001,9.80019
56641413575,21.78,0.04794419455228423,0.011711159280881954,0.0,-0.05886,0.75537,9.74133
56646464080,21.78,0.0404741853537485,0.006387905062299246,0.0,-0.08829,0.71613,9.67266
56651514585,21.78,0.02556907354171693,-0.002129301687433082,0.0,-0.05886,0.70632,9.73152
56656565090,21.78,0.024504422698000388,-0.013840460968315033,0.0,-0.06867000000000001,0.69651,9.770760000000001
56661615595,21.78,0.01918116847941768,-0.021310470166850764,0.0,-0.019620000000000002,0.6180300000000001,9.83943
56666666100,21.78,0.01918116847941768,-0.020245819323134222,0.0,0.039240000000000004,0.52974,9.92772
56671716605,21.78,0.02556907354171693,-0.00958185759344887,0.0,0.07848000000000001,0.51993,9.84924
56676767110,21.78,0.03834488366631542,0.002129301687433082,0.0,0.039240000000000004,0.5395500000000001,9.79038
56681817615,21.78,0.04366813788489812,0.006387905062299246,0.0,0.039240000000000004,0.60822,9.760950000000001
56686868120,21.78,0.0404741853537485,0.0,0.0,0.08829,0.70632,9.760950000000001
56691918625,21.78,0.04153883619746504,-0.001064650843716541,0.0,0.08829,0.79461,9.770760000000001
56696969130,21.78,0.05007349623971732,0.011711159280881954,0.0,0.0981,0.80442,9.79038
56702019635,21.78,0.04366813788489812,0.022375121010567305,0.0,0.02943,0.70632,9.760950000000001
56707070140,21.78,0.02769837522915001,0.00958185759344887,0.0,-0.02943,0.64746,9.69228
56712120645,21.78,0.028763026072866547,0.003193952531149623,0.0,-0.05886,0.6278400000000001,9.67266
56717171150,21.78,0.03408628029144926,0.003193952531149623,0.0,-0.04905,0.6768900000000001,9.58437
56722221655,21.78,0.03408628029144926,0.002129301687433082,0.0,-0.009810000000000001,0.7749900000000001,9.67266
56727272160,21.78,0.03408628029144926,0.0,0.0,0.0,0.79461,9.760950000000001
56732322665,21.78,0.03728023282259888,-0.00958185759344887,0.0,0.009810000000000001,0.73575,9.69228
56737373170,21.78,0.03515093113516579,-0.013840460968315033,0.0,0.02943,0.7848,9.623610000000001
56742423675,21.78,0.02663372438543347,-0.01064650843716541,0.0,0.08829,0.71613,9.66285
56747474180,21.78,0.0170518667919846,0.0,0.0,0.08829,0.64746,9.65304
56752524685,21.78,0.022375121010567305,0.006387905062299246,0.0,0.039240000000000004,0.59841,9.68247
56757575190,21.78,0.02663372438543347,0.01064650843716541,0.0,0.009810000000000001,0.60822,9.66285
56762625695,21.78,0.02769837522915001,0.011711159280881954,0.0,0.0,0.73575,9.65304
56767676200,21.78,0.03621558197888234,0.001064650843716541,0.0,0.0,0.74556,9.81
56772726705,21.78,0.02982767691658309,0.007452555906015787,0.0,-0.009810000000000001,0.73575,9.85905
56777777210,21.78,0.02982767691658309,0.005323254218582705,0.0,-0.039240000000000004,0.72594,9.80019
56782827715,21.78,0.024504422698000388,0.0,0.0,-0.08829,0.6670800000000001,9.83943
56787878220,21.78,0.022375121010567305,-0.003193952531149623,0.0,-0.04905,0.60822,9.85905
56792928725,21.78,0.023439771854283843,-0.007452555906015787,0.0,-0.02943,0.5886,9.760950000000001
56797979230,21.78,0.031956978604016174,-0.008517206749732328,0.0,-0.009810000000000001,0.69651,9.81
56803029735,21.78,0.03834488366631542,-0.012775810124598492,0.0,0.06867000000000001,0.8142300000000001,9.819809999999999
56808080240,21.78,0.033021629447732716,-0.011711159280881954,0.0,0.12753,0.80442,9.81
56813130745,21.78,0.031956978604016174,-0.01064650843716541,0.0,0.14715,0.73575,9.79038
56818181250,21.78,0.023439771854283843,-0.007452555906015787,0.0,0.14715,0.64746,9.68247
56823231755,21.78,0.00958185759344887,-0.011711159280881954,0.0,0.14715,0.59841,9.66285
56828282260,21.78,0.0170518667919846,-0.004258603374866164,0.0,0.14715,0.6278400000000001,9.74133
56833332765,21.78,0.03408628029144926,0.01918116847941768,0.0,0.11772,0.6867000000000001,9.760950000000001
56838383270,21.78,0.046879543708567686,0.02769837522915001,0.0,0.07848000000000001,0.73575,9.72171
56843433775,21.78,0.04153883619746504,0.024504422698000388,0.0,0.009810000000000001,0.75537,9.7119
56848484280,21.78,0.03621558197888234,0.014905111812031574,0.0,0.009810000000000001,0.74556,9.59418
56853534785,21.78,0.03515093113516579,0.02556907354171693,0.0,-0.08829,0.7848,9.54513
56858585290,21.78,0.03515093113516579,0.03408628029144926,0.0,-0.12753,0.84366,9.60399
56863635795,21.78,0.02769837522915001,0.02982767691658309,0.0,-0.17658,0.8338500000000001,9.74133
56868686300,21.78,0.023439771854283843,0.002129301687433082,0.0,-0.20601000000000003,0.7651800000000001,9.760950000000001
56873736805,21.78,0.020245819323134222,-0.01918116847941768,0.0,-0.1962,0.71613,9.72171
56878787310,21.78,0.0170518667919846,-0.028763026072866547,0.0,-0.12753,0.7749900000000001,9.58437
56883837815,21.78,0.020245819323134222,-0.031956978604016174,0.0,-0.019620000000000002,0.84366,9.57456
56888888320,21.78,0.01811651763570114,-0.02556907354171693,0.0,0.12753,0.86328,9.64323
56893938825,21.78,0.00958185759344887,-0.023439771854283843,0.0,0.15696000000000002,0.8142300000000001,9.68247
56898989330,21.78,-0.002129301687433082,-0.03089232776029963,0.0,0.20601000000000003,0.70632,9.67266
56904039835,21.78,0.002129301687433082,-0.02556907354171693,0.0,0.20601000000000003,0.59841,9.751140000000001
56909090340,21.78,0.004258603374866164,-0.003193952531149623,0.0,0.23544,0.5395500000000001,9.79038
56914140845,21.78,0.014905111812031574,0.015987215948268057,0.0,0.12753,0.56898,9.819809999999999
56919191350,21.78,0.02663372438543347,0.020245819323134222,0.0,0.0981,0.6670800000000001,9.89829
56924241855,21.78,0.03408628029144926,0.022375121010567305,0.0,0.06867000000000001,0.70632,9.94734
56929292360,21.78,0.033021629447732716,0.014905111812031574,-0.005323254218582705,0.02943,0.71613,9.84924
56934342865,21.78,0.03728023282259888,0.021310470166850764,0.001064650843716541,-0.039240000000000004,0.7749900000000001,9.81
56939393370,21.78,0.03621558197888234,0.02769837522915001,-0.002129301687433082,-0.05886,0.87309,9.751140000000001
56944443875,21.78,0.02982767691658309,0.01811651763570114,-0.001064650843716541,-0.08829,0.85347,9.819809999999999
56949494380,21.78,0.020245819323134222,0.001064650843716541,-0.004258603374866164,-0.0981,0.79461,9.87867
56954544885,21.78,0.011711159280881954,-0.012775810124598492,-0.002129301687433082,-0.05886,0.70632,9.73152
56959595390,21.78,0.014905111812031574,-0.022375121010567305,0.0,-0.019620000000000002,0.6867000000000001,9.66285
56964645895,21.78,0.0170518667919846,-0.0170518667919846,0.0,0.019620000000000002,0.71613,9.73152
56969696400,21.78,0.023439771854283843,-0.011711159280881954,0.0,0.0981,0.74556,9.69228
56974746905,21.78,0.021310470166850764,-0.013840460968315033,0.0,0.13734000000000002,0.7848,9.73152
56979797410,21.78,0.023439771854283843,-0.0170518667919846,0.0,0.17658,0.79461,9.72171
56984847915,21.78,0.01918116847941768,-0.004258603374866164,-0.001064650843716541,0.18639,0.72594,9.65304
56989898420,21.78,0.01918116847941768,0.014905111812031574,0.0,0.13734000000000002,0.6670800000000001,9.633420000000001
56994948925,21.78,0.021310470166850764,0.033021629447732716,0.0,0.019620000000000002,0.6670800000000001,9.65304
56999999430,21.78,0.022375121010567305,0.03515093113516579,0.0,-0.04905,0.69651,9.623610000000001
57005049935,21.78,0.024504422698000388,0.023439771854283843,-0.003193952531149623,-0.07848000000000001,0.80442,9.623610000000001
57010100440,21.78,0.033021629447732716,0.01064650843716541,0.0,-0.0981,0.95157,9.65304
57015150945,21.78,0.033021629447732716,-0.005323254218582705,0.0,-0.05886,1.04967,9.65304
57020201450,21.78,0.023439771854283843,-0.021310470166850764,-0.001064650843716541,0.05886,1.03986,9.6138
57025251955,21.78,0.003193952531149623,-0.02556907354171693,0.0,0.08829,0.86328,9.633420000000001
57030302460,21.78,-0.0170518667919846,-0.01811651763570114,0.004258603374866164,0.0981,0.59841,9.59418
57035352965,21.78,-0.022375121010567305,-0.00958185759344887,0.0,0.02943,0.45126,9.65304
57040403470,21.78,-0.012775810124598492,-0.001064650843716541,0.002129301687433082,0.0,0.48069000000000006,9.770760000000001
57045453975,21.78,0.008517206749732328,0.0,0.0,0.009810000000000001,0.63765,9.86886
57050504480,21.78,0.031956978604016174,-0.012775810124598492,-0.003193952531149623,0.0981,0.9123300000000001,9.98658
57055554985,21.78,0.04581489286485115,-0.01064650843716541,0.0,0.22563,0.9613800000000001,9.92772
57060605490,21.78,0.03408628029144926,0.01064650843716541,0.0,0.18639,0.80442,9.68247
57065655995,21.78,0.007452555906015787,0.03089232776029963,0.0,0.05886,0.65727,9.57456
57070706500,21.78,-0.007452555906015787,0.03408628029144926,0.001064650843716541,-0.02943,0.60822,9.65304
57075757005,21.78,-0.001064650843716541,0.015987215948268057,0.002129301687433082,-0.12753,0.6670800000000001,9.78057
57080807510,21.78,0.0170518667919846,-0.008517206749732328,0.0,-0.06867000000000001,0.86328,9.96696
57085858015,21.78,0.033021629447732716,-0.02556907354171693,0.0,0.04905,0.9711900000000001,9.98658
57090908520,21.78,0.031956978604016174,-0.01811651763570114,-0.003193952531149623,0.14715,0.89271,9.79038
57095959025,21.78,0.024504422698000388,-0.003193952531149623,-0.001064650843716541,0.14715,0.7848,9.55494
57101009530,21.78,0.004258603374866164,0.011711159280881954,0.0,0.06867000000000001,0.6867000000000001,9.46665
57106060035,21.78,-0.005323254218582705,0.012775810124598492,0.004258603374866164,-0.009810000000000001,0.6867000000000001,9.50589
57111110540,21.78,-0.001064650843716541,0.00958185759344887,0.0,0.0,0.75537,9.70209
57116161045,21.78,0.00958185759344887,0.007452555906015787,0.0,-0.009810000000000001,0.8240400000000001,9.89829
57121211550,21.78,0.022375121010567305,0.002129301687433082,0.0,-0.019620000000000002,0.79461,9.908100000000001
57126262055,21.78,0.02556907354171693,-0.00958185759344887,0.001064650843716541,0.019620000000000002,0.7848,9.84924
57131312560,21.78,0.0170518667919846,-0.01918116847941768,0.0,0.02943,0.7651800000000001,9.66285
57136363065,21.78,0.004258603374866164,-0.01918116847941768,0.0,0.08829,0.7651800000000001,9.53532
57141413570,21.78,-0.004258603374866164,-0.013840460968315033,-0.002129301687433082,0.12753,0.8240400000000001,9.57456
57146464075,21.78,0.001064650843716541,0.0,0.0,0.18639,0.84366,9.7119
57151514580,21.78,0.012775810124598492,0.01064650843716541,0.001064650843716541,0.11772,0.8338500000000001,9.74133
57156565085,21.78,0.011711159280881954,0.003193952531149623,-0.003193952531149623,0.0981,0.80442,9.81
57161615590,21.78,0.007452555906015787,-0.003193952531149623,-0.001064650843716541,0.06867000000000001,0.69651,9.79038
57166666095,21.78,-0.001064650843716541,-0.008517206749732328,-0.001064650843716541,0.039240000000000004,0.64746,9.70209
57171716600,21.78,0.001064650843716541,0.0,0.003193952531149623,0.04905,0.6180300000000001,9.760950000000001
57176767105,21.78,0.004258603374866164,0.006387905062299246,0.001064650843716541,0.06867000000000001,0.71613,9.81
57181817610,21.78,0.01811651763570114,0.00958185759344887,0.0,0.039240000000000004,0.8142300000000001,9.819809999999999
57186868115,21.78,0.03089232776029963,0.004258603374866164,0.0,0.02943,0.87309,9.87867
57191918620,21.78,0.024504422698000388,0.001064650843716541,-0.001064650843716541,0.05886,0.8829,9.74133
57196969125,21.78,0.01064650843716541,-0.002129301687433082,-0.001064650843716541,0.06867000000000001,0.8142300000000001,9.59418
57202019630,21.78,0.004258603374866164,-0.002129301687433082,-0.001064650843716541,0.07848000000000001,0.8142300000000001,9.53532
57207070135,21.78,-0.001064650843716541,0.0,0.003193952531149623,0.08829,0.8240400000000001,9.56475
57212120640,21.78,-0.001064650843716541,-0.002129301687433082,-0.001064650843716541,0.08829,0.8240400000000001,9.65304
57217171145,21.78,0.0,0.0,0.0,0.08829,0.7749900000000001,9.770760000000001
57222221650,21.78,0.001064650843716541,0.005323254218582705,0.0,0.02943,0.6768900000000001,9.79038
57227272155,21.78,-0.003193952531149623,0.004258603374866164,-0.002129301687433082,0.0,0.6768900000000001,9.73152
57232322660,21.78,0.005323254218582705,0.006387905062299246,0.002129301687433082,-0.009810000000000001,0.6768900000000001,9.770760000000001
57237373165,21.78,0.007452555906015787,0.0,0.002129301687433082,0.0,0.7651800000000001,9.770760000000001
57242423670,21.78,0.013840460968315033,-0.003193952531149623,0.0,-0.009810000000000001,0.8240400000000001,9.770760000000001
57247474175,21.78,0.01064650843716541,0.0,-0.002129301687433082,0.04905,0.84366,9.84924
57252524680,21.78,0.012775810124598492,0.0,-0.001064650843716541,0.039240000000000004,0.86328,9.770760000000001
57257575185,21.78,0.011711159280881954,-0.002129301687433082,-0.001064650843716541,0.04905,0.8240400000000001,9.68247
57262625690,21.78,0.001064650843716541,-0.013840460968315033,0.001064650843716541,0.02943,0.8142300000000001,9.64323
57267676195,21.78,-0.003193952531149623,-0.023439771854283843,-0.001064650843716541,0.14715,0.8338500000000001,9.6138
57272726700,21.78,-0.008517206749732328,-0.03515093113516579,0.0,0.24525000000000002,0.84366,9.633420000000001
57277777205,21.78,-0.007452555906015787,-0.0170518667919846,-0.002129301687433082,0.32373,0.8142300000000001,9.7119
57282827710,21.78,-0.008517206749732328,0.004258603374866164,-0.003193952531149623,0.28449,0.71613,9.7119
57287878215,21.78,0.001064650843716541,0.01918116847941768,0.0,0.17658,0.60822,9.70209
57292928720,21.78,0.002129301687433082,0.03408628029144926,-0.001064650843716541,0.05886,0.5886,9.74133
57297979225,21.78,0.003193952531149623,0.03515093113516579,-0.001064650843716541,0.0,0.69651,9.68247
57303029730,21.78,0.014905111812031574,0.031956978604016174,0.0,-0.07848000000000001,0.84366,9.70209
57308080235,21.78,0.02556907354171693,0.0170518667919846,-0.002129301687433082,-0.07848000000000001,1.00062,9.80019
57313130740,21.78,0.0170518667919846,0.003193952531149623,-0.002129301687433082,-0.039240000000000004,1.0791000000000002,9.760950000000001
57318181245,21.78,0.007452555906015787,-0.00958185759344887,-0.001064650843716541,-0.019620000000000002,0.95157,9.79038
57323231750,21.78,-0.007452555906015787,-0.014905111812031574,0.0,-0.009810000000000001,0.79461,9.72171
57328282255,21.78,-0.02663372438543347,-0.007452555906015787,0.0,-0.02943,0.59841,9.64323
57333332760,21.78,-0.03089232776029963,-0.008517206749732328,-0.001064650843716541,-0.039240000000000004,0.57879,9.7119
57338383265,21.78,-0.01811651763570114,-0.021310470166850764,-0.002129301687433082,0.0,0.6670800000000001,9.819809999999999
57343433770,21.78,-0.001064650843716541,-0.03408628029144926,0.001064650843716541,0.12753,0.84366,9.89829
57348484275,21.78,0.00958185759344887,-0.046879543708567686,0.001064650843716541,0.2943,0.9319500000000001,9.89829
57353534780,21.78,0.012775810124598492,-0.0404741853537485,-0.002129301687433082,0.44145,0.90252,9.86886
57358585285,21.78,-0.006387905062299246,-0.013840460968315033,-0.003193952531149623,0.50031,0.6867000000000001,9.67266
57363635790,21.78,-0.012775810124598492,0.013840460968315033,0.0,0.36297,0.5591700000000001,9.6138
57368686295,21.78,-0.00958185759344887,0.04794419455228423,0.003193952531149623,0.1962,0.49050000000000005,9.69228
57373736800,21.78,0.002129301687433082,0.06710790973918197,-0.001064650843716541,0.019620000000000002,0.5591700000000001,9.760950000000001
57378787305,21.78,0.028763026072866547,0.05965535383316618,0.001064650843716541,-0.10791,0.7749900000000001,9.81
57383837810,21.78,0.0404741853537485,0.049008845396000776,0.0,-0.18639,1.05948,9.82962
57388888315,21.78,0.04794419455228423,0.020245819323134222,0.0,-0.13734000000000002,1.15758,9.67266
57393938820,21.78,0.020245819323134222,-0.01064650843716541,0.001064650843716541,-0.08829,1.1772,9.64323
57398989325,21.78,-0.01064650843716541,-0.02982767691658309,0.0,-0.02943,1.03005,9.53532
57404039830,21.78,-0.033021629447732716,-0.03408628029144926,0.001064650843716541,0.039240000000000004,0.79461,9.53532
57409090335,21.78,-0.04366813788489812,-0.03089232776029963,0.0,0.039240000000000004,0.60822,9.6138
57414140840,21.78,-0.03834488366631542,-0.023439771854283843,-0.002129301687433082,0.05886,0.5591700000000001,9.73152
57419191345,21.78,-0.020245819323134222,-0.014905111812031574,0.0,0.06867000000000001,0.57879,9.80019
57424241850,21.78,0.001064650843716541,-0.01064650843716541,0.0,0.10791,0.6867000000000001,9.81
57429292355,21.78,0.012775810124598492,-0.008517206749732328,0.001064650843716541,0.16677000000000003,0.80442,9.819809999999999
57434342860,21.78,0.005323254218582705,-0.015987215948268057,0.0,0.22563,0.94176,9.82962
57439393365,21.78,-0.003193952531149623,-0.024504422698000388,0.0,0.32373,0.89271,9.84924
57444443870,21.78,-0.011711159280881954,-0.031956978604016174,0.0,0.37278,0.8142300000000001,9.86886
57449494375,21.78,-0.021310470166850764,-0.020245819323134222,0.0,0.42183,0.6768900000000001,9.80019
57454544880,21.78,-0.01064650843716541,0.008517206749732328,0.0,0.34335000000000004,0.51993,9.82962
57459595385,21.78,0.0,0.04794419455228423,-0.005323254218582705,0.20601000000000003,0.43164,9.74133
57464645890,21.78,0.008517206749732328,0.08096582400001695,-0.003193952531149623,0.0,0.52974,9.70209
57469696395,21.78,0.020245819323134222,0.08841837990603273,-0.001064650843716541,-0.17658,0.6768900000000001,9.78057
57474746900,21.78,0.03408628029144926,0.06497860805174888,0.0,-0.31392000000000003,0.9613800000000001,9.74133
57479797405,21.78,0.03728023282259888,0.022375121010567305,0.0,-0.28449,1.22625,9.78057
57484847910,21.78,0.02663372438543347,-0.023439771854283843,0.001064650843716541,-0.20601000000000003,1.3243500000000001,9.78057
57489898415,21.78,0.004258603374866164,-0.060720004676882725,-0.001064650843716541,-0.009810000000000001,1.1772,9.623610000000001
57494948920,21.78,-0.02982767691658309,-0.06923721142661506,0.0,0.12753,0.8829,9.4176
57499999425,21.78,-0.05752605214573309,-0.06604325889546543,0.001064650843716541,0.24525000000000002,0.6867000000000001,9.28026
57505049930,21.78,-0.06604325889546543,-0.05220279792715039,-0.001064650843716541,0.32373,0.59841,9.33912
57510100435,21.78,-0.05220279792715039,-0.03408628029144926,0.0,0.42183,0.5591700000000001,9.43722
57515150940,21.78,-0.031956978604016174,-0.01064650843716541,0.0,0.46107000000000004,0.63765,9.70209
57520201445,21.78,-0.00958185759344887,0.01918116847941768,0.002129301687433082,0.41202000000000005,0.60822,9.84924
57525251950,21.78,0.01064650843716541,0.046879543708567686,-0.001064650843716541,0.27468000000000004,0.64746,9.84924
57530302455,21.78,0.012775810124598492,0.06497860805174888,-0.003193952531149623,0.05886,0.6180300000000001,9.888480000000001
57535352960,21.78,0.011711159280881954,0.07349581480148122,0.0,-0.12753,0.6670800000000001,9.79038
57540403465,21.78,0.012775810124598492,0.06923721142661506,0.002129301687433082,-0.25506,0.80442,9.74133
57545453970,21.78,0.012775810124598492,0.0404741853537485,0.0,-0.34335000000000004,1.04967,9.72171
57550504475,21.78,0.013840460968315033,0.003193952531149623,0.002129301687433082,-0.2943,1.2360600000000002,9.819809999999999
57555554980,21.78,-0.006387905062299246,-0.03728023282259888,0.0,-0.1962,1.16739,9.91791
57560605485,21.78,-0.033021629447732716,-0.08096582400001695,0.001064650843716541,0.0,0.9613800000000001,9.83943
57565655990,21.78,-0.06710790973918197,-0.10225884087434776,0.0,0.17658,0.6768900000000001,9.85905
57570706495,21.78,-0.08415977653116657,-0.10545279340549739,0.003193952531149623,0.3924,0.38259000000000004,9.819809999999999
57575757000,21.78,-0.07136651311404815,-0.08415977653116657,0.0,0.51012,0.35316,9.91791
57580807505,21.78,-0.04153883619746504,-0.04153883619746504,-0.002129301687433082,0.63765,0.30411,9.94734
57585858010,21.78,0.001064650843716541,-0.00958185759344887,0.0,0.65727,0.42183,9.82962
57590908515,21.78,0.02769837522915001,0.03408628029144926,-0.006387905062299246,0.6278400000000001,0.60822,9.74133
57595959020,21.78,0.05220279792715039,0.07670722062515077,-0.003193952531149623,0.51993,0.7651800000000001,9.64323
57601009525,21.78,0.04794419455228423,0.1171814059788993,0.0,0.23544,0.9319500000000001,9.56475
57606060030,21.78,0.03408628029144926,0.13849187614575004,-0.001064650843716541,-0.039240000000000004,0.9711900000000001,9.623610000000001
57611110535,21.78,0.022375121010567305,0.1288925652597812,0.0,-0.33354000000000006,1.02024,9.67266
57616161040,21.78,0.00958185759344887,0.10225884087434776,-0.002129301687433082,-0.52974,0.9810000000000001,9.66285
57621211545,21.78,0.0,0.054332099614583476,-0.001064650843716541,-0.71613,0.9711900000000001,9.67266
57626262050,21.78,-0.012775810124598492,0.002129301687433082,-0.002129301687433082,-0.70632,0.9613800000000001,9.58437
57631312555,21.78,-0.024504422698000388,-0.05007349623971732,0.002129301687433082,-0.5886,0.9711900000000001,9.59418
57636363060,21.78,-0.039409534510031964,-0.09906488834319814,0.001064650843716541,-0.35316,0.9123300000000001,9.6138
57641413565,21.78,-0.05646140130201656,-0.1278279144160647,0.003193952531149623,-0.10791,0.9123300000000001,9.7119
57646464070,21.78,-0.06497860805174888,-0.13849187614575004,0.0,0.20601000000000003,0.7749900000000001,9.751140000000001
57651514575,21.78,-0.05752605214573309,-0.12463396188491506,0.004258603374866164,0.51012,0.64746,9.80019
57656565080,21.78,-0.060720004676882725,-0.0852244273748831,0.0,0.74556,0.52974,9.72171
57661615585,21.78,-0.044732788728614664,-0.044732788728614664,0.001064650843716541,0.8142300000000001,0.38259000000000004,9.67266
57666666090,21.78,-0.031956978604016174,-0.003193952531149623,0.0,0.75537,0.3924,9.66285
57671716595,21.78,-0.008517206749732328,0.04794419455228423,0.0,0.6768900000000001,0.47088,9.69228
57676767100,21.78,0.013840460968315033,0.08096582400001695,0.0,0.46107000000000004,0.6180300000000001,9.82962
57681817605,21.78,0.01918116847941768,0.09161233243718235,-0.002129301687433082,0.23544,0.8142300000000001,10.025820000000001
57686868110,21.78,0.02663372438543347,0.08309512568745003,0.0,0.06867000000000001,0.86328,10.09449
57691918615,21.78,0.024504422698000388,0.07136651311404815,-0.003193952531149623,-0.0981,0.8338500000000001,10.01601
57696969120,21.78,0.013840460968315033,0.060720004676882725,-0.005323254218582705,-0.22563,0.85347,9.84924
57702019625,21.78,0.008517206749732328,0.049008845396000776,-0.001064650843716541,-0.33354000000000006,0.84366,9.69228
57707070130,21.78,0.0,0.02769837522915001,-0.002129301687433082,-0.37278,0.9319500000000001,9.633420000000001
57712120635,21.78,-0.013840460968315033,0.001064650843716541,0.0,-0.35316,0.9711900000000001,9.623610000000001
57717171140,21.78,-0.02556907354171693,-0.02982767691658309,-0.001064650843716541,-0.2943,0.9319500000000001,9.70209
57722221645,21.78,-0.03621558197888234,-0.049008845396000776,0.002129301687433082,-0.17658,0.8142300000000001,9.78057
57727272150,21.78,-0.04794419455228423,-0.06497860805174888,0.0,-0.06867000000000001,0.6867000000000001,9.83943
57732322655,21.78,-0.05113814708343386,-0.06923721142661506,0.0,0.02943,0.56898,9.89829
57737373160,21.59,-0.04260348704118158,-0.06817256058289851,0.001064650843716541,0.1962,0.51012,9.87867
57742423665,21.59,-0.02663372438543347,-0.05007349623971732,-0.001064650843716541,0.33354000000000006,0.5395500000000001,9.819809999999999
57747474170,21.59,-0.005323254218582705,-0.01918116847941768,0.0,0.41202000000000005,0.59841,9.65304
57752524675,21.59,0.008517206749732328,0.011711159280881954,-0.002129301687433082,0.41202000000000005,0.70632,9.54513
57757575180,21.59,0.015987215948268057,0.03834488366631542,0.0,0.36297,0.8829,9.5157
57762625685,21.59,0.008517206749732328,0.05539675045830002,0.0,0.23544,0.9319500000000001,9.56475
57767676190,21.59,-0.004258603374866164,0.06497860805174888,-0.002129301687433082,0.06867000000000001,0.8338500000000001,9.60399
57772726695,21.59,-0.0170518667919846,0.06284930636431581,0.001064650843716541,-0.0981,0.75537,9.6138
57777777200,21.59,-0.020245819323134222,0.044732788728614664,-0.003193952531149623,-0.24525000000000002,0.72594,9.66285
57782827705,21.59,-0.011711159280881954,0.01918116847941768,0.001064650843716541,-0.25506,0.8240400000000001,9.623610000000001
57787878210,21.59,-0.007452555906015787,0.001064650843716541,0.0,-0.25506,0.90252,9.58437
57792928715,21.59,-0.01064650843716541,-0.01064650843716541,0.001064650843716541,-0.15696000000000002,1.02024,9.5157
57797979220,21.59,-0.021310470166850764,-0.03408628029144926,0.0,-0.07848000000000001,1.03986,9.5157
57803029725,21.59,-0.04153883619746504,-0.04581489286485115,0.002129301687433082,0.009810000000000001,0.9123300000000001,9.59418
57808080230,21.59,-0.06817256058289851,-0.05326744877086694,0.002129301687433082,0.08829,0.7749900000000001,9.60399
57813130735,21.59,-0.07670722062515077,-0.06710790973918197,0.002129301687433082,0.21582,0.63765,9.74133
57818181240,21.59,-0.07243116395776468,-0.08841837990603273,0.003193952531149623,0.41202000000000005,0.6278400000000001,9.888480000000001
57823231745,21.59,-0.06497860805174888,-0.09906488834319814,0.0,0.6670800000000001,0.6278400000000001,9.96696
57828282250,21.59,-0.049008845396000776,-0.07990117315630041,-0.004258603374866164,0.89271,0.59841,9.908100000000001
57833332755,21.59,-0.033021629447732716,-0.03728023282259888,-0.002129301687433082,0.9810000000000001,0.46107000000000004,9.78057
57838383260,21.59,-0.031956978604016174,0.021310470166850764,-0.004258603374866164,0.94176,0.32373,9.65304
57843433765,21.59,-0.02982767691658309,0.07670722062515077,-0.002129301687433082,0.63765,0.27468000000000004,9.74133
57848484270,21.59,-0.01064650843716541,0.12250466019748199,0.001064650843716541,0.30411,0.35316,10.01601
57853534775,21.59,0.0170518667919846,0.1416858286768997,0.001064650843716541,-0.009810000000000001,0.5395500000000001,10.280880000000002
57858585280,21.59,0.04794419455228423,0.13634512116579703,-0.002129301687433082,-0.33354000000000006,0.79461,10.320120000000001
57863635785,21.59,0.05965535383316618,0.11185815176031658,-0.004258603374866164,-0.50031,0.95157,10.182780000000001
57868686290,21.59,0.05646140130201656,0.08628907821859966,0.0,-0.64746,1.04967,9.82962
57873736795,21.59,0.021310470166850764,0.06497860805174888,0.0,-0.73575,1.03005,9.5157
57878787300,21.59,-0.015987215948268057,0.02769837522915001,-0.002129301687433082,-0.79461,1.03005,9.33912
57883837805,21.59,-0.04153883619746504,-0.024504422698000388,0.0,-0.75537,1.02024,9.39798
57888888310,21.59,-0.05007349623971732,-0.08415977653116657,0.0,-0.5591700000000001,1.06929,9.64323
57893938815,21.59,-0.05965535383316618,-0.1374272253020335,0.002129301687433082,-0.28449,0.9810000000000001,9.87867
57898989320,21.59,-0.06284930636431581,-0.17364280728091586,0.002129301687433082,0.08829,0.8338500000000001,9.81
57904039825,21.59,-0.0852244273748831,-0.17151350559348277,-0.001064650843716541,0.51012,0.52974,9.68247
57909090330,21.59,-0.08841837990603273,-0.1352804703220805,0.001064650843716541,0.8142300000000001,0.40221,9.43722
57914140835,21.59,-0.08096582400001695,-0.07670722062515077,0.001064650843716541,1.00062,0.42183,9.40779
57919191340,21.59,-0.054332099614583476,-0.02663372438543347,0.001064650843716541,1.0791000000000002,0.41202000000000005,9.5157
57924241845,21.59,-0.028763026072866547,0.022375121010567305,0.0,1.02024,0.41202000000000005,9.7119
57929292350,21.59,-0.005323254218582705,0.07670722062515077,-0.003193952531149623,0.80442,0.37278,9.84924
57934342855,21.59,0.022375121010567305,0.11398745344774965,0.0,0.47088,0.48069000000000006,9.84924
57939393360,21.59,0.02769837522915001,0.13634512116579703,-0.005323254218582705,0.13734000000000002,0.6670800000000001,9.91791
57944443865,21.59,0.03834488366631542,0.13955652698946658,-0.001064650843716541,-0.12753,0.8142300000000001,9.89829
57949494370,21.59,0.03408628029144926,0.12250466019748199,0.001064650843716541,-0.35316,0.9613800000000001,9.78057
57954544875,21.59,0.01918116847941768,0.09480628496833199,-0.001064650843716541,-0.51012,1.06929,9.66285
57959595380,21.59,0.0,0.05965535383316618,-0.001064650843716541,-0.6278400000000001,1.13796,9.633420000000001
57964645885,21.59,-0.020245819323134222,0.028763026072866547,0.001064650843716541,-0.69651,0.9810000000000001,9.67266
57969696390,21.59,-0.05007349623971732,-0.0170518667919846,0.001064650843716541,-0.69651,0.7848,9.72171
57974746895,21.59,-0.07136651311404815,-0.06710790973918197,0.0,-0.5886,0.6180300000000001,9.81
57979797400,21.59,-0.07670722062515077,-0.10759954838545042,0.002129301687433082,-0.41202000000000005,0.5395500000000001,9.94734
57984847905,21.59,-0.06923721142661506,-0.1288925652597812,0.003193952531149623,-0.14715,0.49050000000000005,9.96696
57989898410,21.59,-0.05326744877086694,-0.13421581947836395,0.0,0.14715,0.64746,9.908100000000001
57994948915,21.59,-0.0404741853537485,-0.11931070766633237,0.0,0.5395500000000001,0.71613,9.83943
57999999420,21.59,-0.03834488366631542,-0.10225884087434776,-0.002129301687433082,0.8829,0.71613,9.7119
58005049925,21.59,-0.04581489286485115,-0.07136651311404815,0.002129301687433082,1.06929,0.6180300000000001,9.60399
58010100430,21.59,-0.05007349623971732,-0.01811651763570114,-0.001064650843716541,1.08891,0.45126,9.54513
58015150935,21.59,-0.04153883619746504,0.03621558197888234,0.0,0.9123300000000001,0.32373,9.60399
58020201440,21.59,-0.023439771854283843,0.08309512568745003,0.002129301687433082,0.6180300000000001,0.33354000000000006,9.751140000000001
58025251945,21.59,0.002129301687433082,0.1097288500728835,-0.002129301687433082,0.32373,0.43164,9.83943
58030302450,21.59,0.024504422698000388,0.1171814059788993,0.0,0.13734000000000002,0.63765,9.908100000000001
58035352955,21.59,0.04260348704118158,0.13208651779093086,-0.003193952531149623,-0.14715,0.8142300000000001,9.7119
58040403460,21.59,0.0404741853537485,0.14275047952061623,-0.001064650843716541,-0.40221,1.00062,9.58437
58045453965,21.59,0.014905111812031574,0.13102186694721432,-0.002129301687433082,-0.64746,1.1281500000000002,9.58437
58050504470,21.59,-0.01064650843716541,0.08203047484373349,0.0,-0.84366,1.05948,9.59418
58055554975,21.59,-0.044732788728614664,0.011711159280881954,0.001064650843716541,-0.9123300000000001,0.90252,9.59418
58060605480,21.59,-0.06178465552059926,-0.06604325889546543,0.0,-0.79461,0.85347,9.6138
58065655985,21.59,-0.06817256058289851,-0.1278279144160647,0.003193952531149623,-0.5493600000000001,0.86328,9.751140000000001
58070706490,21.59,-0.07777187146886733,-0.1757721089683489,0.008517206749732328,-0.14715,0.87309,9.92772
58075756995,21.59,-0.08628907821859966,-0.19814722997891623,0.002129301687433082,0.30411,0.70632,9.85905
58080807500,21.59,-0.10438814256178083,-0.18109536318693162,0.0,0.7749900000000001,0.52974,9.819809999999999
58085858005,21.59,-0.10653489754173388,-0.12463396188491506,0.0,1.03986,0.20601000000000003,9.7119
58090908510,21.59,-0.09693558665576507,-0.04794419455228423,0.0,1.05948,0.009810000000000001,9.78057
58095959015,21.59,-0.06391395720803235,0.03515093113516579,-0.003193952531149623,0.8829,-0.07848000000000001,9.908100000000001
58101009520,21.59,-0.008517206749732328,0.09587093581204853,-0.001064650843716541,0.60822,0.0,10.025820000000001
58106060025,21.59,0.03728023282259888,0.13102186694721432,-0.004258603374866164,0.30411,0.24525000000000002,10.08468
58111110530,21.59,0.07349581480148122,0.1416858286768997,-0.003193952531149623,0.06867000000000001,0.72594,9.96696
58116161035,21.59,0.06923721142661506,0.14275047952061623,-0.003193952531149623,-0.0981,1.08891,10.01601
58121211540,21.59,0.07030186227033158,0.11185815176031658,-0.001064650843716541,-0.28449,1.3243500000000001,9.6138
58126262045,21.59,0.024504422698000388,0.07456046564519776,0.0,-0.42183,1.44207,9.53532
58131312550,21.59,-0.015987215948268057,0.021310470166850764,0.003193952531149623,-0.45126,1.21644,9.48627
58136363055,21.59,-0.06604325889546543,-0.03089232776029963,-0.003193952531149623,-0.43164,0.90252,9.48627
58141413560,21.59,-0.09374163412461543,-0.060720004676882725,0.001064650843716541,-0.37278,0.5395500000000001,9.50589
58146464065,21.59,-0.10119419003063122,-0.05965535383316618,0.003193952531149623,-0.32373,0.2943,9.60399
58151514570,21.59,-0.08948303074974927,-0.05752605214573309,0.0,-0.24525000000000002,0.22563,9.68247
58156565075,21.59,-0.05965535383316618,-0.07349581480148122,0.0,-0.11772,0.43164,9.79038
58161615580,21.59,-0.031956978604016174,-0.08309512568745003,0.0,0.14715,0.69651,9.82962
58166666085,21.59,-0.020245819323134222,-0.07990117315630041,0.0,0.42183,0.8338500000000001,9.81
58171716590,21.59,-0.02663372438543347,-0.05752605214573309,0.0,0.63765,0.8142300000000001,9.72171
58176767095,21.59,-0.044732788728614664,-0.02663372438543347,0.0,0.6867000000000001,0.64746,9.59418
58181817600,21.59,-0.049008845396000776,0.007452555906015787,0.0,0.59841,0.51012,9.56475
58186868105,21.59,-0.05220279792715039,0.04581489286485115,-0.001064650843716541,0.44145,0.32373,9.65304
58191918610,21.59,-0.04581489286485115,0.07883652231258387,-0.001064650843716541,0.17658,0.26487,9.73152
58196969115,21.59,-0.028763026072866547,0.09693558665576507,0.0,-0.04905,0.35316,9.89829
58202019620,21.59,-0.004258603374866164,0.09267698328089889,0.0,-0.21582,0.56898,10.01601
58207070125,21.59,0.006387905062299246,0.06284930636431581,-0.001064650843716541,-0.32373,0.8829,9.97677
58212120630,21.59,0.00958185759344887,0.01064650843716541,0.001064650843716541,-0.31392000000000003,1.01043,10.006200000000002
58217171135,21.59,-0.01064650843716541,-0.03728023282259888,-0.002129301687433082,-0.21582,0.9810000000000001,9.937529999999999
58222221640,21.59,-0.039409534510031964,-0.05646140130201656,0.0,-0.08829,0.80442,9.751140000000001
58227272145,21.59,-0.06284930636431581,-0.049008845396000776,0.0,0.0,0.5591700000000001,9.60399
58232322650,21.59,-0.07670722062515077,-0.03515093113516579,0.002129301687433082,0.019620000000000002,0.37278,9.60399
58237373155,21.59,-0.07030186227033158,-0.02982767691658309,0.003193952531149623,0.06867000000000001,0.34335000000000004,9.69228
58242423660,21.59,-0.05646140130201656,-0.01918116847941768,0.0,0.08829,0.43164,9.819809999999999
58247474165,21.59,-0.02982767691658309,-0.011711159280881954,0.001064650843716541,0.15696000000000002,0.51012,9.84924
58252524670,21.59,-0.022375121010567305,-0.01064650843716541,0.0,0.21582,0.6278400000000001,9.87867
58257575175,21.59,-0.020245819323134222,-0.020245819323134222,0.0,0.27468000000000004,0.74556,9.83943
58262625680,21.59,-0.021310470166850764,-0.014905111812031574,0.0,0.34335000000000004,0.70632,9.73152
58267676185,21.59,-0.031956978604016174,0.003193952531149623,-0.002129301687433082,0.35316,0.5886,9.57456
58272726690,21.59,-0.03834488366631542,0.023439771854283843,-0.003193952531149623,0.26487,0.51012,9.47646
58277777195,21.59,-0.031956978604016174,0.054332099614583476,0.0,0.12753,0.51012,9.496080000000001
58282827700,21.59,-0.024504422698000388,0.07990117315630041,0.0,-0.06867000000000001,0.56898,9.496080000000001
58287878205,21.59,-0.02556907354171693,0.06284930636431581,-0.002129301687433082,-0.21582,0.71613,9.6138
58292928710,21.59,-0.02982767691658309,0.024504422698000388,0.001064650843716541,-0.23544,0.84366,9.7119
58297979215,21.59,-0.03515093113516579,-0.014905111812031574,0.002129301687433082,-0.23544,0.84366,9.84924
58303029720,21.59,-0.049008845396000776,-0.03515093113516579,0.003193952531149623,-0.15696000000000002,0.69651,9.85905
58308080225,21.59,-0.06497860805174888,-0.04581489286485115,0.0,-0.06867000000000001,0.52974,9.81
58313130730,21.59,-0.07349581480148122,-0.04581489286485115,0.0,0.0,0.38259000000000004,9.84924
58318181235,21.59,-0.06604325889546543,-0.04794419455228423,0.0,0.04905,0.35316,9.79038
58323231740,21.59,-0.06178465552059926,-0.031956978604016174,-0.001064650843716541,0.16677000000000003,0.42183,9.770760000000001
58328282245,21.59,-0.0404741853537485,-0.02556907354171693,0.004258603374866164,0.23544,0.56898,9.81
58333332750,21.59,-0.03515093113516579,-0.0170518667919846,0.0,0.34335000000000004,0.5886,9.95715
58338383255,21.59,-0.03621558197888234,-0.00958185759344887,0.0,0.37278,0.60822,9.95715
58343433760,21.59,-0.04260348704118158,-0.0,-0.001064650843716541,0.30411,0.50031,9.91791
58348484265,21.59,-0.04366813788489812,0.013840460968315033,-0.003193952531149623,0.21582,0.35316,9.888480000000001
58353534770,21.59,-0.0404741853537485,0.028763026072866547,-0.002129301687433082,0.13734000000000002,0.33354000000000006,9.819809999999999
58358585275,21.59,-0.02556907354171693,0.04260348704118158,0.001064650843716541,0.05886,0.40221,9.751140000000001
58363635780,21.59,-0.006387905062299246,0.04581489286485115,-0.002129301687433082,-0.019620000000000002,0.64746,9.72171
58368686285,21.59,0.003193952531149623,0.031956978604016174,0.0,-0.039240000000000004,0.8338500000000001,9.67266
58373736790,21.59,-0.00958185759344887,0.014905111812031574,0.0,-0.02943,0.90252,9.67266
58378787295,21.59,-0.02982767691658309,0.00958185759344887,-0.001064650843716541,-0.04905,0.8240400000000001,9.633420000000001
58383837800,21.59,-0.054332099614583476,0.007452555906015787,-0.002129301687433082,-0.08829,0.60822,9.59418
58388888305,21.59,-0.06923721142661506,-0.002129301687433082,0.001064650843716541,-0.15696000000000002,0.48069000000000006,9.633420000000001
58393938810,21.59,-0.07243116395776468,-0.022375121010567305,0.0,-0.17658,0.41202000000000005,9.7119
58398989315,21.59,-0.05326744877086694,-0.028763026072866547,0.0,-0.07848000000000001,0.48069000000000006,9.79038
58404039820,21.59,-0.03621558197888234,-0.03089232776029963,0.003193952531149623,0.039240000000000004,0.59841,9.68247
58409090325,21.59,-0.03834488366631542,-0.028763026072866547,0.0,0.13734000000000002,0.63765,9.7119
58414140830,21.59,-0.04260348704118158,-0.011711159280881954,0.0,0.16677000000000003,0.60822,9.70209
58419191335,21.59,-0.05539675045830002,0.004258603374866164,0.0,0.17658,0.49050000000000005,9.70209
58424241840,21.59,-0.06178465552059926,-0.002129301687433082,0.0,0.10791,0.45126,9.80019
58429292345,21.59,-0.060720004676882725,-0.00958185759344887,-0.001064650843716541,0.10791,0.41202000000000005,9.92772
58434342850,21.59,-0.04794419455228423,-0.006387905062299246,0.0,0.11772,0.36297,9.92772
58439393355,21.59,-0.03621558197888234,-0.003193952531149623,-0.001064650843716541,0.14715,0.48069000000000006,9.85905
58444443860,21.59,-0.028763026072866547,0.006387905062299246,0.001064650843716541,0.15696000000000002,0.51012,9.770760000000001
58449494365,21.59,-0.028763026072866547,0.01064650843716541,-0.002129301687433082,0.16677000000000003,0.5886,9.65304
58454544870,21.59,-0.0404741853537485,0.015987215948268057,-0.002129301687433082,0.12753,0.5886,9.68247
58459595375,21.59,-0.05007349623971732,0.013840460968315033,0.001064650843716541,0.04905,0.56898,9.770760000000001
58464645880,21.59,-0.05220279792715039,0.004258603374866164,-0.002129301687433082,0.009810000000000001,0.51993,9.83943
58469696385,21.59,-0.046879543708567686,0.006387905062299246,-0.002129301687433082,0.0,0.41202000000000005,9.87867
58474746890,21.59,-0.04153883619746504,0.0170518667919846,0.0,-0.039240000000000004,0.41202000000000005,9.79038
58479797395,21.59,-0.03515093113516579,0.023439771854283843,-0.003193952531149623,-0.08829,0.42183,9.69228
58484847900,21.59,-0.02663372438543347,0.015987215948268057,0.0,-0.14715,0.5591700000000001,9.69228
58489898405,21.59,-0.033021629447732716,0.007452555906015787,0.003193952531149623,-0.10791,0.63765,9.60399
58494948910,21.59,-0.05220279792715039,-0.01064650843716541,0.0,-0.07848000000000001,0.70632,9.68247
58499999415,21.59,-0.049008845396000776,-0.03089232776029963,0.0,0.0,0.73575,9.78057
58505049920,21.59,-0.05752605214573309,-0.03515093113516579,-0.001064650843716541,0.11772,0.60822,9.89829
58510100425,21.59,-0.07030186227033158,-0.04153883619746504,0.0,0.11772,0.38259000000000004,9.86886
58515150930,21.59,-0.07456046564519776,-0.033021629447732716,0.0,0.14715,0.21582,9.819809999999999
58520201435,21.59,-0.06391395720803235,-0.0170518667919846,0.002129301687433082,0.16677000000000003,0.18639,9.68247
58525251940,21.59,-0.044732788728614664,-0.008517206749732328,0.002129301687433082,0.20601000000000003,0.36297,9.633420000000001
58530302445,21.59,-0.031956978604016174,0.003193952531149623,0.001064650843716541,0.23544,0.56898,9.78057
58535352950,21.59,-0.021310470166850764,0.01811651763570114,0.0,0.28449,0.6180300000000001,9.82962
58540403455,21.59,-0.02556907354171693,0.023439771854283843,-0.001064650843716541,0.1962,0.6180300000000001,9.819809999999999
58545453960,21.59,-0.04366813788489812,0.03621558197888234,-0.001064650843716541,0.0981,0.45126,9.82962
58550504465,21.59,-0.05326744877086694,0.03408628029144926,-0.001064650843716541,-0.08829,0.35316,9.73152
58555554970,21.59,-0.05220279792715039,0.02982767691658309,0.0,-0.12753,0.35316,9.68247
58560605475,21.59,-0.03728023282259888,0.024504422698000388,0.001064650843716541,-0.1962,0.46107000000000004,9.74133
58565655980,21.59,-0.02663372438543347,0.014905111812031574,0.002129301687433082,-0.1962,0.6278400000000001,9.7119
58570706485,21.59,-0.02769837522915001,-0.004258603374866164,0.0,-0.08829,0.75537,9.70209
58575756990,21.59,-0.0404741853537485,-0.012775810124598492,0.0,-0.05886,0.6768900000000001,9.74133
58580807495,21.59,-0.06604325889546543,-0.03621558197888234,0.0,0.0,0.56898,9.68247
58585858000,21.59,-0.08309512568745003,-0.05646140130201656,0.0,0.06867000000000001,0.46107000000000004,9.66285
58590908505,21.59,-0.09054768159346581,-0.04794419455228423,0.0,0.16677000000000003,0.28449,9.888480000000001
58595959010,21.59,-0.08203047484373349,-0.031956978604016174,0.0,0.20601000000000003,0.15696000000000002,9.84924
58601009515,21.59,-0.05965535383316618,-0.01918116847941768,0.0,0.20601000000000003,0.17658,9.86886
58606060020,21.59,-0.039409534510031964,-0.006387905062299246,0.0,0.21582,0.2943,9.819809999999999
58611110525,21.59,-0.028763026072866547,0.0,0.0,0.27468000000000004,0.46107000000000004,9.751140000000001
58616161030,21.59,-0.033021629447732716,0.015987215948268057,0.0,0.2943,0.51012,9.70209
58621211535,21.59,-0.031956978604016174,0.039409534510031964,0.0,0.22563,0.5395500000000001,9.760950000000001
58626262040,21.59,-0.03728023282259888,0.05007349623971732,0.0,0.05886,0.48069000000000006,9.770760000000001
58631312545,21.59,-0.04366813788489812,0.054332099614583476,0.0,-0.06867000000000001,0.41202000000000005,9.82962
58636363050,21.59,-0.04153883619746504,0.049008845396000776,0.0,-0.21582,0.37278,9.87867
58641413555,21.59,-0.03834488366631542,0.02663372438543347,0.0,-0.2943,0.43164,9.751140000000001
58646464060,21.59,-0.031956978604016174,0.007452555906015787,0.0,-0.27468000000000004,0.5591700000000001,9.633420000000001
58651514565,21.59,-0.03515093113516579,-0.007452555906015787,0.0,-0.21582,0.6768900000000001,9.69228
58656565070,21.59,-0.049008845396000776,-0.01918116847941768,0.0,-0.13734000000000002,0.6670800000000001,9.65304
58661615575,21.59,-0.06817256058289851,-0.04260348704118158,0.0,-0.009810000000000001,0.5591700000000001,9.74133
58666666080,21.59,-0.0852244273748831,-0.05539675045830002,0.0,0.019620000000000002,0.38259000000000004,9.82962
58671716585,21.59,-0.09267698328089889,-0.05646140130201656,0.0,0.12753,0.22563,9.80019
58676767090,21.59,-0.0852244273748831,-0.044732788728614664,0.0,0.18639,0.15696000000000002,9.86886
58681817595,21.59,-0.06497860805174888,-0.02663372438543347,0.0,0.24525000000000002,0.17658,9.83943
58686868100,21.59,-0.049008845396000776,-0.005323254218582705,0.0,0.28449,0.23544,9.78057
58691918605,21.59,-0.03515093113516579,0.004258603374866164,0.0,0.26487,0.36297,9.770760000000001
58696969110,21.59,-0.02663372438543347,0.01064650843716541,0.0,0.27468000000000004,0.48069000000000006,9.751140000000001
58702019615,21.59,-0.033021629447732716,0.028763026072866547,0.0,0.26487,0.51012,9.770760000000001
58707070120,21.59,-0.03834488366631542,0.03834488366631542,0.0,0.14715,0.50031,9.85905
58712120625,21.59,-0.04794419455228423,0.03728023282259888,0.0,0.019620000000000002,0.40221,9.87867
58717171130,21.59,-0.05220279792715039,0.02769837522915001,0.0,-0.07848000000000001,0.27468000000000004,9.80019
58722221635,21.59,-0.054332099614583476,0.020245819323134222,-0.006387905062299246,-0.15696000000000002,0.28449,9.760950000000001
58727272140,21.59,-0.04153883619746504,0.01811651763570114,0.0,-0.14715,0.42183,9.66285
58732322645,21.59,-0.03728023282259888,0.0170518667919846,0.0,-0.12753,0.56898,9.64323
58737373150,21.59,-0.03621558197888234,0.002129301687433082,-0.001064650843716541,-0.11772,0.64746,9.760950000000001
58742423655,21.59,-0.05220279792715039,-0.01064650843716541,-0.002129301687433082,-0.06867000000000001,0.5591700000000001,9.819809999999999
58747474160,21.59,-0.07349581480148122,-0.024504422698000388,0.0,-0.06867000000000001,0.36297,9.74133
58752524665,21.59,-0.0852244273748831,-0.033021629447732716,-0.001064650843716541,-0.06867000000000001,0.22563,9.79038
58757575170,21.59,-0.0756251164889143,-0.022375121010567305,0.005323254218582705,0.0,0.18639,9.85905
58762625675,21.59,-0.07030186227033158,-0.01811651763570114,0.001064650843716541,0.02943,0.22563,9.84924
58767676180,21.59,-0.046879543708567686,-0.01811651763570114,-0.001064650843716541,0.08829,0.35316,9.82962
58772726685,21.59,-0.04260348704118158,-0.01811651763570114,-0.003193952531149623,0.20601000000000003,0.3924,9.79038
58777777190,21.59,-0.0404741853537485,-0.015987215948268057,-0.002129301687433082,0.23544,0.43164,9.65304
58782827695,21.59,-0.05539675045830002,0.002129301687433082,0.0,0.25506,0.41202000000000005,9.66285
58787878200,21.59,-0.05965535383316618,0.022375121010567305,0.002129301687433082,0.14715,0.33354000000000006,9.72171
58792928705,21.59,-0.06497860805174888,0.033021629447732716,-0.001064650843716541,0.04905,0.25506,9.80019
58797979210,21.59,-0.05859070298944965,0.023439771854283843,-0.003193952531149623,-0.02943,0.20601000000000003,9.87867
58803029715,21.59,-0.044732788728614664,0.011711159280881954,0.0,-0.05886,0.2943,9.80019
58808080220,21.59,-0.03728023282259888,0.005323254218582705,0.001064650843716541,-0.04905,0.41202000000000005,9.7119
58813130725,21.59,-0.03408628029144926,0.008517206749732328,0.0,-0.009810000000000001,0.52974,9.67266
58818181230,21.59,-0.0404741853537485,0.012775810124598492,0.0,0.0,0.5395500000000001,9.65304
58823231735,21.59,-0.06391395720803235,0.002129301687433082,-0.001064650843716541,-0.019620000000000002,0.42183,9.70209
58828282240,21.59,-0.07777187146886733,-0.011711159280881954,0.0,-0.039240000000000004,0.26487,9.78057
58833332745,21.59,-0.08203047484373349,-0.015987215948268057,0.001064650843716541,-0.0981,0.18639,9.84924
58838383250,21.59,-0.07456046564519776,-0.015987215948268057,0.004258603374866164,-0.04905,0.18639,9.92772
58843433755,21.59,-0.06178465552059926,-0.012775810124598492,-0.003193952531149623,-0.009810000000000001,0.1962,9.99639
58848484260,21.59,-0.04260348704118158,-0.007452555906015787,0.001064650843716541,0.019620000000000002,0.20601000000000003,9.87867
58853534765,21.59,-0.046879543708567686,-0.008517206749732328,0.0,0.05886,0.28449,9.74133
58858585270,21.59,-0.044732788728614664,-0.00958185759344887,0.0,0.06867000000000001,0.43164,9.66285
58863635775,21.59,-0.04794419455228423,-0.004258603374866164,0.002129301687433082,0.14715,0.46107000000000004,9.751140000000001
58868686280,21.59,-0.060720004676882725,0.003193952531149623,-0.003193952531149623,0.16677000000000003,0.41202000000000005,9.79038
58873736785,21.59,-0.06391395720803235,0.004258603374866164,-0.002129301687433082,0.12753,0.28449,9.85905
58878787290,21.59,-0.06497860805174888,0.006387905062299246,0.0,0.019620000000000002,0.17658,9.819809999999999
58883837795,21.59,-0.054332099614583476,0.008517206749732328,0.001064650843716541,-0.009810000000000001,0.15696000000000002,9.72171
58888888300,21.59,-0.05007349623971732,0.0170518667919846,0.001064650843716541,-0.039240000000000004,0.26487,9.72171
58893938805,21.59,-0.04260348704118158,0.012775810124598492,0.001064650843716541,-0.019620000000000002,0.3924,9.66285
58898989310,21.59,-0.04153883619746504,0.005323254218582705,-0.001064650843716541,-0.009810000000000001,0.47088,9.72171
58904039815,21.59,-0.05113814708343386,-0.0,-0.001064650843716541,-0.02943,0.43164,9.819809999999999
58909090320,21.59,-0.06178465552059926,-0.001064650843716541,0.001064650843716541,-0.019620000000000002,0.34335000000000004,9.78057
58914140825,21.59,-0.06923721142661506,-0.006387905062299246,-0.001064650843716541,-0.06867000000000001,0.24525000000000002,9.81
58919191330,21.59,-0.07030186227033158,-0.014905111812031574,0.001064650843716541,-0.039240000000000004,0.22563,9.84924
58924241835,21.59,-0.06604325889546543,-0.01918116847941768,0.0,0.0,0.18639,9.819809999999999
58929292340,21.59,-0.060720004676882725,-0.0170518667919846,0.003193952531149623,0.06867000000000001,0.18639,9.81
58934342845,21.59,-0.05752605214573309,-0.01064650843716541,0.0,0.07848000000000001,0.22563,9.7119
58939393350,21.59,-0.05326744877086694,-0.0,-0.002129301687433082,0.0981,0.2943,9.65304
58944443855,21.59,-0.05007349623971732,0.003193952531149623,0.002129301687433082,0.07848000000000001,0.38259000000000004,9.73152
58949494360,21.59,-0.05113814708343386,0.004258603374866164,0.0,0.10791,0.38259000000000004,9.84924
58954544865,21.59,-0.05752605214573309,0.008517206749732328,0.003193952531149623,0.08829,0.24525000000000002,9.87867
58959595370,21.59,-0.06604325889546543,0.011711159280881954,-0.001064650843716541,-0.009810000000000001,0.15696000000000002,9.79038
58964645875,21.59,-0.060720004676882725,0.013840460968315033,-0.002129301687433082,-0.05886,0.11772,9.770760000000001
58969696380,21.59,-0.05752605214573309,0.01918116847941768,-0.001064650843716541,-0.06867000000000001,0.16677000000000003,9.74133
58974746885,21.59,-0.05113814708343386,0.007452555906015787,0.0,-0.0981,0.28449,9.69228
58979797390,21.59,-0.04366813788489812,-0.008517206749732328,-0.001064650843716541,-0.02943,0.40221,9.78057
58984847895,21.59,-0.05646140130201656,-0.012775810124598492,-0.003193952531149623,0.009810000000000001,0.3924,9.84924
58989898400,21.59,-0.06391395720803235,-0.014905111812031574,0.0,0.019620000000000002,0.28449,9.83943
58994948905,21.59,-0.07243116395776468,-0.007452555906015787,0.001064650843716541,-0.02943,0.14715,9.86886
58999999410,21.59,-0.0756251164889143,-0.006387905062299246,0.0,-0.02943,0.05886,9.83943
59005049915,21.59,-0.06710790973918197,-0.00958185759344887,0.0,-0.019620000000000002,0.06867000000000001,9.85905
59010100420,21.59,-0.05646140130201656,0.002129301687433082,-0.001064650843716541,0.0,0.10791,9.82962
59015150925,21.59,-0.04153883619746504,0.01064650843716541,0.0,0.019620000000000002,0.20601000000000003,9.79038
59020201430,21.59,-0.03621558197888234,0.011711159280881954,0.0,-0.019620000000000002,0.32373,9.73152
59025251935,21.59,-0.039409534510031964,0.0,0.002129301687433082,-0.009810000000000001,0.3924,9.751140000000001
59030302440,21.59,-0.05326744877086694,-0.014905111812031574,0.003193952531149623,0.02943,0.43164,9.72171
59035352945,21.59,-0.06710790973918197,-0.0170518667919846,-0.002129301687433082,0.07848000000000001,0.36297,9.78057
59040403450,21.59,-0.06923721142661506,-0.011711159280881954,0.0,0.10791,0.1962,9.82962
59045453955,21.59,-0.07777187146886733,-0.002129301687433082,0.0,0.02943,0.04905,9.73152
59050504460,21.59,-0.07883652231258387,-0.007452555906015787,-0.001064650843716541,0.039240000000000004,0.0,9.73152
59055554965,21.59,-0.06710790973918197,-0.007452555906015787,0.001064650843716541,0.04905,0.07848000000000001,9.770760000000001
59060605470,21.59,-0.05646140130201656,-0.003193952531149623,0.001064650843716541,0.07848000000000001,0.1962,9.68247
59065655975,21.59,-0.04794419455228423,0.007452555906015787,-0.001064650843716541,0.08829,0.25506,9.83943
59070706480,21.59,-0.04794419455228423,0.022375121010567305,-0.001064650843716541,0.06867000000000001,0.24525000000000002,9.92772
59075756985,21.59,-0.05220279792715039,0.024504422698000388,-0.001064650843716541,-0.009810000000000001,0.16677000000000003,9.91791
59080807490,21.59,-0.05752605214573309,0.022375121010567305,0.0,-0.08829,0.11772,9.85905
59085857995,21.59,-0.05646140130201656,0.01811651763570114,0.0,-0.15696000000000002,0.08829,9.74133
59090908500,21.59,-0.05752605214573309,0.007452555906015787,0.001064650843716541,-0.12753,0.13734000000000002,9.68247
59095959005,21.59,-0.05326744877086694,0.0,0.0,-0.12753,0.26487,9.73152
59101009510,21.59,-0.04581489286485115,-0.001064650843716541,0.001064650843716541,-0.0981,0.36297,9.751140000000001
59106060015,21.59,-0.05326744877086694,-0.008517206749732328,0.0,-0.07848000000000001,0.34335000000000004,9.80019
59111110520,21.59,-0.06391395720803235,-0.023439771854283843,0.0,-0.039240000000000004,0.27468000000000004,9.73152
59116161025,21.59,-0.08096582400001695,-0.028763026072866547,0.001064650843716541,0.019620000000000002,0.10791,9.81
59121211530,21.59,-0.08841837990603273,-0.028763026072866547,0.003193952531149623,0.02943,0.02943,9.760950000000001
59126262035,21.59,-0.08415977653116657,-0.021310470166850764,0.002129301687433082,0.06867000000000001,0.0,9.82962
59131312540,21.59,-0.06497860805174888,-0.00958185759344887,0.0,0.08829,0.0,9.908100000000001
59136363045,21.59,-0.054332099614583476,-0.002129301687433082,0.001064650843716541,0.0981,0.05886,9.82962
59141413550,21.59,-0.04366813788489812,0.0,0.001064650843716541,0.10791,0.15696000000000002,9.83943
59146464055,21.59,-0.046879543708567686,0.003193952531149623,0.0,0.08829,0.1962,9.819809999999999
59151514560,21.59,-0.05326744877086694,0.005323254218582705,0.001064650843716541,0.11772,0.1962,9.81
59156565065,21.59,-0.05965535383316618,0.013840460968315033,0.0,0.039240000000000004,0.16677000000000003,9.85905
59161615570,21.59,-0.05752605214573309,0.024504422698000388,0.0,0.009810000000000001,0.14715,9.86886
59166666075,21.59,-0.054332099614583476,0.024504422698000388,-0.001064650843716541,-0.06867000000000001,0.0981,9.83943
59171716580,21.59,-0.054332099614583476,0.01918116847941768,0.0,-0.12753,0.06867000000000001,9.78057
59176767085,21.59,-0.05007349623971732,0.013840460968315033,0.002129301687433082,-0.10791,0.11772,9.7119
59181817590,21.59,-0.05007349623971732,0.001064650843716541,0.0,-0.10791,0.21582,9.6138
59186868095,21.59,-0.05113814708343386,-0.006387905062299246,0.002129301687433082,-0.08829,0.32373,9.67266
59191918600,21.59,-0.05326744877086694,-0.00958185759344887,0.0,-0.019620000000000002,0.31392000000000003,9.81
59196969105,21.59,-0.06710790973918197,-0.008517206749732328,0.001064650843716541,-0.02943,0.13734000000000002,9.82962
59202019610,21.59,-0.08309512568745003,-0.01064650843716541,0.0,-0.10791,-0.019620000000000002,9.83943
59207070115,21.59,-0.0852244273748831,-0.011711159280881954,0.0,-0.10791,0.06867000000000001,9.81
59212120620,21.59,-0.07990117315630041,-0.00958185759344887,0.001064650843716541,-0.009810000000000001,-0.019620000000000002,9.83943
59217171125,21.59,-0.06923721142661506,-0.0170518667919846,0.002129301687433082,-0.009810000000000001,0.04905,9.79038
59222221630,21.59,-0.05965535383316618,-0.0170518667919846,0.0,0.06867000000000001,0.039240000000000004,9.72171
59227272135,21.59,-0.04260348704118158,-0.015987215948268057,0.0,0.0981,0.019620000000000002,9.80019
59232322640,21.59,-0.05220279792715039,-0.0,-0.001064650843716541,0.05886,0.13734000000000002,9.888480000000001
59237373145,21.59,-0.046879543708567686,0.01064650843716541,0.0,0.05886,0.02943,9.95715
59242423650,21.59,-0.054332099614583476,0.01918116847941768,0.0,-0.009810000000000001,0.07848000000000001,9.83943
59247474155,21.59,-0.06178465552059926,0.012775810124598492,0.0,-0.039240000000000004,0.07848000000000001,9.770760000000001
59252524660,21.59,-0.05113814708343386,0.005323254218582705,0.0,-0.04905,0.12753,9.760950000000001
59257575165,21.59,-0.04260348704118158,0.002129301687433082,0.002129301687433082,-0.009810000000000001,0.21582,9.7119
59262625670,21.59,-0.044732788728614664,0.002129301687433082,0.0,-0.009810000000000001,0.23544,9.80019
59267676175,21.59,-0.05752605214573309,0.013840460968315033,0.0,-0.039240000000000004,0.11772,9.770760000000001
59272726680,21.59,-0.07349581480148122,0.008517206749732328,0.0,-0.0981,0.0,9.70209
59277777185,21.59,-0.09054768159346581,0.003193952531149623,0.0,-0.10791,0.02943,9.84924
59282827690,21.59,-0.07990117315630041,-0.01064650843716541,0.0,-0.0981,-0.019620000000000002,9.96696
59287878195,21.59,-0.07243116395776468,-0.0170518667919846,0.0,-0.06867000000000001,-0.009810000000000001,9.95715
59292928700,21.59,-0.06710790973918197,-0.022375121010567305,0.0,0.0,0.009810000000000001,9.96696
59297979205,21.59,-0.04794419455228423,-0.024504422698000388,0.0,0.05886,0.0,9.85905
59303029710,21.59,-0.05113814708343386,-0.012775810124598492,0.0,0.06867000000000001,0.0,9.79038
59308080215,21.59,-0.05539675045830002,0.007452555906015787,0.0,0.08829,-0.019620000000000002,9.760950000000001
59313130720,21.59,-0.05965535383316618,0.024504422698000388,0.0,0.009810000000000001,0.009810000000000001,9.73152
59318181225,21.59,-0.06178465552059926,0.024504422698000388,0.0,-0.039240000000000004,0.009810000000000001,9.819809999999999
59323231730,21.59,-0.054332099614583476,0.01064650843716541,0.0,-0.07848000000000001,0.009810000000000001,9.83943
59328282235,21.59,-0.0404741853537485,-0.006387905062299246,0.0,-0.05886,0.07848000000000001,9.84924
59333332740,21.59,-0.03834488366631542,-0.012775810124598492,0.0,-0.009810000000000001,0.06867000000000001,9.79038
59338383245,21.59,-0.03834488366631542,-0.006387905062299246,0.0,0.0,0.15696000000000002,9.80019
59343433750,21.59,-0.049008845396000776,0.014905111812031574,0.0,0.019620000000000002,0.039240000000000004,9.770760000000001
59348484255,21.59,-0.06604325889546543,0.01918116847941768,0.0,-0.06867000000000001,0.05886,9.64323
59353534760,21.59,-0.08203047484373349,0.022375121010567305,0.0,-0.0981,0.009810000000000001,9.74133
59358585265,21.59,-0.07670722062515077,0.006387905062299246,0.0,-0.13734000000000002,0.02943,9.81
59363635770,21.59,-0.07243116395776468,-0.011711159280881954,0.0,-0.11772,0.0,9.888480000000001
59368686275,21.59,-0.05752605214573309,-0.03089232776029963,0.0,-0.0981,0.0,9.92772
59373736780,21.59,-0.05539675045830002,-0.02769837522915001,0.0,0.0,-0.009810000000000001,9.91791
59378787285,21.59,-0.05965535383316618,-0.02982767691658309,0.0,0.07848000000000001,-0.019620000000000002,9.86886
59383837790,21.59,-0.06923721142661506,-0.008517206749732328,0.0,0.10791,-0.04905,9.81
59388888295,21.59,-0.07243116395776468,0.031956978604016174,0.0,0.05886,-0.04905,9.72171
59393938800,21.59,-0.07030186227033158,0.05113814708343386,0.0,-0.009810000000000001,-0.04905,9.69228
59398989305,21.59,-0.06497860805174888,0.03408628029144926,0.0,-0.11772,-0.039240000000000004,9.74133
59404039810,21.59,-0.054332099614583476,0.012775810124598492,0.0,-0.16677000000000003,-0.04905,9.81
59409090315,21.59,-0.04366813788489812,-0.015987215948268057,0.0,-0.17658,-0.02943,9.85905
59414140820,21.59,-0.044732788728614664,-0.031956978604016174,0.0,-0.0981,-0.009810000000000001,9.89829
59419191325,21.59,-0.04581489286485115,-0.033021629447732716,0.0,0.0,0.009810000000000001,9.80019
59424241830,21.59,-0.054332099614583476,-0.023439771854283843,0.0,0.039240000000000004,0.0,9.81
59429292335,21.59,-0.060720004676882725,0.002129301687433082,0.0,0.04905,0.0,9.79038
59434342840,21.59,-0.05752605214573309,0.03515093113516579,0.0,0.0,0.0,9.80019
59439393345,21.59,-0.06284930636431581,0.05539675045830002,0.0,-0.13734000000000002,-0.019620000000000002,9.86886
59444443850,21.59,-0.06817256058289851,0.054332099614583476,0.0,-0.25506,-0.04905,9.908100000000001
59449494355,21.59,-0.06604325889546543,0.020245819323134222,0.0,-0.32373,-0.07848000000000001,9.908100000000001
59454544860,21.59,-0.06817256058289851,-0.02556907354171693,0.0,-0.33354000000000006,-0.039240000000000004,9.85905
59459595365,21.59,-0.06284930636431581,-0.06497860805174888,0.0,-0.17658,-0.039240000000000004,9.819809999999999
59464645870,21.59,-0.05752605214573309,-0.07670722062515077,0.0,0.02943,-0.04905,9.770760000000001
59469696375,21.59,-0.054332099614583476,-0.07349581480148122,0.0,0.16677000000000003,-0.04905,9.83943
59474746880,21.59,-0.05113814708343386,-0.03515093113516579,0.0,0.25506,-0.06867000000000001,9.83943
59479797385,21.59,-0.05539675045830002,0.01064650843716541,0.0,0.27468000000000004,-0.05886,9.80019
59484847890,21.59,-0.06391395720803235,0.04366813788489812,0.0,0.1962,-0.08829,9.7119
59489898395,21.59,-0.06923721142661506,0.06923721142661506,0.0,0.039240000000000004,-0.06867000000000001,9.73152
59494948900,21.59,-0.05965535383316618,0.07456046564519776,0.0,-0.11772,-0.07848000000000001,9.751140000000001
59499999405,21.59,-0.05220279792715039,0.05539675045830002,0.0,-0.26487,-0.06867000000000001,9.87867
59505049910,21.59,-0.044732788728614664,0.02982767691658309,0.0,-0.33354000000000006,-0.06867000000000001,9.86886
59510100415,21.59,-0.04581489286485115,0.002129301687433082,0.0,-0.36297,-0.039240000000000004,9.87867
59515150920,21.59,-0.05752605214573309,-0.02663372438543347,0.0,-0.31392000000000003,-0.05886,9.80019
59520201425,21.59,-0.06391395720803235,-0.046879543708567686,0.0,-0.17658,-0.02943,9.770760000000001
59525251930,21.59,-0.05965535383316618,-0.06178465552059926,0.0,-0.05886,-0.05886,9.751140000000001
59530302435,21.59,-0.06391395720803235,-0.06391395720803235,0.0,0.05886,-0.039240000000000004,9.81
59535352940,21.59,-0.05220279792715039,-0.060720004676882725,0.0,0.18639,-0.07848000000000001,9.82962
59540403445,21.59,-0.05326744877086694,-0.03621558197888234,0.0,0.26487,-0.08829,9.84924
59545453950,21.59,-0.05965535383316618,-0.006387905062299246,0.0,0.2943,-0.10791,9.89829
59550504455,21.59,-0.060720004676882725,0.02982767691658309,0.0,0.28449,-0.10791,9.84924
59555554960,21.59,-0.06497860805174888,0.06604325889546543,0.0,0.11772,-0.12753,9.80019
59560605465,21.59,-0.06497860805174888,0.08628907821859966,0.0,-0.05886,-0.13734000000000002,9.751140000000001
59565655970,21.59,-0.05752605214573309,0.09374163412461543,0.0,-0.25506,-0.12753,9.73152
59570706475,21.59,-0.054332099614583476,0.08203047484373349,0.0,-0.43164,-0.12753,9.770760000000001
59575756980,21.59,-0.05220279792715039,0.03728023282259888,0.0,-0.51993,-0.11772,9.81
59580807485,21.59,-0.05113814708343386,-0.0170518667919846,0.0,-0.5493600000000001,-0.07848000000000001,9.84924
59585857990,21.59,-0.05326744877086694,-0.06817256058289851,0.0,-0.37278,-0.11772,9.86886
59590908495,21.59,-0.05752605214573309,-0.08948303074974927,0.0,-0.20601000000000003,-0.12753,9.92772
59595959000,21.59,-0.05646140130201656,-0.10012953918691468,0.0,0.019620000000000002,-0.12753,9.89829
59601009505,21.59,-0.05646140130201656,-0.09800023749948161,0.0,0.20601000000000003,-0.11772,9.819809999999999
59606060010,21.59,-0.05326744877086694,-0.0852244273748831,0.0,0.43164,-0.14715,9.74133
59611110515,21.59,-0.054332099614583476,-0.05113814708343386,0.0,0.52974,-0.11772,9.81
59616161020,21.59,-0.05113814708343386,-0.01064650843716541,0.0,0.57879,-0.14715,9.73152
59621211525,21.59,-0.05752605214573309,0.02663372438543347,0.0,0.51012,-0.13734000000000002,9.79038
59626262030,21.59,-0.05646140130201656,0.06604325889546543,0.0,0.41202000000000005,-0.11772,9.82962
59631312535,21.59,-0.049008845396000776,0.09480628496833199,0.0,0.17658,-0.14715,9.86886
59636363040,21.59,-0.05007349623971732,0.10866419922916695,0.0,-0.04905,-0.10791,9.85905
59641413545,21.59,-0.05220279792715039,0.11079350091660004,0.0,-0.24525000000000002,-0.13734000000000002,9.78057
59646464050,21.59,-0.05326744877086694,0.1097288500728835,0.0,-0.47088,-0.10791,9.69228
59651514555,21.59,-0.05752605214573309,0.08096582400001695,0.0,-0.63765,-0.11772,9.69228
59656565060,21.59,-0.05326744877086694,0.03728023282259888,0.0,-0.75537,-0.12753,9.751140000000001
59661615565,21.59,-0.054332099614583476,-0.00958185759344887,0.0,-0.73575,-0.12753,9.84924
59666666070,21.59,-0.06710790973918197,-0.06604325889546543,0.0,-0.65727,-0.16677000000000003,9.97677
59671716575,21.59,-0.06604325889546543,-0.09693558665576507,0.0,-0.46107000000000004,-0.20601000000000003,9.96696
59676767080,21.59,-0.06710790973918197,-0.11079350091660004,0.0,-0.23544,-0.21582,10.006200000000002
59681817585,21.59,-0.05859070298944965,-0.11824605682261582,0.0,0.039240000000000004,-0.23544,9.908100000000001
59686868090,21.59,-0.05646140130201656,-0.11185815176031658,0.0,0.25506,-0.23544,9.89829
59691918595,21.59,-0.05220279792715039,-0.09161233243718235,0.0,0.47088,-0.22563,9.85905
59696969100,21.59,-0.05646140130201656,-0.04260348704118158,0.0,0.5886,-0.23544,9.81
59702019605,21.59,-0.054332099614583476,0.01064650843716541,0.0,0.59841,-0.23544,9.86886
59707070110,21.59,-0.04794419455228423,0.04153883619746504,0.0,0.49050000000000005,-0.23544,9.87867
59712120615,21.59,-0.04260348704118158,0.06178465552059926,0.0,0.35316,-0.22563,9.87867
59717171120,21.59,-0.03621558197888234,0.07349581480148122,0.0,0.20601000000000003,-0.1962,9.87867
59722221625,21.59,-0.033021629447732716,0.0756251164889143,0.0,0.04905,-0.16677000000000003,9.770760000000001
59727272130,21.59,-0.02663372438543347,0.07990117315630041,0.0,-0.0981,-0.13734000000000002,9.7119
59732322635,21.59,-0.02982767691658309,0.07136651311404815,0.0,-0.26487,-0.12753,9.60399
59737373140,21.59,-0.03621558197888234,0.046879543708567686,0.0,-0.36297,-0.07848000000000001,9.57456
59742423645,21.59,-0.0404741853537485,0.0170518667919846,0.0,-0.40221,-0.07848000000000001,9.65304
59747474150,21.59,-0.049008845396000776,-0.011711159280881954,0.0,-0.36297,-0.08829,9.78057
59752524655,21.59,-0.05220279792715039,-0.02982767691658309,0.0,-0.37278,-0.08829,9.819809999999999
59757575160,21.59,-0.05646140130201656,-0.04794419455228423,0.0,-0.27468000000000004,-0.13734000000000002,9.85905
59762625665,21.59,-0.06178465552059926,-0.07243116395776468,0.0,-0.14715,-0.14715,9.86886
59767676170,21.59,-0.06391395720803235,-0.07670722062515077,0.0,0.009810000000000001,-0.17658,9.81
59772726675,21.59,-0.07030186227033158,-0.06817256058289851,0.0,0.17658,-0.20601000000000003,9.79038
59777777180,21.59,-0.07030186227033158,-0.054332099614583476,0.0,0.30411,-0.23544,9.79038
59782827685,21.59,-0.07456046564519776,-0.022375121010567305,0.0,0.3924,-0.25506,9.81
59787878190,21.59,-0.06284930636431581,0.003193952531149623,0.0,0.3924,-0.30411,9.92772
59792928695,21.59,-0.06284930636431581,0.02663372438543347,0.0,0.32373,-0.30411,9.98658
59797979200,21.59,-0.05859070298944965,0.05113814708343386,0.0,0.18639,-0.28449,9.95715
59803029705,21.59,-0.05752605214573309,0.07243116395776468,0.0,0.06867000000000001,-0.2943,9.84924
59808080210,21.59,-0.05113814708343386,0.0852244273748831,0.0,-0.10791,-0.26487,9.81
59813130715,21.59,-0.0404741853537485,0.10119419003063122,0.0,-0.2943,-0.24525000000000002,9.67266
59818181220,21.59,-0.03728023282259888,0.08628907821859966,0.0,-0.49050000000000005,-0.24525000000000002,9.633420000000001
59823231725,21.59,-0.039409534510031964,0.06923721142661506,0.0,-0.59841,-0.22563,9.72171
59828282230,21.59,-0.0404741853537485,0.05007349623971732,0.0,-0.70632,-0.22563,9.819809999999999
59833332735,21.59,-0.044732788728614664,0.015987215948268057,0.0,-0.7848,-0.22563,9.92772
59838383240,21.59,-0.04366813788489812,-0.021310470166850764,0.0,-0.75537,-0.22563,9.98658
59843433745,21.59,-0.05007349623971732,-0.06178465552059926,0.0,-0.63765,-0.24525000000000002,9.99639
59848484250,21.59,-0.05220279792715039,-0.10545279340549739,0.0,-0.46107000000000004,-0.25506,9.97677
59853534755,21.59,-0.05326744877086694,-0.1374272253020335,0.0,-0.16677000000000003,-0.25506,9.89829
59858585260,21.59,-0.046879543708567686,-0.1416858286768997,0.0,0.13734000000000002,-0.27468000000000004,9.85905
59863635765,21.59,-0.044732788728614664,-0.13421581947836395,0.0,0.46107000000000004,-0.33354000000000006,9.888480000000001
59868686270,21.59,-0.04366813788489812,-0.1097288500728835,0.0,0.72594,-0.32373,9.937529999999999
59873736775,21.59,-0.04366813788489812,-0.07456046564519776,0.0,0.84366,-0.31392000000000003,9.94734
59878787280,21.59,-0.046879543708567686,-0.021310470166850764,0.0,0.89271,-0.33354000000000006,9.92772
59883837785,21.59,-0.04581489286485115,0.03834488366631542,0.0,0.8338500000000001,-0.2943,9.85905
59888888290,21.59,-0.033021629447732716,0.09161233243718235,0.0,0.6768900000000001,-0.31392000000000003,9.81
59893938795,21.59,-0.03089232776029963,0.11824605682261582,0.0,0.41202000000000005,-0.28449,9.74133
59898989300,21.59,-0.024504422698000388,0.1352804703220805,0.0,0.11772,-0.22563,9.67266
59904039805,21.59,-0.023439771854283843,0.1374272253020335,0.0,-0.15696000000000002,-0.21582,9.66285
59909090310,21.59,-0.03089232776029963,0.12037535851004891,0.0,-0.38259000000000004,-0.20601000000000003,9.65304
59914140815,21.59,-0.03834488366631542,0.10012953918691468,0.0,-0.57879,-0.1962,9.69228
59919191320,21.59,-0.03728023282259888,0.06817256058289851,0.0,-0.75537,-0.18639,9.770760000000001
59924241825,21.59,-0.04153883619746504,0.014905111812031574,0.0,-0.79461,-0.1962,9.80019
59929292330,21.59,-0.049008845396000776,-0.03728023282259888,0.0,-0.74556,-0.20601000000000003,9.80019
59934342835,21.59,-0.05326744877086694,-0.06604325889546543,0.0,-0.60822,-0.22563,9.79038
59939393340,21.59,-0.05752605214573309,-0.09054768159346581,0.0,-0.44145,-0.25506,9.74133
59944443845,21.59,-0.06284930636431581,-0.10545279340549739,0.0,-0.1962,-0.2943,9.79038
59949494350,21.59,-0.06497860805174888,-0.09693558665576507,0.0,0.009810000000000001,-0.33354000000000006,9.85905
59954544855,21.59,-0.06178465552059926,-0.08309512568745003,0.0,0.18639,-0.35316,9.937529999999999
59959595360,21.59,-0.06710790973918197,-0.06178465552059926,0.0,0.31392000000000003,-0.37278,9.99639
59964645865,21.59,-0.05752605214573309,-0.028763026072866547,0.0,0.40221,-0.40221,10.025820000000001
59969696370,21.59,-0.05326744877086694,0.005323254218582705,0.0,0.38259000000000004,-0.40221,9.99639
59974746875,21.59,-0.05326744877086694,0.02982767691658309,0.0,0.33354000000000006,-0.41202000000000005,9.89829
59979797380,21.59,-0.04581489286485115,0.03834488366631542,0.0,0.23544,-0.40221,9.86886
59984847885,21.59,-0.03089232776029963,0.04260348704118158,0.0,0.10791,-0.3924,9.84924
59989898390,21.59,-0.03089232776029963,0.03834488366631542,0.0,0.02943,-0.3924,9.82962
59994948895,21.59,-0.02982767691658309,0.02663372438543347,0.0,-0.019620000000000002,-0.36297,9.89829
59999999400,21.59,-0.021310470166850764,0.005323254218582705,0.0,-0.019620000000000002,-0.32373,9.85905
60005049905,21.59,-0.023439771854283843,0.001064650843716541,0.0,-0.009810000000000001,-0.33354000000000006,9.81
60010100410,21.59,-0.020245819323134222,0.005323254218582705,0.0,-0.039240000000000004,-0.2943,9.819809999999999
60015150915,21.59,-0.0170518667919846,0.007452555906015787,0.0,-0.02943,-0.25506,9.74133
60020201420,21.59,-0.01918116847941768,0.0170518667919846,0.0,-0.07848000000000001,-0.28449,9.760950000000001
60025251925,21.59,-0.02663372438543347,0.03408628029144926,0.0,-0.13734000000000002,-0.23544,9.74133
60030302430,21.59,-0.031956978604016174,0.03834488366631542,0.0,-0.21582,-0.27468000000000004,9.7119
60035352935,21.59,-0.039409534510031964,0.04153883619746504,0.0,-0.28449,-0.25506,9.760950000000001
60040403440,21.59,-0.046879543708567686,0.03408628029144926,0.0,-0.38259000000000004,-0.26487,9.819809999999999
60045453945,21.59,-0.04794419455228423,0.014905111812031574,0.0,-0.43164,-0.28449,9.83943
60050504450,21.59,-0.05326744877086694,-0.02556907354171693,0.0,-0.41202000000000005,-0.32373,9.82962
60055554955,21.59,-0.046879543708567686,-0.07136651311404815,0.0,-0.27468000000000004,-0.36297,9.78057
60060605460,21.59,-0.05113814708343386,-0.10012953918691468,0.0,-0.039240000000000004,-0.38259000000000004,9.751140000000001
60065655965,21.59,-0.054332099614583476,-0.11292280260403312,0.0,0.20601000000000003,-0.3924,9.81
60070706470,21.59,-0.04794419455228423,-0.10332349171806432,0.0,0.42183,-0.41202000000000005,9.78057
60075756975,21.59,-0.046879543708567686,-0.07670722062515077,0.0,0.5886,-0.41202000000000005,9.85905
60080807480,21.59,-0.04260348704118158,-0.03515093113516579,0.0,0.6670800000000001,-0.41202000000000005,9.908100000000001
60085857985,21.59,-0.039409534510031964,0.00958185759344887,0.0,0.6670800000000001,-0.40221,9.85905
60090908490,21.59,-0.03408628029144926,0.06497860805174888,0.0,0.5493600000000001,-0.41202000000000005,9.888480000000001
60095958995,21.59,-0.02769837522915001,0.11505210429146619,0.0,0.33354000000000006,-0.3924,9.819809999999999
60101009500,21.59,-0.02982767691658309,0.15446163880149816,0.0,0.009810000000000001,-0.38259000000000004,9.819809999999999
60106060005,21.59,-0.02769837522915001,0.14913838458291545,0.0,-0.33354000000000006,-0.35316,9.73152
60111110510,21.59,-0.03408628029144926,0.11505210429146619,0.0,-0.5886,-0.31392000000000003,9.72171
60116161015,21.59,-0.031956978604016174,0.05646140130201656,0.0,-0.69651,-0.31392000000000003,9.770760000000001
60121211520,21.59,-0.03408628029144926,-0.005323254218582705,0.0,-0.71613,-0.30411,9.84924
60126262025,21.59,-0.02663372438543347,-0.06284930636431581,0.0,-0.6180300000000001,-0.34335000000000004,9.87867
60131312530,21.59,-0.02982767691658309,-0.09693558665576507,0.0,-0.44145,-0.36297,9.908100000000001
60136363035,21.59,-0.039409534510031964,-0.10653489754173388,0.0,-0.22563,-0.37278,9.937529999999999
60141413540,21.59,-0.04153883619746504,-0.10119419003063122,0.0,0.009810000000000001,-0.38259000000000004,9.937529999999999
60146464045,21.59,-0.04794419455228423,-0.07456046564519776,0.0,0.18639,-0.41202000000000005,9.82962
60151514550,21.59,-0.049008845396000776,-0.04794419455228423,0.005323254218582705,0.32373,-0.40221,9.83943
60156565055,21.59,-0.046879543708567686,-0.03089232776029963,0.001064650843716541,0.37278,-0.42183,9.84924
60161615560,21.59,-0.03408628029144926,-0.020245819323134222,0.001064650843716541,0.40221,-0.41202000000000005,9.85905
60166666065,21.59,-0.021310470166850764,-0.00958185759344887,0.002129301687433082,0.3924,-0.45126,9.86886
60171716570,21.59,-0.02556907354171693,0.002129301687433082,-0.001064650843716541,0.38259000000000004,-0.42183,9.937529999999999
60176767075,21.59,-0.02556907354171693,0.022375121010567305,-0.001064650843716541,0.33354000000000006,-0.42183,9.91791
60181817580,21.59,-0.020245819323134222,0.049008845396000776,0.0,0.2943,-0.40221,9.770760000000001
60186868085,21.59,-0.020245819323134222,0.08628907821859966,0.0,0.08829,-0.38259000000000004,9.7119
60191918590,21.59,-0.024504422698000388,0.10438814256178083,0.001064650843716541,-0.07848000000000001,-0.35316,9.65304
60196969095,21.59,-0.022375121010567305,0.09374163412461543,0.001064650843716541,-0.2943,-0.35316,9.74133
60202019600,21.59,-0.023439771854283843,0.07030186227033158,-0.002129301687433082,-0.45126,-0.32373,9.770760000000001
60207070105,21.59,-0.023439771854283843,0.031956978604016174,0.001064650843716541,-0.5493600000000001,-0.33354000000000006,9.73152
60212120610,21.59,-0.02982767691658309,-0.01811651763570114,0.0,-0.52974,-0.34335000000000004,9.770760000000001
60217171115,21.59,-0.031956978604016174,-0.06604325889546543,0.0,-0.41202000000000005,-0.33354000000000006,9.760950000000001
60222221620,21.59,-0.033021629447732716,-0.09161233243718235,-0.001064650843716541,-0.18639,-0.36297,9.760950000000001
60227272125,21.59,-0.031956978604016174,-0.07990117315630041,-0.001064650843716541,0.0,-0.35316,9.79038
60232322630,21.59,-0.031956978604016174,-0.05326744877086694,0.0,0.12753,-0.38259000000000004,9.81
60237373135,21.59,-0.03621558197888234,-0.033021629447732716,0.0,0.21582,-0.41202000000000005,9.770760000000001
60242423640,21.59,-0.044732788728614664,-0.022375121010567305,0.003193952531149623,0.24525000000000002,-0.40221,9.81
60247474145,21.59,-0.049008845396000776,-0.004258603374866164,0.001064650843716541,0.24525000000000002,-0.42183,9.80019
60252524650,21.59,-0.04366813788489812,0.0,0.003193952531149623,0.27468000000000004,-0.46107000000000004,9.87867
60257575155,21.59,-0.03834488366631542,-0.006387905062299246,0.001064650843716541,0.22563,-0.45126,10.025820000000001
60262625660,21.59,-0.03089232776029963,0.002129301687433082,0.0,0.22563,-0.47088,10.08468
60267676165,21.59,-0.02769837522915001,0.02556907354171693,-0.002129301687433082,0.17658,-0.47088,10.03563
60272726670,21.59,-0.028763026072866547,0.05007349623971732,0.0,0.0981,-0.47088,9.98658
60277777175,21.59,-0.02769837522915001,0.07030186227033158,0.001064650843716541,-0.019620000000000002,-0.48069000000000006,9.888480000000001
60282827680,21.59,-0.031956978604016174,0.08203047484373349,0.002129301687433082,-0.20601000000000003,-0.51993,9.760950000000001
60287878185,21.59,-0.03408628029144926,0.05752605214573309,0.001064650843716541,-0.30411,-0.48069000000000006,9.72171
60292928690,21.59,-0.02663372438543347,0.012775810124598492,0.0,-0.36297,-0.43164,9.770760000000001
60297979195,21.59,-0.015987215948268057,-0.022375121010567305,-0.001064650843716541,-0.36297,-0.46107000000000004,9.83943
60303029700,21.59,-0.00958185759344887,-0.046879543708567686,-0.002129301687433082,-0.24525000000000002,-0.44145,9.91791
60308080205,21.59,-0.011711159280881954,-0.05220279792715039,-0.002129301687433082,-0.14715,-0.41202000000000005,9.937529999999999
60313130710,21.59,-0.013840460968315033,-0.04260348704118158,-0.002129301687433082,0.0,-0.41202000000000005,9.819809999999999
60318181215,21.59,-0.022375121010567305,-0.014905111812031574,0.0,0.039240000000000004,-0.41202000000000005,9.72171
60323231720,21.59,-0.01918116847941768,-0.004258603374866164,0.0,0.04905,-0.3924,9.633420000000001
60328282225,21.59,-0.02556907354171693,-0.011711159280881954,0.002129301687433082,0.07848000000000001,-0.38259000000000004,9.53532
60333332730,21.59,-0.01811651763570114,-0.022375121010567305,0.0,0.0981,-0.36297,9.623610000000001
60338383235,21.59,-0.00958185759344887,-0.023439771854283843,0.0,0.1962,-0.36297,9.73152
60343433740,21.59,-0.00958185759344887,-0.01918116847941768,-0.001064650843716541,0.22563,-0.35316,9.81
60348484245,21.59,-0.014905111812031574,-0.012775810124598492,-0.003193952531149623,0.21582,-0.3924,9.92772
60353534750,21.59,-0.028763026072866547,0.01064650843716541,-0.002129301687433082,0.20601000000000003,-0.37278,9.937529999999999
60358585255,21.59,-0.03728023282259888,0.033021629447732716,0.0,0.15696000000000002,-0.40221,9.760950000000001
60363635760,21.59,-0.044732788728614664,0.054332099614583476,0.0,0.06867000000000001,-0.41202000000000005,9.66285
60368686265,21.59,-0.039409534510031964,0.05965535383316618,0.0,-0.07848000000000001,-0.41202000000000005,9.60399
60373736770,21.59,-0.04153883619746504,0.044732788728614664,-0.001064650843716541,-0.15696000000000002,-0.41202000000000005,9.73152
60378787275,21.59,-0.033021629447732716,0.020245819323134222,0.0,-0.22563,-0.42183,9.937529999999999
60383837780,21.59,-0.031956978604016174,0.005323254218582705,0.001064650843716541,-0.27468000000000004,-0.45126,10.01601
60388888285,21.59,-0.04260348704118158,-0.001064650843716541,-0.002129301687433082,-0.27468000000000004,-0.51012,10.08468
60393938790,21.59,-0.049008845396000776,-0.01064650843716541,-0.001064650843716541,-0.24525000000000002,-0.52974,10.03563
60398989295,21.59,-0.04260348704118158,-0.021310470166850764,0.002129301687433082,-0.18639,-0.5591700000000001,9.84924
60404039800,21.59,-0.039409534510031964,-0.039409534510031964,0.0,-0.06867000000000001,-0.5493600000000001,9.770760000000001
60409090305,21.59,-0.02982767691658309,-0.05220279792715039,0.001064650843716541,0.009810000000000001,-0.5591700000000001,9.82962
60414140810,21.59,-0.01811651763570114,-0.046879543708567686,-0.002129301687433082,0.13734000000000002,-0.5886,9.888480000000001
60419191315,21.59,-0.014905111812031574,-0.02769837522915001,-0.001064650843716541,0.20601000000000003,-0.5591700000000001,9.98658
60424241820,21.59,-0.01064650843716541,-0.015987215948268057,0.001064650843716541,0.22563,-0.5591700000000001,10.074869999999999
60429292325,21.59,-0.012775810124598492,-0.007452555906015787,-0.003193952531149623,0.20601000000000003,-0.51012,10.006200000000002
60434342830,21.59,-0.008517206749732328,0.006387905062299246,-0.005323254218582705,0.23544,-0.49050000000000005,9.89829
60439393335,21.59,-0.001064650843716541,0.028763026072866547,0.0,0.23544,-0.47088,9.79038
60444443840,21.59,0.003193952531149623,0.05859070298944965,0.0,0.10791,-0.43164,9.64323
60449494345,21.59,0.004258603374866164,0.07136651311404815,-0.001064650843716541,-0.019620000000000002,-0.38259000000000004,9.57456
60454544850,21.59,0.005323254218582705,0.06497860805174888,0.0,-0.1962,-0.37278,9.633420000000001
60459595355,21.59,-0.005323254218582705,0.03089232776029963,-0.001064650843716541,-0.24525000000000002,-0.35316,9.68247
60464645860,21.59,-0.013840460968315033,-0.01064650843716541,0.0,-0.27468000000000004,-0.34335000000000004,9.760950000000001
60469696365,21.59,-0.0170518667919846,-0.033021629447732716,0.0,-0.23544,-0.37278,9.84924
60474746870,21.59,-0.012775810124598492,-0.03515093113516579,0.002129301687433082,-0.0981,-0.35316,9.84924
60479797375,21.59,-0.020245819323134222,-0.02982767691658309,-0.002129301687433082,-0.05886,-0.38259000000000004,9.760950000000001
60484847880,21.59,-0.023439771854283843,-0.02982767691658309,0.0,0.009810000000000001,-0.40221,9.69228
60489898385,21.59,-0.03515093113516579,-0.03089232776029963,0.002129301687433082,0.07848000000000001,-0.41202000000000005,9.59418
60494948890,21.59,-0.03834488366631542,-0.024504422698000388,0.002129301687433082,0.17658,-0.41202000000000005,9.60399
60499999395,21.59,-0.039409534510031964,-0.0170518667919846,-0.001064650843716541,0.16677000000000003,-0.43164,9.770760000000001
60505049900,21.59,-0.03728023282259888,-0.006387905062299246,0.001064650843716541,0.17658,-0.49050000000000005,9.87867
60510100405,21.59,-0.033021629447732716,0.002129301687433082,0.0,0.14715,-0.51993,10.025820000000001
60515150910,21.59,-0.033021629447732716,0.013840460968315033,-0.001064650843716541,0.12753,-0.5395500000000001,10.09449
60520201415,21.59,-0.02982767691658309,0.02556907354171693,0.0,0.0981,-0.5395500000000001,9.888480000000001
60525251920,21.59,-0.028763026072866547,0.02663372438543347,0.002129301687433082,0.019620000000000002,-0.5493600000000001,9.760950000000001
60530302425,21.59,-0.024504422698000388,0.024504422698000388,0.0,-0.009810000000000001,-0.5395500000000001,9.73152
60535352930,21.59,-0.021310470166850764,0.02556907354171693,-0.001064650843716541,-0.039240000000000004,-0.5493600000000001,9.7119
60540403435,21.59,-0.015987215948268057,0.0170518667919846,0.0,-0.11772,-0.5493600000000001,9.84924
60545453940,21.59,-0.011711159280881954,0.002129301687433082,0.0,-0.13734000000000002,-0.52974,10.01601
60550504445,21.59,-0.011711159280881954,-0.01064650843716541,0.002129301687433082,-0.13734000000000002,-0.5395500000000001,10.05525
60555554950,21.59,-0.011711159280881954,-0.021310470166850764,-0.002129301687433082,-0.08829,-0.50031,9.99639
60560605455,21.59,0.0,-0.023439771854283843,0.0,-0.009810000000000001,-0.49050000000000005,9.89829
60565655960,21.59,0.007452555906015787,-0.013840460968315033,0.0,0.009810000000000001,-0.48069000000000006,9.72171
60570706465,21.59,0.003193952531149623,-0.001064650843716541,-0.001064650843716541,0.07848000000000001,-0.45126,9.67266
60575756970,21.59,-0.001064650843716541,0.00958185759344887,0.0,0.039240000000000004,-0.42183,9.770760000000001
60580807475,21.59,-0.008517206749732328,0.006387905062299246,0.0,0.019620000000000002,-0.46107000000000004,9.751140000000001
60585857980,21.59,-0.0170518667919846,-0.002129301687433082,0.0,-0.019620000000000002,-0.43164,9.86886
60590908485,21.59,-0.012775810124598492,-0.013840460968315033,0.0,0.0,-0.42183,9.95715
60595958990,21.59,-0.006387905062299246,-0.020245819323134222,0.0,0.05886,-0.46107000000000004,9.92772
60601009495,21.59,-0.002129301687433082,-0.024504422698000388,-0.001064650843716541,0.0981,-0.45126,9.85905
60606060000,21.59,-0.004258603374866164,-0.015987215948268057,0.0,0.18639,-0.44145,9.80019
60611110505,21.59,-0.012775810124598492,0.0,0.0,0.17658,-0.44145,9.69228
60616161010,21.59,-0.022375121010567305,0.021310470166850764,0.002129301687433082,0.15696000000000002,-0.44145,9.68247
60621211515,21.59,-0.031956978604016174,0.02982767691658309,0.0,0.08829,-0.46107000000000004,9.751140000000001
60626262020,21.59,-0.031956978604016174,0.03621558197888234,-0.001064650843716541,0.0,-0.48069000000000006,9.89829
60631312525,21.59,-0.02769837522915001,0.031956978604016174,0.0,-0.08829,-0.52974,10.03563
60636363030,21.59,-0.014905111812031574,0.01811651763570114,0.002129301687433082,-0.11772,-0.51012,10.09449
60641413535,21.59,-0.012775810124598492,0.002129301687433082,0.002129301687433082,-0.12753,-0.51993,9.888480000000001
60646464040,21.59,-0.012775810124598492,-0.003193952531149623,-0.001064650843716541,-0.10791,-0.52974,9.74133
60651514545,21.59,-0.013840460968315033,-0.001064650843716541,-0.003193952531149623,-0.05886,-0.52974,9.60399
60656565050,21.59,-0.00958185759344887,-0.003193952531149623,0.0,-0.04905,-0.51012,9.55494
60661615555,21.59,-0.013840460968315033,-0.014905111812031574,0.0,-0.05886,-0.52974,9.66285
60666666060,21.59,-0.005323254218582705,-0.02769837522915001,0.0,0.0,-0.51993,9.83943
60671716565,21.59,0.0,-0.033021629447732716,-0.001064650843716541,0.02943,-0.50031,9.937529999999999
60676767070,21.59,0.001064650843716541,-0.033021629447732716,0.0,0.10791,-0.51012,10.025820000000001
60681817575,21.59,0.001064650843716541,-0.0170518667919846,0.0,0.14715,-0.48069000000000006,9.99639
60686868080,21.59,-0.004258603374866164,0.0,0.0,0.15696000000000002,-0.47088,9.81
60691918585,21.59,-0.005323254218582705,0.0170518667919846,0.0,0.13734000000000002,-0.47088,9.66285
60696969090,21.59,-0.008517206749732328,0.01918116847941768,0.0,0.11772,-0.43164,9.53532
60702019595,21.59,-0.003193952531149623,0.01918116847941768,-0.002129301687433082,0.05886,-0.44145,9.59418
60707070100,21.59,-0.004258603374866164,0.024504422698000388,0.0,0.039240000000000004,-0.45126,9.80019
60712120605,21.59,-0.003193952531149623,0.031956978604016174,-0.001064650843716541,-0.039240000000000004,-0.45126,9.98658
60717171110,21.59,-0.005323254218582705,0.0170518667919846,0.0,-0.11772,-0.44145,9.98658
60722221615,21.59,-0.01918116847941768,0.004258603374866164,0.0,-0.13734000000000002,-0.48069000000000006,9.937529999999999
60727272120,21.59,-0.024504422698000388,-0.003193952531149623,-0.001064650843716541,-0.0981,-0.45126,9.770760000000001
60732322625,21.59,-0.022375121010567305,-0.00958185759344887,0.0,-0.06867000000000001,-0.47088,9.70209
60737373130,21.59,-0.014905111812031574,-0.012775810124598492,0.0,-0.04905,-0.50031,9.78057
60742423635,21.59,-0.013840460968315033,-0.01918116847941768,0.0,-0.019620000000000002,-0.52974,9.89829
60747474140,21.59,-0.014905111812031574,-0.03728023282259888,0.002129301687433082,0.039240000000000004,-0.5493600000000001,9.98658
60752524645,21.59,-0.021310470166850764,-0.04366813788489812,-0.002129301687433082,0.0981,-0.57879,10.03563
60757575150,21.59,-0.0170518667919846,-0.033021629447732716,-0.001064650843716541,0.17658,-0.59841,9.99639
60762625655,21.59,-0.011711159280881954,-0.01064650843716541,0.0,0.22563,-0.57879,9.92772
60767676160,21.59,-0.005323254218582705,0.001064650843716541,0.0,0.26487,-0.56898,9.85905
60772726665,21.59,0.0,0.0170518667919846,0.0,0.21582,-0.5395500000000001,9.73152
60777777170,21.59,0.008517206749732328,0.023439771854283843,0.001064650843716541,0.1962,-0.51993,9.6138
60782827675,21.59,0.007452555906015787,0.02769837522915001,-0.001064650843716541,0.11772,-0.52974,9.66285
60787878180,21.59,0.01064650843716541,0.0404741853537485,0.0,0.04905,-0.49050000000000005,9.72171
60792928685,21.59,0.00958185759344887,0.05220279792715039,0.002129301687433082,-0.06867000000000001,-0.49050000000000005,9.819809999999999
60797979190,21.59,0.005323254218582705,0.04153883619746504,-0.003193952531149623,-0.17658,-0.43164,9.91791
60803029695,21.59,0.007452555906015787,0.01918116847941768,0.001064650843716541,-0.23544,-0.41202000000000005,9.819809999999999
60808080200,21.59,0.008517206749732328,-0.005323254218582705,0.002129301687433082,-0.22563,-0.41202000000000005,9.67266
60813130705,21.59,0.002129301687433082,-0.022375121010567305,-0.001064650843716541,-0.17658,-0.41202000000000005,9.6138
60818181210,21.59,0.001064650843716541,-0.02982767691658309,0.0,-0.07848000000000001,-0.40221,9.66285
60823231715,21.59,-0.001064650843716541,-0.03408628029144926,0.002129301687433082,0.0,-0.44145,9.74133
60828282220,21.59,-0.015987215948268057,-0.04153883619746504,-0.001064650843716541,0.039240000000000004,-0.47088,9.908100000000001
60833332725,21.59,-0.020245819323134222,-0.04260348704118158,0.0,0.0981,-0.47088,9.92772
60838383230,21.59,-0.02663372438543347,-0.03834488366631542,0.0,0.20601000000000003,-0.50031,9.96696
60843433735,21.59,-0.021310470166850764,-0.021310470166850764,-0.002129301687433082,0.27468000000000004,-0.5395500000000001,9.99639
60848484240,21.59,-0.014905111812031574,0.0,0.0,0.28449,-0.5591700000000001,9.92772
60853534745,21.59,-0.013840460968315033,0.012775810124598492,0.001064650843716541,0.25506,-0.56898,9.85905
60858585250,21.59,-0.014905111812031574,0.023439771854283843,-0.001064650843716541,0.21582,-0.5886,9.819809999999999
60863635755,21.59,-0.012775810124598492,0.03089232776029963,0.001064650843716541,0.15696000000000002,-0.57879,9.760950000000001
60868686260,21.59,-0.008517206749732328,0.03621558197888234,0.003193952531149623,0.07848000000000001,-0.59841,9.819809999999999
60873736765,21.59,-0.007452555906015787,0.03728023282259888,-0.001064650843716541,-0.009810000000000001,-0.60822,9.97677
60878787270,21.59,0.003193952531149623,0.02663372438543347,0.0,-0.07848000000000001,-0.5493600000000001,10.01601
60883837775,21.59,0.006387905062299246,0.014905111812031574,-0.003193952531149623,-0.10791,-0.5591700000000001,9.97677
60888888280,21.59,0.00958185759344887,0.002129301687433082,0.0,-0.11772,-0.5591700000000001,9.819809999999999
60893938785,21.59,0.01064650843716541,0.0,-0.001064650843716541,-0.06867000000000001,-0.51012,9.64323
60898989290,21.59,0.012775810124598492,-0.002129301687433082,0.0,-0.04905,-0.49050000000000005,9.6138
60904039795,21.59,0.013840460968315033,-0.008517206749732328,0.0,-0.04905,-0.45126,9.69228
60909090300,21.59,0.00958185759344887,-0.014905111812031574,0.0,-0.02943,-0.45126,9.760950000000001
60914140805,21.59,0.013840460968315033,-0.02769837522915001,-0.001064650843716541,0.0,-0.45126,9.819809999999999
60919191310,21.59,0.014905111812031574,-0.031956978604016174,0.0,0.06867000000000001,-0.45126,9.819809999999999
60924241815,21.59,0.012775810124598492,-0.01918116847941768,-0.004258603374866164,0.12753,-0.42183,9.79038
60929292320,21.59,0.008517206749732328,-0.008517206749732328,0.0,0.16677000000000003,-0.44145,9.7119
60934342825,21.59,0.0,-0.002129301687433082,0.0,0.18639,-0.42183,9.67266
60939393330,21.59,-0.002129301687433082,0.003193952531149623,0.0,0.1962,-0.43164,9.55494
60944443835,21.59,-0.006387905062299246,0.00958185759344887,0.0,0.15696000000000002,-0.44145,9.60399
60949494340,21.59,-0.006387905062299246,0.011711159280881954,0.0,0.13734000000000002,-0.44145,9.73152
60954544845,21.59,-0.004258603374866164,0.014905111812031574,0.0,0.08829,-0.46107000000000004,9.81
60959595350,21.59,-0.015987215948268057,0.015987215948268057,0.0,0.02943,-0.48069000000000006,9.94734
60964645855,21.59,-0.01811651763570114,0.011711159280881954,0.0,0.009810000000000001,-0.48069000000000006,9.91791
60969696360,21.59,-0.01811651763570114,0.00958185759344887,0.0,0.0,-0.50031,9.82962
60974746865,21.59,-0.01811651763570114,0.004258603374866164,0.0,0.0,-0.51993,9.770760000000001
60979797370,21.59,-0.015987215948268057,0.002129301687433082,0.0,-0.019620000000000002,-0.5591700000000001,9.819809999999999
60984847875,21.59,-0.01064650843716541,-0.001064650843716541,0.0,-0.009810000000000001,-0.56898,9.86886
60989898380,21.59,-0.012775810124598492,-0.014905111812031574,0.0,-0.019620000000000002,-0.59841,9.99639
60994948885,21.59,-0.011711159280881954,-0.0170518667919846,0.0,-0.009810000000000001,-0.59841,10.08468
60999999390,21.59,-0.006387905062299246,-0.01811651763570114,0.0,0.05886,-0.60822,10.06506
61005049895,21.59,-0.003193952531149623,-0.012775810124598492,0.0,0.06867000000000001,-0.6278400000000001,10.05525
61010100400,21.59,0.003193952531149623,-0.005323254218582705,0.0,0.08829,-0.5886,9.99639
61015150905,21.59,0.011711159280881954,-0.002129301687433082,0.0,0.0981,-0.59841,9.908100000000001
61020201410,21.59,0.011711159280881954,0.001064650843716541,0.0,0.14715,-0.57879,9.87867
61025251915,21.59,0.015987215948268057,0.001064650843716541,0.0,0.10791,-0.56898,9.84924
61030302420,21.59,0.01918116847941768,0.002129301687433082,0.0,0.11772,-0.5395500000000001,9.84924
61035352925,21.59,0.022375121010567305,0.0,0.0,0.11772,-0.51993,9.86886
61040403430,21.59,0.021310470166850764,0.005323254218582705,-0.006387905062299246,0.12753,-0.50031,9.937529999999999
61045453935,21.59,0.024504422698000388,0.01064650843716541,-0.002129301687433082,0.08829,-0.47088,9.888480000000001
61050504440,21.59,0.02982767691658309,0.008517206749732328,0.001064650843716541,0.05886,-0.44145,9.81
61055554945,21.59,0.028763026072866547,0.004258603374866164,0.001064650843716541,0.05886,-0.43164,9.67266
61060605450,21.59,0.023439771854283843,0.01064650843716541,0.001064650843716541,0.05886,-0.43164,9.58437
61065655955,21.59,0.01918116847941768,0.011711159280881954,-0.002129301687433082,0.009810000000000001,-0.40221,9.66285
61070706460,21.59,0.01064650843716541,0.012775810124598492,0.001064650843716541,0.0,-0.41202000000000005,9.79038
61075756965,21.59,0.005323254218582705,0.006387905062299246,0.0,-0.05886,-0.42183,9.86886
61080807470,21.59,0.0,-0.002129301687433082,0.0,-0.05886,-0.46107000000000004,9.95715
61085857975,21.59,-0.004258603374866164,-0.014905111812031574,-0.001064650843716541,-0.02943,-0.49050000000000005,9.84924
61090908480,21.59,-0.004258603374866164,-0.020245819323134222,0.0,0.04905,-0.49050000000000005,9.74133
61095958985,21.59,-0.006387905062299246,-0.022375121010567305,0.0,0.08829,-0.52974,9.74133
61101009490,21.59,-0.002129301687433082,-0.014905111812031574,0.0,0.13734000000000002,-0.50031,9.7119
61106059995,21.59,0.0,-0.007452555906015787,0.0,0.16677000000000003,-0.5395500000000001,9.66285
61111110500,21.59,0.0,-0.005323254218582705,0.0,0.17658,-0.51012,9.73152
61116161005,21.59,0.002129301687433082,-0.001064650843716541,-0.002129301687433082,0.17658,-0.52974,9.760950000000001
61121211510,21.59,0.003193952531149623,0.0,-0.003193952531149623,0.1962,-0.50031,9.760950000000001
61126262015,21.59,0.007452555906015787,0.00958185759344887,-0.002129301687433082,0.11772,-0.51993,9.85905
61131312520,21.59,0.013840460968315033,0.021310470166850764,0.0,0.0981,-0.51012,9.888480000000001
61136363025,21.59,0.01811651763570114,0.028763026072866547,-0.002129301687433082,0.039240000000000004,-0.49050000000000005,9.82962
61141413530,21.59,0.012775810124598492,0.0170518667919846,0.0,-0.009810000000000001,-0.48069000000000006,9.82962
61146464035,21.59,0.004258603374866164,0.005323254218582705,-0.001064650843716541,0.0,-0.50031,9.80019
61151514540,21.59,0.006387905062299246,-0.004258603374866164,0.0,-0.009810000000000001,-0.48069000000000006,9.84924
61156565045,21.59,0.007452555906015787,-0.01064650843716541,0.0,-0.009810000000000001,-0.48069000000000006,9.97677
61161615550,21.59,0.015987215948268057,-0.008517206749732328,0.0,0.009810000000000001,-0.49050000000000005,10.006200000000002
61166666055,21.59,0.011711159280881954,-0.01064650843716541,-0.002129301687433082,0.04905,-0.50031,9.92772
61171716560,21.59,0.005323254218582705,-0.015987215948268057,-0.001064650843716541,0.05886,-0.51993,9.908100000000001
61176767065,21.59,0.00958185759344887,-0.0170518667919846,0.0,0.11772,-0.50031,9.770760000000001
61181817570,21.59,0.01064650843716541,-0.008517206749732328,0.0,0.15696000000000002,-0.51993,9.69228
61186868075,21.59,0.011711159280881954,-0.002129301687433082,0.0,0.1962,-0.51012,9.760950000000001
61191918580,21.59,0.011711159280881954,0.006387905062299246,-0.004258603374866164,0.14715,-0.51012,9.81
61196969085,21.59,0.012775810124598492,0.004258603374866164,-0.002129301687433082,0.14715,-0.49050000000000005,9.908100000000001
61202019590,21.59,0.014905111812031574,0.0,-0.001064650843716541,0.08829,-0.51012,10.01601
61207070095,21.59,0.011711159280881954,-0.002129301687433082,0.0,0.10791,-0.49050000000000005,9.86886
61212120600,21.59,0.012775810124598492,-0.005323254218582705,0.0,0.15696000000000002,-0.48069000000000006,9.73152
61217171105,21.59,0.01811651763570114,-0.00958185759344887,0.001064650843716541,0.17658,-0.45126,9.65304
61222221610,21.59,0.02982767691658309,-0.003193952531149623,0.0,0.21582,-0.44145,9.633420000000001
61227272115,21.59,0.03089232776029963,0.012775810124598492,-0.001064650843716541,0.17658,-0.42183,9.65304
61232322620,21.59,0.02769837522915001,0.028763026072866547,-0.001064650843716541,0.13734000000000002,-0.43164,9.819809999999999
61237373125,21.59,0.01811651763570114,0.039409534510031964,-0.001064650843716541,0.009810000000000001,-0.42183,9.87867
61242423630,21.59,0.007452555906015787,0.03408628029144926,0.0,-0.039240000000000004,-0.45126,9.81
61247474135,21.59,0.005323254218582705,0.01918116847941768,0.002129301687433082,-0.10791,-0.44145,9.82962
61252524640,21.59,0.004258603374866164,0.002129301687433082,0.001064650843716541,-0.11772,-0.43164,9.79038
61257575145,21.59,0.013840460968315033,-0.008517206749732328,0.001064650843716541,-0.06867000000000001,-0.46107000000000004,9.81
61262625650,21.59,0.015987215948268057,-0.011711159280881954,-0.001064650843716541,-0.07848000000000001,-0.47088,9.85905
61267676155,21.59,0.014905111812031574,-0.01811651763570114,0.0,-0.039240000000000004,-0.47088,9.888480000000001
61272726660,21.59,0.007452555906015787,-0.02663372438543347,0.001064650843716541,0.009810000000000001,-0.52974,9.82962
61277777165,21.59,-0.003193952531149623,-0.0404741853537485,-0.003193952531149623,0.08829,-0.5395500000000001,9.87867
61282827670,21.59,-0.006387905062299246,-0.046879543708567686,0.0,0.20601000000000003,-0.5395500000000001,9.89829
61287878175,21.59,0.0,-0.04366813788489812,0.002129301687433082,0.2943,-0.5395500000000001,9.92772
61292928680,21.59,0.015987215948268057,-0.03089232776029963,-0.002129301687433082,0.34335000000000004,-0.52974,9.96696
61297979185,21.59,0.02663372438543347,-0.012775810124598492,-0.001064650843716541,0.41202000000000005,-0.51012,9.95715
61303029690,21.59,0.02769837522915001,0.01064650843716541,-0.002129301687433082,0.37278,-0.52974,9.908100000000001
61308080195,21.59,0.024504422698000388,0.039409534510031964,-0.001064650843716541,0.32373,-0.52974,9.83943
61313130700,21.59,0.023439771854283843,0.05859070298944965,0.001064650843716541,0.21582,-0.50031,9.78057
61318181205,21.59,0.020245819323134222,0.06284930636431581,0.002129301687433082,0.06867000000000001,-0.48069000000000006,9.760950000000001
61323231710,21.59,0.023439771854283843,0.05113814708343386,0.0,-0.04905,-0.47088,9.82962
61328282215,21.59,0.03408628029144926,0.024504422698000388,0.0,-0.12753,-0.42183,9.81
61333332720,21.59,0.044732788728614664,0.006387905062299246,-0.001064650843716541,-0.14715,-0.43164,9.83943
61338383225,21.59,0.0404741853537485,0.001064650843716541,-0.001064650843716541,-0.13734000000000002,-0.40221,9.83943
61343433730,21.59,0.033021629447732716,0.002129301687433082,-0.001064650843716541,-0.13734000000000002,-0.41202000000000005,9.760950000000001
61348484235,21.59,0.01918116847941768,-0.008517206749732328,-0.001064650843716541,-0.11772,-0.41202000000000005,9.67266
61353534740,21.59,0.013840460968315033,-0.02556907354171693,0.003193952531149623,-0.06867000000000001,-0.42183,9.65304
61358585245,21.59,0.013840460968315033,-0.04153883619746504,0.001064650843716541,0.0,-0.40221,9.59418
61363635750,21.59,0.02556907354171693,-0.06178465552059926,0.002129301687433082,0.16677000000000003,-0.42183,9.633420000000001
61368686255,21.59,0.02663372438543347,-0.07030186227033158,-0.001064650843716541,0.26487,-0.41202000000000005,9.81
61373736760,21.59,0.033021629447732716,-0.05646140130201656,-0.003193952531149623,0.40221,-0.46107000000000004,9.91791
61378787265,21.59,0.023439771854283843,-0.028763026072866547,-0.002129301687433082,0.48069000000000006,-0.45126,9.97677
61383837770,21.59,0.01064650843716541,0.014905111812031574,0.0,0.44145,-0.44145,9.89829
61388888275,21.59,-0.001064650843716541,0.05752605214573309,0.0,0.31392000000000003,-0.45126,9.7119
61393938780,21.59,0.0,0.07777187146886733,0.0,0.23544,-0.45126,9.60399
61398989285,21.59,0.006387905062299246,0.060720004676882725,0.0,0.05886,-0.44145,9.68247
61404039790,21.59,0.022375121010567305,0.03089232776029963,0.0,-0.04905,-0.47088,9.819809999999999
61409090295,21.59,0.028763026072866547,0.005323254218582705,-0.004258603374866164,-0.05886,-0.49050000000000005,10.06506
61414140800,21.59,0.020245819323134222,-0.01811651763570114,-0.001064650843716541,-0.05886,-0.51012,10.1043
61419191305,21.59,0.011711159280881954,-0.015987215948268057,-0.002129301687433082,-0.019620000000000002,-0.50031,9.98658
61424241810,21.59,0.00958185759344887,0.0,0.0,0.0,-0.51993,9.86886
61429292315,21.59,0.015987215948268057,0.00958185759344887,0.001064650843716541,0.02943,-0.48069000000000006,9.78057
61434342820,21.59,0.02769837522915001,0.006387905062299246,0.0,0.009810000000000001,-0.48069000000000006,9.68247
61439393325,21.59,0.033021629447732716,-0.007452555906015787,0.0,-0.019620000000000002,-0.49050000000000005,9.74133
61444443830,21.59,0.031956978604016174,-0.02769837522915001,-0.001064650843716541,0.02943,-0.47088,9.86886
61449494335,21.59,0.03089232776029963,-0.05007349623971732,0.0,0.12753,-0.46107000000000004,9.888480000000001
61454544840,21.59,0.02769837522915001,-0.060720004676882725,0.0,0.22563,-0.46107000000000004,10.01601
61459595345,21.59,0.02982767691658309,-0.05113814708343386,-0.001064650843716541,0.34335000000000004,-0.46107000000000004,10.045440000000001
61464645850,21.59,0.03621558197888234,-0.03515093113516579,-0.002129301687433082,0.47088,-0.44145,10.05525
61469696355,21.59,0.03515093113516579,0.001064650843716541,-0.003193952531149623,0.47088,-0.45126,9.92772
61474746860,21.59,0.04366813788489812,0.04153883619746504,0.0,0.40221,-0.42183,9.74133
61479797365,21.59,0.039409534510031964,0.08203047484373349,0.0,0.2943,-0.3924,9.60399
61484847870,21.59,0.024504422698000388,0.09161233243718235,0.0,0.08829,-0.37278,9.68247
61489898375,21.59,0.020245819323134222,0.07349581480148122,0.0,-0.10791,-0.40221,9.888480000000001
61494948880,21.59,0.020245819323134222,0.044732788728614664,-0.003193952531149623,-0.23544,-0.42183,9.97677
61499999385,21.59,0.02556907354171693,0.007452555906015787,0.0,-0.26487,-0.41202000000000005,10.03563
61505049890,21.59,0.02982767691658309,-0.03089232776029963,-0.001064650843716541,-0.20601000000000003,-0.41202000000000005,9.86886
61510100395,21.59,0.03728023282259888,-0.06604325889546543,0.001064650843716541,-0.07848000000000001,-0.41202000000000005,9.66285
61515150900,21.59,0.033021629447732716,-0.08841837990603273,0.0,0.12753,-0.42183,9.58437
61520201405,21.59,0.024504422698000388,-0.07990117315630041,0.0,0.35316,-0.41202000000000005,9.56475
61525251910,21.59,0.023439771854283843,-0.04794419455228423,-0.001064650843716541,0.48069000000000006,-0.41202000000000005,9.64323
61530302415,21.59,0.028763026072866547,-0.005323254218582705,0.0,0.46107000000000004,-0.40221,9.81
61535352920,21.59,0.02556907354171693,0.021310470166850764,-0.003193952531149623,0.41202000000000005,-0.42183,9.99639
61540403425,21.59,0.02769837522915001,0.02982767691658309,-0.002129301687433082,0.30411,-0.42183,10.03563
61545453930,21.59,0.03089232776029963,0.05220279792715039,0.0,0.26487,-0.41202000000000005,9.94734
61550504435,21.59,0.031956978604016174,0.07349581480148122,0.0,0.0981,-0.38259000000000004,9.79038
61555554940,21.59,0.03408628029144926,0.09587093581204853,0.0,-0.05886,-0.3924,9.633420000000001
61560605445,21.59,0.024504422698000388,0.07777187146886733,0.0,-0.23544,-0.40221,9.64323
61565655950,21.59,0.022375121010567305,0.02663372438543347,0.0,-0.35316,-0.38259000000000004,9.7119
61570706455,21.59,0.021310470166850764,-0.03408628029144926,0.0,-0.2943,-0.41202000000000005,9.78057
61575756960,21.59,0.02982767691658309,-0.07670722062515077,0.0,-0.14715,-0.3924,9.94734
61580807465,21.59,0.03621558197888234,-0.09906488834319814,0.0,0.019620000000000002,-0.42183,9.96696
61585857970,21.59,0.03834488366631542,-0.11292280260403312,0.0,0.25506,-0.42183,9.99639
61590908475,21.59,0.03408628029144926,-0.09906488834319814,0.0,0.48069000000000006,-0.41202000000000005,9.83943
61595958980,21.59,0.028763026072866547,-0.05859070298944965,0.0,0.65727,-0.44145,9.7119
61601009485,21.59,0.02769837522915001,-0.012775810124598492,0.0,0.70632,-0.42183,9.7119
61606059990,21.59,0.023439771854283843,0.033021629447732716,0.0,0.63765,-0.43164,9.85905
61611110495,21.59,0.033021629447732716,0.06923721142661506,0.0,0.47088,-0.41202000000000005,10.025820000000001
61616161000,21.59,0.03408628029144926,0.09161233243718235,0.0,0.26487,-0.42183,10.12392
61621211505,21.59,0.03408628029144926,0.10119419003063122,0.0,0.039240000000000004,-0.42183,10.163160000000001
61626262010,21.59,0.033021629447732716,0.09906488834319814,0.0,-0.17658,-0.42183,10.045440000000001
61631312515,21.59,0.023439771854283843,0.08948303074974927,0.0,-0.31392000000000003,-0.41202000000000005,9.85905
61636363020,21.59,0.03089232776029963,0.06391395720803235,0.0,-0.43164,-0.40221,9.67266
61641413525,21.59,0.03621558197888234,0.028763026072866547,0.0,-0.47088,-0.41202000000000005,9.66285
61646464030,21.59,0.04366813788489812,-0.020245819323134222,0.0,-0.45126,-0.41202000000000005,9.751140000000001
61651514535,21.59,0.03728023282259888,-0.06604325889546543,0.0,-0.32373,-0.41202000000000005,9.86886
61656565040,21.59,0.03834488366631542,-0.09587093581204853,0.0,-0.14715,-0.38259000000000004,9.89829
61661615545,21.59,0.044732788728614664,-0.10653489754173388,0.0,0.04905,-0.3924,9.85905
61666666050,21.59,0.049008845396000776,-0.10012953918691468,0.0,0.2943,-0.3924,9.78057
61671716555,21.59,0.04794419455228423,-0.08203047484373349,0.0,0.50031,-0.37278,9.73152
61676767060,21.59,0.05752605214573309,-0.054332099614583476,0.0,0.6180300000000001,-0.35316,9.60399
61681817565,21.59,0.05113814708343386,-0.012775810124598492,0.0,0.6867000000000001,-0.32373,9.54513
61686868070,21.59,0.05113814708343386,0.024504422698000388,0.0,0.5886,-0.30411,9.65304
61691918575,21.59,0.046879543708567686,0.04581489286485115,0.0,0.47088,-0.27468000000000004,9.81
61696969080,21.59,0.044732788728614664,0.05113814708343386,0.0,0.37278,-0.27468000000000004,9.80019
61702019585,21.59,0.03728023282259888,0.06391395720803235,0.0,0.20601000000000003,-0.2943,9.83943
61707070090,21.59,0.03621558197888234,0.07030186227033158,0.0,0.06867000000000001,-0.26487,9.82962
61712120595,21.59,0.03408628029144926,0.0756251164889143,0.0,-0.07848000000000001,-0.27468000000000004,9.819809999999999
61717171100,21.59,0.03089232776029963,0.07456046564519776,0.0,-0.20601000000000003,-0.2943,9.760950000000001
61722221605,21.59,0.01918116847941768,0.05326744877086694,0.0,-0.33354000000000006,-0.31392000000000003,9.72171
61727272110,21.59,0.01064650843716541,0.021310470166850764,0.0,-0.38259000000000004,-0.34335000000000004,9.819809999999999
61732322615,21.59,0.006387905062299246,-0.011711159280881954,0.0,-0.3924,-0.37278,9.95715
61737373120,21.59,0.012775810124598492,-0.039409534510031964,0.0,-0.31392000000000003,-0.43164,10.06506
61742423625,21.59,0.01064650843716541,-0.06710790973918197,0.0,-0.20601000000000003,-0.43164,10.12392
61747474130,21.59,0.015987215948268057,-0.08628907821859966,0.0,-0.05886,-0.48069000000000006,10.13373
61752524635,21.59,0.028763026072866547,-0.08735372906231618,0.0,0.17658,-0.51012,10.006200000000002
61757575140,21.59,0.03408628029144926,-0.06284930636431581,0.0,0.35316,-0.51012,9.86886
61762625645,21.59,0.03089232776029963,-0.03408628029144926,0.0,0.43164,-0.51012,9.819809999999999
61767676150,21.59,0.04260348704118158,-0.004258603374866164,0.0,0.43164,-0.46107000000000004,9.819809999999999
61772726655,21.59,0.05326744877086694,0.022375121010567305,0.0,0.42183,-0.43164,9.89829
61777777160,21.59,0.07030186227033158,0.033021629447732716,0.0,0.32373,-0.43164,9.92772
61782827665,21.59,0.07136651311404815,0.03515093113516579,0.0,0.23544,-0.37278,9.97677
61787878170,21.59,0.07990117315630041,0.03515093113516579,0.0,0.17658,-0.31392000000000003,9.888480000000001
61792928675,21.59,0.07777187146886733,0.05113814708343386,0.0,0.0981,-0.2943,9.83943
61797979180,21.59,0.07136651311404815,0.05113814708343386,0.0,-0.02943,-0.23544,9.6138
61803029685,21.59,0.06178465552059926,0.031956978604016174,0.0,-0.08829,-0.17658,9.50589
61808080190,21.59,0.06178465552059926,0.00958185759344887,0.0,-0.11772,-0.18639,9.5157
61813130695,21.59,0.06497860805174888,-0.008517206749732328,0.0,-0.10791,-0.14715,9.69228
61818181200,21.59,0.05646140130201656,-0.03834488366631542,0.0,-0.05886,-0.18639,9.87867
61823231705,21.59,0.046879543708567686,-0.07030186227033158,0.0,0.02943,-0.1962,9.99639
61828282210,21.59,0.03515093113516579,-0.0852244273748831,0.0,0.23544,-0.22563,9.96696
61833332715,21.59,0.021310470166850764,-0.09267698328089889,0.0,0.41202000000000005,-0.25506,9.83943
61838383220,21.59,0.021310470166850764,-0.07883652231258387,0.0,0.6180300000000001,-0.26487,9.751140000000001
61843433725,21.59,0.02663372438543347,-0.05326744877086694,0.0,0.7651800000000001,-0.31392000000000003,9.770760000000001
61848484230,21.59,0.02556907354171693,-0.020245819323134222,0.0,0.7848,-0.33354000000000006,9.82962
61853534735,21.59,0.03515093113516579,0.02663372438543347,0.0,0.73575,-0.35316,9.89829
61858585240,21.59,0.028763026072866547,0.08309512568745003,0.0,0.5886,-0.38259000000000004,9.97677
61863635745,21.59,0.02663372438543347,0.1352804703220805,0.0,0.31392000000000003,-0.35316,9.98658
61868686250,21.59,0.02663372438543347,0.17364280728091586,0.0,-0.019620000000000002,-0.38259000000000004,9.97677
61873736755,21.59,0.033021629447732716,0.1757721089683489,0.0,-0.37278,-0.38259000000000004,9.888480000000001
61878787260,21.59,0.04153883619746504,0.14487978120804929,0.0,-0.65727,-0.32373,9.770760000000001
61883837765,21.59,0.05113814708343386,0.09161233243718235,0.0,-0.85347,-0.30411,9.67266
61888888270,21.59,0.060720004676882725,0.02663372438543347,0.0,-0.90252,-0.31392000000000003,9.65304
61893938775,21.59,0.060720004676882725,-0.0404741853537485,0.0,-0.86328,-0.2943,9.7119
61898989280,21.59,0.05220279792715039,-0.10759954838545042,0.0,-0.6768900000000001,-0.2943,9.69228
61904039785,21.59,0.049008845396000776,-0.15446163880149816,0.0,-0.38259000000000004,-0.2943,9.74133
61909090290,21.59,0.06284930636431581,-0.18961256993666398,0.0,-0.009810000000000001,-0.27468000000000004,9.81
61914140795,21.59,0.06923721142661506,-0.19600047499896323,0.0,0.3924,-0.26487,9.78057
61919191300,21.59,0.07136651311404815,-0.1757721089683489,0.0,0.7848,-0.22563,9.81
61924241805,21.59,0.06923721142661506,-0.1278279144160647,0.0,1.06929,-0.24525000000000002,9.84924
61929292310,21.59,0.06391395720803235,-0.06178465552059926,0.0,1.20663,-0.21582,9.86886
61934342815,21.59,0.05646140130201656,0.00958185759344887,0.0,1.1870100000000001,-0.22563,9.937529999999999
61939393320,21.59,0.04794419455228423,0.07349581480148122,0.0,0.9810000000000001,-0.21582,10.01601
61944443825,21.59,0.04794419455228423,0.12144000935376545,0.0,0.74556,-0.18639,10.05525
61949494330,21.59,0.05220279792715039,0.15659094048893124,0.0,0.43164,-0.20601000000000003,10.03563
61954544835,21.59,0.046879543708567686,0.17896606149949854,0.0,0.05886,-0.1962,9.99639
61959595340,21.59,0.0404741853537485,0.17151350559348277,0.0,-0.2943,-0.22563,9.937529999999999
61964645845,21.59,0.03408628029144926,0.14913838458291545,0.0,-0.57879,-0.23544,9.81
61969696350,21.59,0.020245819323134222,0.11079350091660004,0.0,-0.7848,-0.24525000000000002,9.72171
61974746855,21.59,0.022375121010567305,0.05007349623971732,0.0,-0.8829,-0.27468000000000004,9.73152
61979797360,21.59,0.03515093113516579,-0.013840460968315033,0.0,-0.87309,-0.30411,9.760950000000001
61984847865,21.59,0.04153883619746504,-0.07243116395776468,0.0,-0.73575,-0.31392000000000003,9.87867
61989898370,21.59,0.04153883619746504,-0.11505210429146619,0.0,-0.5395500000000001,-0.2943,9.87867
61994948875,21.59,0.04794419455228423,-0.1374272253020335,0.0,-0.24525000000000002,-0.32373,9.72171
61999999380,21.59,0.05220279792715039,-0.14700908289548237,0.0,0.07848000000000001,-0.30411,9.633420000000001
62005049885,21.59,0.05752605214573309,-0.14700908289548237,0.0,0.3924,-0.31392000000000003,9.56475
62010100390,21.59,0.06817256058289851,-0.14700908289548237,0.0,0.69651,-0.26487,9.58437
62015150895,21.59,0.08415977653116657,-0.13955652698946658,0.0,0.9810000000000001,-0.22563,9.72171
62020201400,21.59,0.08415977653116657,-0.1097288500728835,0.0,1.21644,-0.18639,9.89829
62025251905,21.59,0.08841837990603273,-0.049008845396000776,0.0,1.3047300000000002,-0.17658,10.01601
62030302410,21.59,0.08096582400001695,0.02556907354171693,0.0,1.2753,-0.12753,9.99639
62035352915,21.59,0.06497860805174888,0.10332349171806432,0.0,1.0791000000000002,-0.08829,9.937529999999999
62040403420,21.59,0.060720004676882725,0.1704488547497662,0.0,0.72594,-0.08829,9.87867
62045453925,21.59,0.05539675045830002,0.2236988502281132,0.0,0.26487,-0.04905,9.819809999999999
62050504430,21.59,0.05220279792715039,0.2524618763009797,0.0,-0.23544,-0.08829,9.82962
62055554935,21.59,0.04581489286485115,0.2535265271446963,0.0,-0.71613,-0.10791,9.819809999999999
62060605440,21.59,0.033021629447732716,0.20559978588493202,0.0,-1.19682,-0.13734000000000002,9.92772
62065655945,21.59,0.020245819323134222,0.11611675513518273,0.0,-1.42245,-0.17658,9.937529999999999
62070706450,21.59,0.012775810124598492,0.003193952531149623,0.0,-1.44207,-0.1962,9.81
62075756955,21.59,0.013840460968315033,-0.11931070766633237,0.0,-1.2360600000000002,-0.25506,9.72171
62080807460,21.59,0.02663372438543347,-0.2183755960095305,0.0,-0.8240400000000001,-0.30411,9.64323
62085857965,21.59,0.04794419455228423,-0.2822895532175628,0.0,-0.28449,-0.31392000000000003,9.60399
62090908470,21.59,0.05326744877086694,-0.3078586267592798,0.0,0.35316,-0.32373,9.70209
62095958975,21.59,0.05965535383316618,-0.2886949115723821,0.0,0.94176,-0.33354000000000006,9.85905
62101009480,21.59,0.06178465552059926,-0.19814722997891623,0.0,1.40283,-0.30411,9.937529999999999
62106059985,21.59,0.06178465552059926,-0.07990117315630041,0.0,1.6186500000000001,-0.2943,9.96696
62111110490,21.59,0.07136651311404815,0.046879543708567686,-0.005323254218582705,1.5499800000000001,-0.24525000000000002,9.937529999999999
62116160995,21.59,0.07990117315630041,0.150203035426632,0.0,1.24587,-0.20601000000000003,9.86886
62121211500,21.59,0.08415977653116657,0.2151816434783809,-0.002129301687433082,0.80442,-0.14715,9.888480000000001
62126262005,21.59,0.08841837990603273,0.24075071702009782,-0.006387905062299246,0.28449,-0.06867000000000001,9.80019
62131312510,21.59,0.08841837990603273,0.2343628119577986,-0.003193952531149623,-0.1962,-0.05886,9.760950000000001
62136363015,21.59,0.07243116395776468,0.18641861740551433,-0.001064650843716541,-0.60822,-0.019620000000000002,9.751140000000001
62141413520,21.59,0.06604325889546543,0.12144000935376545,-0.002129301687433082,-0.84366,-0.009810000000000001,9.79038
62146464025,21.59,0.05646140130201656,0.04794419455228423,-0.001064650843716541,-0.94176,-0.019620000000000002,9.81
62151514530,21.59,0.05646140130201656,-0.02769837522915001,0.0,-0.9123300000000001,-0.009810000000000001,9.81
62156565035,21.59,0.05007349623971732,-0.07030186227033158,-0.002129301687433082,-0.7651800000000001,-0.06867000000000001,9.80019
62161615540,21.59,0.04153883619746504,-0.10332349171806432,0.0,-0.57879,-0.07848000000000001,9.74133
62166666045,21.59,0.03408628029144926,-0.1288925652597812,0.001064650843716541,-0.30411,-0.0981,9.64323
62171716550,21.59,0.028763026072866547,-0.14062117783318315,0.0,0.02943,-0.16677000000000003,9.59418
62176767055,21.59,0.02769837522915001,-0.15339698795778162,0.003193952531149623,0.33354000000000006,-0.18639,9.67266
62181817560,21.59,0.03515093113516579,-0.13849187614575004,-0.001064650843716541,0.6278400000000001,-0.17658,9.81
62186868065,21.59,0.04794419455228423,-0.10866419922916695,-0.003193952531149623,0.8240400000000001,-0.21582,10.01601
62191918570,21.59,0.05646140130201656,-0.06284930636431581,-0.002129301687433082,0.9711900000000001,-0.20601000000000003,10.05525
62196969075,21.59,0.06391395720803235,0.001064650843716541,-0.001064650843716541,0.9908100000000001,-0.21582,10.05525
62202019580,21.59,0.05220279792715039,0.07670722062515077,-0.005323254218582705,0.86328,-0.21582,9.888480000000001
62207070085,21.59,0.05539675045830002,0.1416858286768997,-0.001064650843716541,0.6180300000000001,-0.16677000000000003,9.770760000000001
62212120590,21.59,0.06284930636431581,0.1757721089683489,0.0,0.22563,-0.15696000000000002,9.69228
62217171095,21.59,0.060720004676882725,0.17896606149949854,-0.001064650843716541,-0.13734000000000002,-0.10791,9.79038
62222221600,21.59,0.07670722062515077,0.1352804703220805,0.002129301687433082,-0.44145,-0.08829,9.819809999999999
62227272105,21.59,0.07349581480148122,0.06604325889546543,-0.003193952531149623,-0.6278400000000001,-0.06867000000000001,9.937529999999999
62232322610,21.59,0.07349581480148122,0.0,-0.001064650843716541,-0.6278400000000001,-0.039240000000000004,9.95715
62237373115,21.59,0.07243116395776468,-0.04581489286485115,0.0,-0.52974,-0.04905,9.84924
62242423620,21.59,0.06923721142661506,-0.06817256058289851,-0.001064650843716541,-0.37278,-0.06867000000000001,9.760950000000001
62247474125,21.59,0.06817256058289851,-0.08309512568745003,0.0,-0.20601000000000003,-0.039240000000000004,9.69228
62252524630,21.59,0.06284930636431581,-0.08203047484373349,0.001064650843716541,-0.009810000000000001,-0.019620000000000002,9.60399
62257575135,21.59,0.06604325889546543,-0.06497860805174888,0.001064650843716541,0.15696000000000002,-0.04905,9.67266
62262625640,21.59,0.05752605214573309,-0.05326744877086694,0.0,0.21582,-0.019620000000000002,9.73152
62267676145,21.59,0.05326744877086694,-0.04153883619746504,0.0,0.30411,-0.009810000000000001,9.81
62272726650,21.59,0.05007349623971732,-0.0404741853537485,-0.001064650843716541,0.38259000000000004,-0.07848000000000001,9.94734
62277777155,21.59,0.05539675045830002,-0.03728023282259888,-0.002129301687433082,0.46107000000000004,-0.039240000000000004,9.97677
62282827660,21.59,0.054332099614583476,-0.00958185759344887,-0.002129301687433082,0.51012,-0.05886,9.92772
62287878165,21.59,0.05965535383316618,0.023439771854283843,-0.005323254218582705,0.45126,-0.07848000000000001,9.888480000000001
62292928670,21.59,0.05539675045830002,0.06604325889546543,-0.001064650843716541,0.35316,-0.08829,9.78057
62297979175,21.59,0.049008845396000776,0.08735372906231618,0.0,0.1962,-0.08829,9.70209
62303029680,21.59,0.04794419455228423,0.0756251164889143,0.0,0.0,-0.05886,9.66285
62308080185,21.59,0.04794419455228423,0.05220279792715039,0.0,-0.15696000000000002,-0.06867000000000001,9.751140000000001
62313130690,21.59,0.05646140130201656,0.01918116847941768,-0.002129301687433082,-0.1962,-0.06867000000000001,9.89829
62318181195,21.59,0.060720004676882725,-0.004258603374866164,-0.002129301687433082,-0.18639,-0.07848000000000001,10.025820000000001
62323231700,21.59,0.07136651311404815,-0.007452555906015787,-0.003193952531149623,-0.16677000000000003,-0.05886,9.96696
62328282205,21.59,0.07030186227033158,-0.011711159280881954,0.0,-0.13734000000000002,-0.04905,9.79038
62333332710,21.59,0.06284930636431581,-0.012775810124598492,-0.002129301687433082,-0.06867000000000001,-0.039240000000000004,9.633420000000001
62338383215,21.59,0.060720004676882725,-0.013840460968315033,0.001064650843716541,-0.019620000000000002,-0.039240000000000004,9.57456
62343433720,21.59,0.060720004676882725,-0.024504422698000388,0.002129301687433082,0.009810000000000001,0.0,9.57456
62348484225,21.59,0.06178465552059926,-0.03408628029144926,0.002129301687433082,0.07848000000000001,0.0,9.760950000000001
62353534730,21.59,0.06817256058289851,-0.04366813788489812,-0.001064650843716541,0.13734000000000002,0.019620000000000002,9.91791
62358585235,21.59,0.06284930636431581,-0.04260348704118158,-0.001064650843716541,0.21582,0.0,10.074869999999999
62363635740,21.59,0.06178465552059926,-0.031956978604016174,-0.004258603374866164,0.2943,-0.019620000000000002,10.13373
62368686245,21.59,0.05859070298944965,-0.00958185759344887,0.001064650843716541,0.33354000000000006,-0.019620000000000002,9.908100000000001
62373736750,21.59,0.049008845396000776,0.012775810124598492,-0.002129301687433082,0.32373,-0.02943,9.74133
62378787255,21.59,0.05113814708343386,0.03089232776029963,0.0,0.27468000000000004,-0.02943,9.6138
62383837760,21.59,0.05859070298944965,0.04366813788489812,-0.002129301687433082,0.21582,-0.019620000000000002,9.59418
62388888265,21.59,0.06284930636431581,0.04153883619746504,0.001064650843716541,0.10791,0.0,9.770760000000001
62393938770,21.59,0.060720004676882725,0.03089232776029963,-0.002129301687433082,0.0,-0.019620000000000002,9.97677
62398989275,21.59,0.05965535383316618,0.02556907354171693,-0.004258603374866164,-0.05886,-0.039240000000000004,10.05525
62404039780,21.59,0.054332099614583476,0.01811651763570114,-0.001064650843716541,-0.0981,-0.009810000000000001,9.98658
62409090285,21.59,0.05965535383316618,0.005323254218582705,-0.002129301687433082,-0.13734000000000002,0.0,9.751140000000001
62414140790,21.59,0.06284930636431581,-0.002129301687433082,0.0,-0.0981,0.009810000000000001,9.52551
62419191295,21.59,0.06923721142661506,-0.006387905062299246,-0.002129301687433082,-0.07848000000000001,0.039240000000000004,9.50589
62424241800,21.59,0.0756251164889143,-0.006387905062299246,-0.001064650843716541,-0.009810000000000001,0.04905,9.64323
62429292305,21.59,0.07349581480148122,-0.00958185759344887,0.001064650843716541,-0.019620000000000002,0.05886,9.82962
62434342810,21.59,0.060720004676882725,-0.021310470166850764,-0.001064650843716541,0.0,0.02943,9.97677
62439393315,21.59,0.05326744877086694,-0.031956978604016174,0.0,0.039240000000000004,0.02943,10.08468
62444443820,21.59,0.04794419455228423,-0.033021629447732716,-0.002129301687433082,0.11772,0.019620000000000002,9.92772
62449494325,21.59,0.05646140130201656,-0.03621558197888234,0.0,0.20601000000000003,0.019620000000000002,9.79038
62454544830,21.59,0.06710790973918197,-0.024504422698000388,-0.002129301687433082,0.2943,0.02943,9.67266
62459595335,21.59,0.07136651311404815,-0.001064650843716541,-0.001064650843716541,0.28449,0.05886,9.66285
62464645840,21.59,0.06710790973918197,0.0170518667919846,-0.001064650843716541,0.27468000000000004,0.02943,9.67266
62469696345,21.59,0.05539675045830002,0.033021629447732716,0.0,0.18639,0.02943,9.78057
62474746850,21.59,0.05007349623971732,0.03089232776029963,0.0,0.0981,0.019620000000000002,9.81
62479797355,21.59,0.04794419455228423,0.02663372438543347,0.001064650843716541,0.019620000000000002,0.039240000000000004,9.888480000000001
62484847860,21.59,0.06497860805174888,0.012775810124598492,-0.001064650843716541,0.0,0.04905,9.89829
62489898365,21.59,0.07883652231258387,0.006387905062299246,0.0,0.0,0.05886,9.81
62494948870,21.59,0.07990117315630041,0.006387905062299246,-0.003193952531149623,0.0,0.05886,9.78057
62499999375,21.59,0.06923721142661506,0.01811651763570114,0.002129301687433082,-0.019620000000000002,0.05886,9.68247
62505049880,21.59,0.05007349623971732,0.031956978604016174,0.0,-0.05886,0.07848000000000001,9.633420000000001
62510100385,21.59,0.04153883619746504,0.015987215948268057,0.0,-0.13734000000000002,0.08829,9.74133
62515150890,21.59,0.046879543708567686,-0.008517206749732328,0.0,-0.11772,0.05886,9.908100000000001
62520201395,21.59,0.05965535383316618,-0.031956978604016174,-0.001064650843716541,-0.07848000000000001,0.07848000000000001,10.05525
62525251900,21.59,0.06923721142661506,-0.04366813788489812,-0.004258603374866164,-0.019620000000000002,0.07848000000000001,10.1043
62530302405,21.59,0.07349581480148122,-0.044732788728614664,-0.001064650843716541,0.08829,0.06867000000000001,9.98658
62535352910,21.59,0.060720004676882725,-0.031956978604016174,0.0,0.20601000000000003,0.05886,9.74133
62540403415,21.59,0.049008845396000776,-0.0170518667919846,0.001064650843716541,0.23544,0.04905,9.623610000000001
62545453920,21.59,0.05007349623971732,0.0,0.0,0.2943,0.06867000000000001,9.56475
62550504425,21.59,0.05859070298944965,0.012775810124598492,0.0,0.26487,0.05886,9.65304
62555554930,21.59,0.06923721142661506,0.012775810124598492,-0.002129301687433082,0.20601000000000003,0.08829,9.91791
62560605435,21.59,0.08096582400001695,0.01918116847941768,-0.002129301687433082,0.13734000000000002,0.08829,10.05525
62565655940,21.59,0.07777187146886733,0.02982767691658309,-0.002129301687433082,0.06867000000000001,0.0981,9.98658
62570706445,21.59,0.06391395720803235,0.03515093113516579,-0.002129301687433082,0.0,0.0981,9.770760000000001
62575756950,21.59,0.05965535383316618,0.04366813788489812,0.002129301687433082,-0.02943,0.0981,9.6138
62580807455,21.59,0.054332099614583476,0.049008845396000776,0.0,-0.11772,0.14715,9.54513
62585857960,21.59,0.05965535383316618,0.028763026072866547,-0.001064650843716541,-0.1962,0.14715,9.623610000000001
62590908465,21.59,0.07136651311404815,-0.002129301687433082,-0.002129301687433082,-0.24525000000000002,0.16677000000000003,9.819809999999999
62595958970,21.59,0.07030186227033158,-0.04153883619746504,-0.002129301687433082,-0.18639,0.15696000000000002,9.91791
62601009475,21.59,0.05965535383316618,-0.06178465552059926,-0.003193952531149623,-0.06867000000000001,0.16677000000000003,10.01601
62606059980,21.59,0.05752605214573309,-0.05752605214573309,-0.001064650843716541,0.06867000000000001,0.11772,9.937529999999999
62611110485,21.59,0.046879543708567686,-0.04366813788489812,0.0,0.1962,0.13734000000000002,9.79038
62616160990,21.59,0.05220279792715039,-0.02663372438543347,0.0,0.25506,0.0981,9.73152
62621211495,21.59,0.05859070298944965,-0.011711159280881954,0.004258603374866164,0.28449,0.12753,9.59418
62626262000,21.59,0.060720004676882725,-0.002129301687433082,0.0,0.33354000000000006,0.15696000000000002,9.57456
62631312505,21.59,0.06710790973918197,0.012775810124598492,-0.001064650843716541,0.27468000000000004,0.15696000000000002,9.72171
62636363010,21.59,0.06497860805174888,0.033021629447732716,-0.003193952531149623,0.20601000000000003,0.16677000000000003,9.82962
62641413515,21.59,0.05752605214573309,0.049008845396000776,-0.002129301687433082,0.08829,0.13734000000000002,9.908100000000001
62646464020,21.59,0.05539675045830002,0.049008845396000776,-0.001064650843716541,-0.039240000000000004,0.15696000000000002,9.92772
62651514525,21.59,0.054332099614583476,0.04153883619746504,0.0,-0.10791,0.15696000000000002,9.79038
62656565030,21.59,0.054332099614583476,0.02982767691658309,-0.002129301687433082,-0.16677000000000003,0.16677000000000003,9.66285
62661615535,21.59,0.06604325889546543,0.0170518667919846,0.001064650843716541,-0.18639,0.1962,9.68247
62666666040,21.59,0.07030186227033158,0.0,-0.001064650843716541,-0.18639,0.18639,9.74133
62671716545,21.59,0.06178465552059926,-0.01918116847941768,-0.002129301687433082,-0.14715,0.21582,9.819809999999999
62676767050,21.59,0.054332099614583476,-0.0404741853537485,-0.002129301687433082,-0.0981,0.15696000000000002,9.94734
62681817555,21.59,0.05113814708343386,-0.0404741853537485,0.0,-0.02943,0.16677000000000003,9.95715
62686868060,21.59,0.04794419455228423,-0.03728023282259888,-0.001064650843716541,0.06867000000000001,0.14715,9.89829
62691918565,21.59,0.05539675045830002,-0.02982767691658309,0.0,0.16677000000000003,0.12753,9.87867
62696969070,21.59,0.06178465552059926,-0.021310470166850764,-0.002129301687433082,0.21582,0.17658,9.78057
62702019575,21.59,0.06604325889546543,-0.013840460968315033,0.0,0.24525000000000002,0.15696000000000002,9.68247
62707070080,21.59,0.06923721142661506,-0.001064650843716541,0.0,0.25506,0.21582,9.65304
62712120585,21.59,0.06497860805174888,0.012775810124598492,-0.002129301687433082,0.26487,0.23544,9.69228
62717171090,21.59,0.05220279792715039,0.023439771854283843,-0.002129301687433082,0.18639,0.21582,9.81
62722221595,21.59,0.05326744877086694,0.028763026072866547,-0.001064650843716541,0.13734000000000002,0.1962,9.91791
62727272100,21.59,0.060720004676882725,0.033021629447732716,-0.003193952531149623,0.02943,0.17658,9.96696
62732322605,21.59,0.05965535383316618,0.028763026072866547,-0.003193952531149623,-0.02943,0.16677000000000003,9.86886
62737373110,21.59,0.05965535383316618,0.024504422698000388,0.0,-0.06867000000000001,0.16677000000000003,9.78057
62742423615,21.59,0.06497860805174888,0.028763026072866547,0.0,-0.08829,0.18639,9.68247
62747474120,21.59,0.060720004676882725,0.022375121010567305,-0.001064650843716541,-0.14715,0.20601000000000003,9.65304
62752524625,21.59,0.060720004676882725,0.005323254218582705,-0.002129301687433082,-0.16677000000000003,0.20601000000000003,9.770760000000001
62757575130,21.59,0.06391395720803235,-0.013840460968315033,0.0,-0.15696000000000002,0.22563,9.79038
62762625635,21.59,0.06284930636431581,-0.03089232776029963,0.0,-0.10791,0.28449,9.819809999999999
62767676140,21.59,0.05646140130201656,-0.03515093113516579,-0.004258603374866164,0.0,0.2943,9.937529999999999
62772726645,21.59,0.06817256058289851,-0.033021629447732716,0.001064650843716541,0.06867000000000001,0.25506,9.81
62777777150,21.59,0.05646140130201656,-0.022375121010567305,0.001064650843716541,0.16677000000000003,0.24525000000000002,9.70209
62782827655,21.59,0.054332099614583476,-0.00958185759344887,0.0,0.14715,0.21582,9.52551
62787878160,21.59,0.05007349623971732,0.001064650843716541,0.0,0.20601000000000003,0.24525000000000002,9.55494
62792928665,21.59,0.049008845396000776,0.006387905062299246,0.0,0.16677000000000003,0.31392000000000003,9.623610000000001
62797979170,21.59,0.05326744877086694,0.008517206749732328,0.0,0.17658,0.2943,9.819809999999999
62803029675,21.59,0.05007349623971732,0.020245819323134222,-0.005323254218582705,0.0981,0.21582,9.96696
62808080180,21.59,0.046879543708567686,0.01811651763570114,-0.003193952531149623,0.04905,0.10791,9.91791
62813130685,21.59,0.046879543708567686,0.012775810124598492,-0.002129301687433082,0.0,0.10791,9.89829
62818181190,21.59,0.04260348704118158,0.013840460968315033,0.0,-0.05886,0.16677000000000003,9.84924
62823231695,21.59,0.054332099614583476,0.003193952531149623,0.0,-0.02943,0.16677000000000003,9.65304
62828282200,21.59,0.06497860805174888,0.002129301687433082,-0.003193952531149623,-0.019620000000000002,0.20601000000000003,9.7119
62833332705,21.59,0.07670722062515077,-0.001064650843716541,-0.002129301687433082,0.019620000000000002,0.3924,9.79038
62838383210,21.59,0.07670722062515077,-0.01064650843716541,-0.002129301687433082,0.04905,0.34335000000000004,10.01601
62843433715,21.59,0.06497860805174888,-0.012775810124598492,-0.002129301687433082,0.019620000000000002,0.24525000000000002,9.85905
62848484220,21.59,0.04794419455228423,0.0,0.0,0.009810000000000001,0.1962,9.751140000000001
62853534725,21.59,0.05220279792715039,0.003193952531149623,0.0,0.0,0.21582,9.64323
62858585230,21.59,0.05646140130201656,0.014905111812031574,-0.001064650843716541,0.009810000000000001,0.2943,9.751140000000001
62863635735,21.59,0.06817256058289851,0.01811651763570114,0.0,0.0,0.33354000000000006,9.78057
62868686240,21.59,0.06284930636431581,0.003193952531149623,-0.003193952531149623,0.0,0.32373,9.73152
62873736745,21.59,0.05859070298944965,0.002129301687433082,0.0,-0.019620000000000002,0.34335000000000004,9.74133
62878787250,21.59,0.054332099614583476,0.006387905062299246,0.0,-0.04905,0.32373,9.73152
62883837755,21.59,0.04153883619746504,0.008517206749732328,-0.001064650843716541,-0.08829,0.23544,9.78057
62888888260,21.59,0.0404741853537485,0.0,0.0,-0.04905,0.22563,9.937529999999999
62893938765,21.59,0.049008845396000776,-0.022375121010567305,0.002129301687433082,-0.05886,0.23544,9.85905
62898989270,21.59,0.054332099614583476,-0.033021629447732716,-0.001064650843716541,-0.009810000000000001,0.27468000000000004,9.81
62904039775,21.59,0.06391395720803235,-0.03621558197888234,0.0,0.0981,0.38259000000000004,9.79038
62909090280,21.59,0.06497860805174888,-0.023439771854283843,0.0,0.20601000000000003,0.3924,9.72171
62914140785,21.59,0.05220279792715039,-0.00958185759344887,0.0,0.2943,0.30411,9.70209
62919191290,21.59,0.044732788728614664,0.001064650843716541,-0.001064650843716541,0.20601000000000003,0.26487,9.64323
62924241795,21.59,0.04153883619746504,0.01811651763570114,0.0,0.15696000000000002,0.20601000000000003,9.68247
62929292300,21.59,0.05113814708343386,0.02663372438543347,-0.002129301687433082,0.11772,0.27468000000000004,9.770760000000001
62934342805,21.59,0.06284930636431581,0.033021629447732716,-0.001064650843716541,0.04905,0.28449,9.85905
62939393310,21.59,0.07136651311404815,0.039409534510031964,-0.001064650843716541,-0.039240000000000004,0.31392000000000003,9.82962
62944443815,21.59,0.07243116395776468,0.03089232776029963,-0.004258603374866164,-0.11772,0.38259000000000004,9.73152
62949494320,21.59,0.07030186227033158,0.023439771854283843,-0.003193952531149623,-0.14715,0.41202000000000005,9.66285
62954544825,21.59,0.05965535383316618,0.013840460968315033,-0.001064650843716541,-0.16677000000000003,0.47088,9.65304
62959595330,21.59,0.04581489286485115,0.001064650843716541,0.0,-0.16677000000000003,0.44145,9.7119
62964645835,21.59,0.03728023282259888,-0.007452555906015787,-0.002129301687433082,-0.15696000000000002,0.40221,9.92772
62969696340,21.59,0.03728023282259888,-0.0170518667919846,0.0,-0.12753,0.28449,9.89829
62974746845,21.59,0.03621558197888234,-0.02556907354171693,0.0,-0.0981,0.21582,9.888480000000001
62979797350,21.59,0.046879543708567686,-0.03515093113516579,0.0,-0.05886,0.20601000000000003,9.85905
62984847855,21.59,0.046879543708567686,-0.03728023282259888,0.0,0.04905,0.30411,9.78057
62989898360,21.59,0.046879543708567686,-0.03515093113516579,0.0,0.18639,0.30411,9.770760000000001
62994948865,21.59,0.05007349623971732,-0.020245819323134222,0.0,0.24525000000000002,0.33354000000000006,9.760950000000001
62999999370,21.59,0.05539675045830002,0.001064650843716541,0.001064650843716541,0.24525000000000002,0.34335000000000004,9.78057
63005049875,21.59,0.05326744877086694,0.0170518667919846,-0.005323254218582705,0.20601000000000003,0.38259000000000004,9.74133
63010100380,21.59,0.06284930636431581,0.022375121010567305,0.0,0.13734000000000002,0.33354000000000006,9.84924
63015150885,21.59,0.06178465552059926,0.028763026072866547,0.0,0.05886,0.34335000000000004,9.819809999999999
63020201390,21.59,0.06178465552059926,0.02769837522915001,-0.001064650843716541,-0.009810000000000001,0.30411,9.751140000000001
63025251895,21.59,0.060720004676882725,0.03834488366631542,0.0,-0.06867000000000001,0.30411,9.760950000000001
63030302400,21.59,0.05965535383316618,0.039409534510031964,-0.001064650843716541,-0.15696000000000002,0.38259000000000004,9.68247
63035352905,21.59,0.060720004676882725,0.021310470166850764,0.0,-0.21582,0.48069000000000006,9.72171
63040403410,21.59,0.06391395720803235,0.0,0.0,-0.20601000000000003,0.5493600000000001,9.85905
63045453915,21.59,0.054332099614583476,-0.02769837522915001,-0.001064650843716541,-0.13734000000000002,0.51012,9.86886
63050504420,21.59,0.04366813788489812,-0.03408628029144926,-0.001064650843716541,-0.04905,0.3924,9.81
63055554925,21.59,0.03834488366631542,-0.024504422698000388,-0.002129301687433082,0.0,0.28449,9.78057
63060605430,21.59,0.03408628029144926,-0.00958185759344887,-0.002129301687433082,-0.019620000000000002,0.1962,9.69228
63065655935,21.59,0.04153883619746504,-0.013840460968315033,0.001064650843716541,0.0,0.26487,9.7119
63070706440,21.59,0.05220279792715039,-0.022375121010567305,-0.001064650843716541,0.08829,0.40221,9.73152
63075756945,21.59,0.060720004676882725,-0.021310470166850764,-0.001064650843716541,0.14715,0.46107000000000004,9.770760000000001
63080807450,21.59,0.060720004676882725,-0.006387905062299246,-0.002129301687433082,0.20601000000000003,0.46107000000000004,9.80019
63085857955,21.59,0.05965535383316618,0.021310470166850764,0.0,0.14715,0.42183,9.73152
63090908460,21.59,0.05007349623971732,0.03515093113516579,0.001064650843716541,0.05886,0.34335000000000004,9.67266
63095958965,21.59,0.044732788728614664,0.02982767691658309,0.0,-0.05886,0.34335000000000004,9.70209
63101009470,21.59,0.046879543708567686,0.021310470166850764,-0.001064650843716541,-0.0981,0.36297,9.73152
63106059975,21.59,0.049008845396000776,0.00958185759344887,-0.003193952531149623,-0.10791,0.44145,9.74133
63111110480,21.59,0.05965535383316618,0.004258603374866164,-0.001064650843716541,-0.07848000000000001,0.51993,9.819809999999999
63116160985,21.59,0.05965535383316618,0.006387905062299246,-0.001064650843716541,-0.08829,0.51993,9.84924
63121211490,21.59,0.05113814708343386,0.002129301687433082,0.0,-0.08829,0.43164,9.80019
63126261995,21.59,0.03728023282259888,-0.015987215948268057,-0.002129301687433082,-0.10791,0.34335000000000004,9.819809999999999
63131312500,21.59,0.03089232776029963,-0.021310470166850764,0.0,-0.04905,0.27468000000000004,9.85905
63136363005,21.59,0.033021629447732716,-0.01918116847941768,0.0,-0.02943,0.26487,9.86886
63141413510,21.59,0.049008845396000776,-0.011711159280881954,-0.001064650843716541,0.0,0.32373,9.87867
63146464015,21.59,0.06604325889546543,-0.004258603374866164,0.001064650843716541,0.019620000000000002,0.44145,9.85905
63151514520,21.59,0.07136651311404815,-0.007452555906015787,-0.001064650843716541,0.07848000000000001,0.47088,9.78057
63156565025,21.59,0.054332099614583476,-0.00958185759344887,-0.005323254218582705,0.08829,0.47088,9.69228
63161615530,21.59,0.044732788728614664,0.0,-0.001064650843716541,0.11772,0.48069000000000006,9.64323
63166666035,21.59,0.044732788728614664,0.006387905062299246,-0.002129301687433082,0.14715,0.49050000000000005,9.66285
63171716540,21.59,0.04581489286485115,0.0170518667919846,-0.004258603374866164,0.06867000000000001,0.45126,9.770760000000001
63176767045,21.59,0.05113814708343386,0.020245819323134222,-0.001064650843716541,0.06867000000000001,0.44145,9.78057
63181817550,21.59,0.05539675045830002,0.01918116847941768,0.0,-0.009810000000000001,0.40221,9.74133
63186868055,21.59,0.049008845396000776,0.01811651763570114,-0.002129301687433082,-0.0981,0.38259000000000004,9.751140000000001
63191918560,21.59,0.05007349623971732,0.014905111812031574,-0.001064650843716541,-0.0981,0.42183,9.66285
63196969065,21.59,0.05113814708343386,0.012775810124598492,0.002129301687433082,-0.14715,0.49050000000000005,9.72171
63202019570,21.59,0.05113814708343386,-0.001064650843716541,0.0,-0.15696000000000002,0.56898,9.79038
63207070075,21.59,0.05113814708343386,-0.005323254218582705,-0.003193952531149623,-0.08829,0.52974,9.84924
63212120580,21.59,0.0404741853537485,-0.004258603374866164,-0.002129301687433082,-0.06867000000000001,0.42183,9.86886
63217171085,21.59,0.03834488366631542,-0.005323254218582705,-0.004258603374866164,-0.12753,0.36297,9.770760000000001
63222221590,21.59,0.0404741853537485,-0.008517206749732328,0.001064650843716541,-0.07848000000000001,0.37278,9.74133
63227272095,21.59,0.04260348704118158,-0.021310470166850764,0.002129301687433082,-0.019620000000000002,0.44145,9.72171
63232322600,21.59,0.049008845396000776,-0.028763026072866547,0.0,0.06867000000000001,0.5493600000000001,9.7119
63237373105,21.59,0.04794419455228423,-0.011711159280881954,-0.003193952531149623,0.15696000000000002,0.52974,9.78057
63242423610,21.59,0.044732788728614664,0.004258603374866164,-0.001064650843716541,0.13734000000000002,0.48069000000000006,9.72171
63247474115,21.59,0.04794419455228423,0.0170518667919846,-0.004258603374866164,0.0,0.49050000000000005,9.70209
63252524620,21.59,0.04794419455228423,0.022375121010567305,0.001064650843716541,-0.009810000000000001,0.41202000000000005,9.79038
63257575125,21.59,0.044732788728614664,0.01064650843716541,-0.002129301687433082,-0.039240000000000004,0.42183,9.73152
63262625630,21.59,0.046879543708567686,0.001064650843716541,-0.001064650843716541,-0.04905,0.48069000000000006,9.74133
63267676135,21.59,0.049008845396000776,0.00958185759344887,0.001064650843716541,-0.019620000000000002,0.51012,9.74133
63272726640,21.59,0.05113814708343386,0.00958185759344887,0.0,-0.04905,0.60822,9.70209
63277777145,21.59,0.054332099614583476,0.01064650843716541,-0.002129301687433082,-0.04905,0.57879,9.82962
63282827650,21.59,0.04153883619746504,0.001064650843716541,-0.001064650843716541,-0.04905,0.51012,9.84924
63287878155,21.59,0.031956978604016174,-0.013840460968315033,-0.003193952531149623,-0.05886,0.40221,9.80019
63292928660,21.59,0.02556907354171693,-0.006387905062299246,-0.002129301687433082,-0.04905,0.31392000000000003,9.87867
63297979165,21.59,0.031956978604016174,-0.004258603374866164,0.0,-0.08829,0.32373,9.79038
63303029670,21.59,0.04260348704118158,-0.008517206749732328,0.0,-0.02943,0.48069000000000006,9.81
63308080175,21.59,0.06178465552059926,-0.008517206749732328,-0.004258603374866164,0.0,0.56898,9.888480000000001
63313130680,21.59,0.06178465552059926,-0.005323254218582705,0.0,0.07848000000000001,0.5886,9.81
63318181185,21.59,0.05220279792715039,0.002129301687433082,-0.002129301687433082,0.06867000000000001,0.52974,9.72171
63323231690,21.59,0.04366813788489812,0.024504422698000388,-0.002129301687433082,0.019620000000000002,0.42183,9.65304
63328282195,21.59,0.03728023282259888,0.031956978604016174,-0.003193952531149623,-0.0981,0.44145,9.6138
63333332700,21.59,0.03728023282259888,0.015987215948268057,-0.002129301687433082,-0.16677000000000003,0.5591700000000001,9.70209
63338383205,21.59,0.05113814708343386,-0.003193952531149623,0.001064650843716541,-0.10791,0.59841,9.84924
63343433710,21.59,0.05326744877086694,-0.01918116847941768,-0.002129301687433082,-0.08829,0.6768900000000001,9.85905
63348484215,21.59,0.05326744877086694,-0.015987215948268057,-0.001064650843716541,0.009810000000000001,0.65727,9.7119
63353534720,21.59,0.044732788728614664,0.0,-0.004258603374866164,-0.02943,0.52974,9.65304
63358585225,21.59,0.031956978604016174,0.012775810124598492,0.001064650843716541,-0.06867000000000001,0.44145,9.57456
63363635730,21.59,0.01918116847941768,0.01064650843716541,-0.004258603374866164,-0.10791,0.41202000000000005,9.65304
63368686235,21.59,0.02556907354171693,0.004258603374866164,-0.002129301687433082,-0.11772,0.42183,9.83943
63373736740,21.59,0.03408628029144926,-0.013840460968315033,0.003193952531149623,-0.0981,0.50031,9.91791
63378787245,21.59,0.04794419455228423,-0.023439771854283843,0.0,-0.019620000000000002,0.6180300000000001,9.94734
63383837750,21.59,0.05646140130201656,-0.02556907354171693,-0.003193952531149623,0.0981,0.60822,9.96696
63388888255,21.59,0.05113814708343386,-0.0170518667919846,0.0,0.10791,0.51012,9.760950000000001
63393938760,21.59,0.03621558197888234,0.002129301687433082,-0.005323254218582705,0.0981,0.46107000000000004,9.58437
63398989265,21.59,0.03515093113516579,0.04366813788489812,-0.001064650843716541,0.009810000000000001,0.37278,9.68247
63404039770,21.59,0.03728023282259888,0.05007349623971732,-0.001064650843716541,-0.13734000000000002,0.41202000000000005,9.66285
63409090275,21.59,0.04581489286485115,0.04153883619746504,0.0,-0.26487,0.5591700000000001,9.85905
63414140780,21.59,0.06391395720803235,0.01918116847941768,0.002129301687433082,-0.27468000000000004,0.65727,9.888480000000001
63419191285,21.59,0.06391395720803235,-0.01811651763570114,0.001064650843716541,-0.1962,0.74556,9.82962
63424241790,21.59,0.049008845396000776,-0.04366813788489812,-0.004258603374866164,-0.06867000000000001,0.80442,9.751140000000001
63429292295,21.59,0.03834488366631542,-0.04153883619746504,0.0,0.04905,0.70632,9.72171
63434342800,21.59,0.023439771854283843,-0.03089232776029963,-0.001064650843716541,0.06867000000000001,0.5493600000000001,9.55494
63439393305,21.59,0.014905111812031574,-0.006387905062299246,0.0,0.08829,0.45126,9.52551
63444443810,21.59,0.021310470166850764,0.02556907354171693,-0.001064650843716541,0.0,0.32373,9.68247
63449494315,21.59,0.028763026072866547,0.04581489286485115,0.0,-0.11772,0.34335000000000004,9.74133
63454544820,21.59,0.03834488366631542,0.054332099614583476,0.0,-0.25506,0.41202000000000005,9.85905
63459595325,21.59,0.05965535383316618,0.028763026072866547,0.0,-0.2943,0.56898,9.95715
63464645830,21.59,0.06391395720803235,-0.015987215948268057,0.0,-0.26487,0.79461,9.92772
63469696335,21.59,0.06497860805174888,-0.05965535383316618,0.0,-0.05886,0.95157,9.908100000000001
63474746840,21.59,0.049008845396000776,-0.06817256058289851,-0.001064650843716541,0.14715,0.84366,9.87867
63479797345,21.59,0.024504422698000388,-0.039409534510031964,0.0,0.20601000000000003,0.52974,9.65304
63484847850,21.59,0.002129301687433082,0.003193952531149623,-0.001064650843716541,0.13734000000000002,0.2943,9.5157
63489898355,21.59,0.008517206749732328,0.04366813788489812,0.001064650843716541,-0.019620000000000002,0.18639,9.64323
63494948860,21.59,0.021310470166850764,0.06284930636431581,0.0,-0.16677000000000003,0.22563,9.86886
63499999365,21.59,0.049008845396000776,0.05859070298944965,0.0,-0.2943,0.38259000000000004,9.908100000000001
63505049870,21.59,0.07136651311404815,0.03728023282259888,-0.002129301687433082,-0.34335000000000004,0.64746,9.98658
63510100375,21.59,0.09161233243718235,0.004258603374866164,0.001064650843716541,-0.28449,0.9221400000000001,9.937529999999999
63515150880,21.59,0.08309512568745003,-0.02556907354171693,0.0,-0.18639,1.00062,9.86886
63520201385,21.59,0.05326744877086694,-0.039409534510031964,-0.001064650843716541,-0.07848000000000001,0.86328,9.64323
63525251890,21.59,0.020245819323134222,-0.044732788728614664,0.002129301687433082,0.02943,0.70632,9.44703
63530302395,21.59,-0.001064650843716541,-0.044732788728614664,-0.003193952531149623,0.0981,0.5493600000000001,9.43722
63535352900,21.59,-0.008517206749732328,-0.03621558197888234,-0.001064650843716541,0.16677000000000003,0.47088,9.57456
63540403405,21.59,0.004258603374866164,-0.021310470166850764,0.001064650843716541,0.22563,0.44145,9.74133
63545453910,21.59,0.02556907354171693,-0.01064650843716541,-0.001064650843716541,0.21582,0.46107000000000004,9.86886
63550504415,21.59,0.04260348704118158,0.01064650843716541,-0.001064650843716541,0.20601000000000003,0.40221,9.937529999999999
63555554920,21.59,0.05007349623971732,0.03515093113516579,-0.003193952531149623,0.07848000000000001,0.40221,9.82962
63560605425,21.59,0.054332099614583476,0.060720004676882725,-0.004258603374866164,-0.05886,0.3924,9.80019
63565655930,21.59,0.06178465552059926,0.07883652231258387,0.0,-0.21582,0.49050000000000005,9.770760000000001
63570706435,21.59,0.07136651311404815,0.08203047484373349,0.0,-0.34335000000000004,0.64746,9.760950000000001
63575756940,21.59,0.07456046564519776,0.07030186227033158,0.002129301687433082,-0.47088,0.84366,9.73152
63580807445,21.59,0.07883652231258387,0.03515093113516579,0.0,-0.5493600000000001,1.01043,9.79038
63585857950,21.59,0.05113814708343386,-0.003193952531149623,-0.002129301687433082,-0.51012,0.94176,9.80019
63590908455,21.59,0.023439771854283843,-0.05326744877086694,0.002129301687433082,-0.40221,0.8338500000000001,9.760950000000001
63595958960,21.59,-0.001064650843716541,-0.09054768159346581,0.0,-0.21582,0.72594,9.69228
63601009465,21.59,-0.00958185759344887,-0.10866419922916695,0.001064650843716541,-0.009810000000000001,0.60822,9.760950000000001
63606059970,21.59,-0.012775810124598492,-0.11292280260403312,-0.001064650843716541,0.21582,0.51012,9.84924
63611110475,21.59,-0.005323254218582705,-0.09480628496833199,0.0,0.48069000000000006,0.34335000000000004,9.87867
63616160980,21.59,0.01064650843716541,-0.05326744877086694,-0.001064650843716541,0.57879,0.27468000000000004,9.70209
63621211485,21.59,0.02663372438543347,-0.005323254218582705,-0.001064650843716541,0.5886,0.27468000000000004,9.67266
63626261990,21.59,0.04794419455228423,0.033021629447732716,-0.001064650843716541,0.51012,0.38259000000000004,9.68247
63631312495,21.59,0.06710790973918197,0.07349581480148122,-0.001064650843716541,0.33354000000000006,0.49050000000000005,9.760950000000001
63636363000,21.59,0.08096582400001695,0.10653489754173388,-0.003193952531149623,0.10791,0.63765,9.81
63641413505,21.59,0.09054768159346581,0.12144000935376545,-0.003193952531149623,-0.10791,0.7749900000000001,9.78057
63646464010,21.59,0.08628907821859966,0.11931070766633237,-0.001064650843716541,-0.36297,0.84366,9.72171
63651514515,21.59,0.07030186227033158,0.09374163412461543,0.0,-0.5591700000000001,0.94176,9.60399
63656565020,21.59,0.05859070298944965,0.05646140130201656,-0.001064650843716541,-0.63765,0.95157,9.50589
63661615525,21.59,0.03408628029144926,0.02556907354171693,-0.001064650843716541,-0.69651,0.89271,9.58437
63666666030,21.59,0.008517206749732328,-0.013840460968315033,-0.002129301687433082,-0.70632,0.8142300000000001,9.623610000000001
63671716535,21.59,0.0,-0.054332099614583476,0.0,-0.60822,0.71613,9.74133
63676767040,21.59,-0.004258603374866164,-0.09374163412461543,0.002129301687433082,-0.45126,0.64746,9.888480000000001
63681817545,21.59,-0.008517206749732328,-0.12144000935376545,0.004258603374866164,-0.20601000000000003,0.5886,9.92772
63686868050,21.59,-0.00958185759344887,-0.13421581947836395,0.002129301687433082,0.0981,0.57879,9.91791
63691918555,21.59,-0.002129301687433082,-0.1171814059788993,-0.002129301687433082,0.3924,0.47088,9.908100000000001
63696969060,21.59,0.007452555906015787,-0.07990117315630041,0.001064650843716541,0.59841,0.42183,9.81
63702019565,21.59,0.01811651763570114,-0.031956978604016174,0.0,0.70632,0.36297,9.72171
63707070070,21.59,0.02663372438543347,0.013840460968315033,0.0,0.63765,0.38259000000000004,9.79038
63712120575,21.59,0.04366813788489812,0.049008845396000776,0.0,0.47088,0.44145,9.81
63717171080,21.59,0.07030186227033158,0.08735372906231618,-0.001064650843716541,0.28449,0.5493600000000001,9.86886
63722221585,21.59,0.0756251164889143,0.11079350091660004,0.0,0.06867000000000001,0.63765,9.908100000000001
63727272090,21.59,0.07883652231258387,0.10438814256178083,-0.004258603374866164,-0.17658,0.7749900000000001,9.83943
63732322595,21.59,0.08096582400001695,0.07883652231258387,-0.003193952531149623,-0.31392000000000003,0.87309,9.70209
63737373100,21.59,0.07243116395776468,0.05859070298944965,0.0,-0.3924,0.9810000000000001,9.60399
63742423605,21.59,0.05220279792715039,0.02769837522915001,0.001064650843716541,-0.42183,1.02024,9.52551
63747474110,21.59,0.02663372438543347,-0.005323254218582705,-0.002129301687433082,-0.41202000000000005,0.9810000000000001,9.58437
63752524615,21.59,0.007452555906015787,-0.03408628029144926,0.001064650843716541,-0.36297,0.8338500000000001,9.60399
63757575120,21.59,-0.001064650843716541,-0.05220279792715039,0.0,-0.25506,0.69651,9.64323
63762625625,21.59,-0.00958185759344887,-0.05965535383316618,0.002129301687433082,-0.17658,0.57879,9.65304
63767676130,21.59,-0.003193952531149623,-0.06604325889546543,0.003193952531149623,-0.08829,0.46107000000000004,9.78057
63772726635,21.59,0.003193952531149623,-0.060720004676882725,0.0,0.06867000000000001,0.50031,9.81
63777777140,21.59,0.01918116847941768,-0.054332099614583476,0.0,0.23544,0.60822,9.79038
63782827645,21.59,0.02769837522915001,-0.039409534510031964,0.0,0.35316,0.6867000000000001,9.79038
63787878150,21.59,0.02982767691658309,-0.022375121010567305,0.0,0.41202000000000005,0.6867000000000001,9.78057
63792928655,21.59,0.02769837522915001,0.004258603374866164,-0.002129301687433082,0.44145,0.57879,9.78057
63797979160,21.59,0.031956978604016174,0.033021629447732716,0.001064650843716541,0.31392000000000003,0.5493600000000001,9.78057
63803029665,21.59,0.028763026072866547,0.04581489286485115,0.0,0.16677000000000003,0.5395500000000001,9.819809999999999
63808080170,21.59,0.03834488366631542,0.05113814708343386,-0.001064650843716541,0.02943,0.5395500000000001,9.96696
63813130675,21.59,0.04794419455228423,0.05859070298944965,-0.001064650843716541,-0.10791,0.5493600000000001,9.96696
63818181180,21.59,0.05220279792715039,0.05646140130201656,-0.002129301687433082,-0.22563,0.64746,9.86886
63823231685,21.59,0.05859070298944965,0.05007349623971732,-0.004258603374866164,-0.28449,0.79461,9.82962
63828282190,21.59,0.05646140130201656,0.044732788728614664,-0.002129301687433082,-0.35316,0.8142300000000001,9.89829
63833332695,21.59,0.04366813788489812,0.04581489286485115,-0.006387905062299246,-0.45126,0.7651800000000001,9.86886
63838383200,21.59,0.03834488366631542,0.0404741853537485,-0.001064650843716541,-0.5493600000000001,0.6768900000000001,9.83943
63843433705,21.59,0.02769837522915001,0.03089232776029963,0.0,-0.63765,0.6278400000000001,9.84924
63848484210,21.59,0.028763026072866547,0.008517206749732328,-0.001064650843716541,-0.69651,0.6670800000000001,9.79038
63853534715,21.59,0.03728023282259888,-0.01064650843716541,0.0,-0.60822,0.7651800000000001,9.751140000000001
63858585220,21.59,0.044732788728614664,-0.031956978604016174,0.001064650843716541,-0.50031,0.89271,9.68247
63863635725,21.59,0.04260348704118158,-0.06284930636431581,0.001064650843716541,-0.34335000000000004,0.9711900000000001,9.623610000000001
63868686230,21.59,0.023439771854283843,-0.08948303074974927,-0.001064650843716541,-0.11772,1.03986,9.54513
63873736735,21.59,0.007452555906015787,-0.09693558665576507,0.0,0.13734000000000002,0.9319500000000001,9.496080000000001
63878787240,21.59,-0.015987215948268057,-0.08841837990603273,-0.003193952531149623,0.34335000000000004,0.84366,9.46665
63883837745,21.59,-0.024504422698000388,-0.07670722062515077,0.001064650843716541,0.51993,0.5886,9.59418
63888888250,21.59,-0.021310470166850764,-0.05646140130201656,0.0,0.56898,0.3924,9.67266
63893938755,21.59,-0.013840460968315033,-0.031956978604016174,-0.001064650843716541,0.60822,0.33354000000000006,9.65304
63898989260,21.59,0.023439771854283843,0.0,0.001064650843716541,0.59841,0.41202000000000005,9.65304
63904039765,21.59,0.04581489286485115,0.03408628029144926,-0.001064650843716541,0.51993,0.5591700000000001,9.67266
63909090270,21.59,0.06284930636431581,0.06604325889546543,-0.002129301687433082,0.38259000000000004,0.73575,9.633420000000001
63914140775,21.59,0.06710790973918197,0.09480628496833199,-0.003193952531149623,0.22563,0.86328,9.68247
63919191280,21.59,0.060720004676882725,0.10545279340549739,-0.004258603374866164,-0.009810000000000001,0.87309,9.70209
63924241785,21.59,0.049008845396000776,0.09906488834319814,-0.002129301687433082,-0.22563,0.84366,9.72171
63929292290,21.59,0.033021629447732716,0.09161233243718235,-0.002129301687433082,-0.45126,0.8142300000000001,9.73152
63934342795,21.59,0.01918116847941768,0.07883652231258387,-0.001064650843716541,-0.64746,0.80442,9.78057
63939393300,21.59,0.023439771854283843,0.03515093113516579,0.0,-0.72594,0.79461,9.84924
63944443805,21.59,0.01811651763570114,-0.01064650843716541,0.0,-0.71613,0.75537,9.89829
63949494310,21.59,0.01064650843716541,-0.04794419455228423,0.0,-0.5886,0.74556,9.85905
63954544815,21.59,0.006387905062299246,-0.07243116395776468,0.001064650843716541,-0.44145,0.74556,9.91791
63959595320,21.59,0.0,-0.0852244273748831,-0.001064650843716541,-0.25506,0.71613,9.94734
63964645825,21.59,-0.001064650843716541,-0.08096582400001695,0.0,-0.07848000000000001,0.65727,9.94734
63969696330,21.59,0.001064650843716541,-0.07990117315630041,0.001064650843716541,0.06867000000000001,0.63765,9.92772
63974746835,21.59,0.008517206749732328,-0.06497860805174888,0.0,0.22563,0.5886,9.87867
63979797340,21.59,0.015987215948268057,-0.03834488366631542,0.0,0.32373,0.52974,9.81
63984847845,21.59,0.02663372438543347,-0.001064650843716541,0.0,0.34335000000000004,0.5395500000000001,9.7119
63989898350,21.59,0.03621558197888234,0.01918116847941768,0.0,0.2943,0.65727,9.70209
63994948855,21.59,0.04366813788489812,0.020245819323134222,-0.002129301687433082,0.25506,0.74556,9.770760000000001
63999999360,21.59,0.046879543708567686,0.0170518667919846,0.0,0.26487,0.89271,9.770760000000001
64005049865,21.59,0.04794419455228423,0.024504422698000388,0.0,0.24525000000000002,0.87309,9.751140000000001
64010100370,21.59,0.04153883619746504,0.03515093113516579,-0.003193952531149623,0.12753,0.8142300000000001,9.60399
64015150875,21.59,0.033021629447732716,0.044732788728614664,-0.005323254218582705,0.009810000000000001,0.72594,9.55494
64020201380,21.59,0.02556907354171693,0.060720004676882725,-0.002129301687433082,-0.12753,0.63765,9.50589
64025251885,21.59,0.02663372438543347,0.06391395720803235,0.0,-0.28449,0.72594,9.47646
64030302390,21.59,0.03834488366631542,0.06178465552059926,0.002129301687433082,-0.3924,0.8142300000000001,9.53532
64035352895,21.59,0.044732788728614664,0.05539675045830002,-0.002129301687433082,-0.49050000000000005,0.9711900000000001,9.623610000000001
64040403400,21.59,0.03621558197888234,0.031956978604016174,0.0,-0.5591700000000001,1.01043,9.66285
64045453905,21.59,0.02663372438543347,0.002129301687433082,-0.001064650843716541,-0.5493600000000001,0.95157,9.66285
64050504410,21.59,0.004258603374866164,-0.020245819323134222,0.0,-0.52974,0.7848,9.623610000000001
64055554915,21.59,-0.01064650843716541,-0.039409534510031964,0.001064650843716541,-0.46107000000000004,0.6768900000000001,9.633420000000001
64060605420,21.59,-0.01811651763570114,-0.07136651311404815,0.001064650843716541,-0.36297,0.71613,9.66285
64065655925,21.59,-0.013840460968315033,-0.09800023749948161,0.001064650843716541,-0.10791,0.86328,9.80019
64070706430,21.59,-0.002129301687433082,-0.12356931104119852,0.001064650843716541,0.1962,1.00062,9.87867
64075756935,21.59,-0.003193952531149623,-0.12356931104119852,0.002129301687433082,0.56898,0.86328,9.94734
64080807440,21.59,-0.01811651763570114,-0.09374163412461543,-0.002129301687433082,0.8142300000000001,0.60822,9.770760000000001
64085857945,21.59,-0.028763026072866547,-0.044732788728614664,-0.002129301687433082,0.8142300000000001,0.2943,9.623610000000001
64090908450,21.59,-0.023439771854283843,0.00958185759344887,-0.002129301687433082,0.69651,0.12753,9.73152
64095958955,21.59,0.002129301687433082,0.07030186227033158,0.0,0.46107000000000004,0.16677000000000003,9.89829
64101009460,21.59,0.05539675045830002,0.1097288500728835,-0.001064650843716541,0.21582,0.34335000000000004,9.98658
64106059965,21.59,0.08628907821859966,0.1416858286768997,-0.003193952531149623,-0.019620000000000002,0.70632,10.13373
64111110470,21.59,0.12144000935376545,0.14700908289548237,-0.001064650843716541,-0.24525000000000002,0.9810000000000001,9.908100000000001
64116160975,21.59,0.11185815176031658,0.1374272253020335,-0.006387905062299246,-0.49050000000000005,1.2851100000000002,9.74133
64121211480,21.59,0.08309512568745003,0.09800023749948161,0.0,-0.69651,1.3832099999999998,9.46665
64126261985,21.59,0.03408628029144926,0.039409534510031964,-0.001064650843716541,-0.7651800000000001,1.26549,9.45684
64131312490,21.59,-0.013840460968315033,-0.03089232776029963,0.002129301687433082,-0.72594,1.1183400000000001,9.40779
64136362995,21.59,-0.03089232776029963,-0.09693558665576507,0.002129301687433082,-0.51993,0.94176,9.64323
64141413500,21.59,-0.044732788728614664,-0.1278279144160647,0.0,-0.33354000000000006,0.73575,9.85905
64146464005,21.59,-0.04366813788489812,-0.1331511686346474,0.0,-0.05886,0.51993,9.86886
64151514510,21.59,-0.039409534510031964,-0.12463396188491506,-0.002129301687433082,0.17658,0.38259000000000004,9.760950000000001
64156565015,21.59,-0.020245819323134222,-0.07990117315630041,0.0,0.38259000000000004,0.35316,9.70209
64161615520,21.59,0.001064650843716541,-0.03408628029144926,0.0,0.46107000000000004,0.46107000000000004,9.67266
64166666025,21.59,0.023439771854283843,0.0,0.002129301687433082,0.51012,0.6180300000000001,9.7119
64171716530,21.59,0.044732788728614664,0.031956978604016174,0.0,0.50031,0.84366,9.81
64176767035,21.59,0.05220279792715039,0.03621558197888234,-0.002129301687433082,0.41202000000000005,0.9319500000000001,9.819809999999999
64181817540,21.59,0.049008845396000776,0.05113814708343386,-0.004258603374866164,0.30411,0.9123300000000001,9.79038
64186868045,21.59,0.031956978604016174,0.07030186227033158,-0.001064650843716541,0.13734000000000002,0.79461,9.70209
64191918550,21.59,0.01811651763570114,0.08096582400001695,-0.003193952531149623,-0.06867000000000001,0.6670800000000001,9.623610000000001
64196969055,21.59,0.013840460968315033,0.09161233243718235,-0.001064650843716541,-0.32373,0.65727,9.67266
64202019560,21.59,0.01811651763570114,0.0852244273748831,-0.001064650843716541,-0.47088,0.6768900000000001,9.770760000000001
64207070065,21.59,0.03408628029144926,0.05326744877086694,0.0,-0.6180300000000001,0.85347,9.81
64212120570,21.59,0.039409534510031964,0.004258603374866164,0.0,-0.60822,1.02024,9.84924
64217171075,21.59,0.03408628029144926,-0.0404741853537485,0.0,-0.49050000000000005,1.0987200000000001,9.80019
64222221580,21.59,0.020245819323134222,-0.07990117315630041,0.003193952531149623,-0.27468000000000004,1.1183400000000001,9.67266
64227272085,21.59,-0.005323254218582705,-0.10012953918691468,0.002129301687433082,-0.039240000000000004,1.00062,9.57456
64232322590,21.59,-0.02982767691658309,-0.09374163412461543,0.0,0.18639,0.80442,9.54513
64237373095,21.59,-0.0404741853537485,-0.06710790973918197,0.0,0.2943,0.5886,9.5157
64242423600,21.59,-0.039409534510031964,-0.03621558197888234,0.0,0.33354000000000006,0.44145,9.66285
64247474105,21.59,-0.020245819323134222,-0.004258603374866164,0.002129301687433082,0.27468000000000004,0.41202000000000005,9.81
64252524610,21.59,0.01064650843716541,0.01064650843716541,0.002129301687433082,0.22563,0.52974,9.908100000000001
64257575115,21.59,0.031956978604016174,0.015987215948268057,0.0,0.24525000000000002,0.65727,9.99639
64262625620,21.59,0.044732788728614664,0.0170518667919846,-0.002129301687433082,0.20601000000000003,0.7848,9.908100000000001
64267676125,21.59,0.0404741853537485,0.022375121010567305,-0.003193952531149623,0.18639,0.8829,9.79038
64272726630,21.59,0.04260348704118158,0.0404741853537485,-0.003193952531149623,0.14715,0.89271,9.72171
64277777135,21.59,0.03515093113516579,0.060720004676882725,0.0,0.0,0.85347,9.633420000000001
64282827640,21.59,0.023439771854283843,0.06923721142661506,-0.002129301687433082,-0.15696000000000002,0.84366,9.56475
64287878145,21.59,0.015987215948268057,0.07243116395776468,-0.004258603374866164,-0.33354000000000006,0.80442,9.58437
64292928650,21.59,0.015987215948268057,0.06284930636431581,0.0,-0.47088,0.7848,9.6138
64297979155,21.59,0.01064650843716541,0.02769837522915001,0.002129301687433082,-0.5591700000000001,0.8829,9.64323
64303029660,21.59,0.00958185759344887,-0.01918116847941768,-0.001064650843716541,-0.52974,1.01043,9.73152
64308080165,21.59,0.004258603374866164,-0.06284930636431581,-0.002129301687433082,-0.37278,1.05948,9.770760000000001
64313130670,21.59,0.001064650843716541,-0.09693558665576507,0.001064650843716541,-0.08829,1.03986,9.760950000000001
64318181175,21.59,-0.01811651763570114,-0.09374163412461543,-0.001064650843716541,0.13734000000000002,0.84366,9.73152
64323231680,21.59,-0.03834488366631542,-0.05859070298944965,0.001064650843716541,0.28449,0.5493600000000001,9.59418
64328282185,21.59,-0.03408628029144926,-0.02663372438543347,0.002129301687433082,0.22563,0.38259000000000004,9.5157
64333332690,21.59,-0.020245819323134222,-0.003193952531149623,0.002129301687433082,0.1962,0.45126,9.68247
64338383195,21.59,-0.003193952531149623,0.007452555906015787,-0.001064650843716541,0.18639,0.60822,9.86886
64343433700,21.59,0.023439771854283843,0.003193952531149623,0.001064650843716541,0.20601000000000003,0.8240400000000001,9.96696
64348484205,21.59,0.03408628029144926,0.001064650843716541,-0.004258603374866164,0.28449,0.9123300000000001,9.98658
64353534710,21.59,0.031956978604016174,0.01811651763570114,-0.005323254218582705,0.21582,0.87309,9.87867
64358585215,21.59,0.02663372438543347,0.044732788728614664,-0.001064650843716541,0.06867000000000001,0.72594,9.66285
64363635720,21.59,0.013840460968315033,0.06923721142661506,-0.002129301687433082,-0.06867000000000001,0.64746,9.64323
64368686225,21.59,0.005323254218582705,0.07777187146886733,0.0,-0.27468000000000004,0.65727,9.66285
64373736730,21.59,0.011711159280881954,0.05752605214573309,0.0,-0.41202000000000005,0.7749900000000001,9.68247
64378787235,21.59,0.02556907354171693,0.023439771854283843,0.003193952531149623,-0.42183,1.02024,9.80019
64383837740,21.59,0.03089232776029963,-0.013840460968315033,0.002129301687433082,-0.36297,1.19682,9.87867
64388888245,21.59,0.01918116847941768,-0.05220279792715039,0.001064650843716541,-0.21582,1.13796,9.82962
64393938750,21.59,-0.003193952531149623,-0.05965535383316618,-0.001064650843716541,-0.06867000000000001,0.89271,9.7119
64398989255,21.59,-0.03408628029144926,-0.05752605214573309,0.0,0.02943,0.6180300000000001,9.55494
64404039760,21.59,-0.04581489286485115,-0.046879543708567686,-0.001064650843716541,0.04905,0.48069000000000006,9.47646
64409090265,21.59,-0.02556907354171693,-0.03834488366631542,0.001064650843716541,0.13734000000000002,0.56898,9.64323
64414140770,21.59,-0.003193952531149623,-0.023439771854283843,0.002129301687433082,0.1962,0.6768900000000001,9.74133
64419191275,21.59,0.013840460968315033,-0.011711159280881954,0.0,0.28449,0.86328,9.760950000000001
64424241780,21.59,0.033021629447732716,0.004258603374866164,0.0,0.32373,0.90252,9.81
64429292285,21.59,0.022375121010567305,0.02663372438543347,-0.005323254218582705,0.24525000000000002,0.8338500000000001,9.66285
64434342790,21.59,0.003193952531149623,0.0404741853537485,0.0,0.07848000000000001,0.74556,9.633420000000001
64439393295,21.59,-0.003193952531149623,0.044732788728614664,0.0,-0.02943,0.6670800000000001,9.65304
64444443800,21.59,-0.003193952531149623,0.04581489286485115,0.0,-0.15696000000000002,0.69651,9.73152
64449494305,21.59,0.00958185759344887,0.03834488366631542,0.001064650843716541,-0.21582,0.80442,9.82962
64454544810,21.59,0.01918116847941768,0.03621558197888234,-0.003193952531149623,-0.28449,0.90252,9.86886
64459595315,21.59,0.022375121010567305,0.022375121010567305,0.0,-0.31392000000000003,0.9123300000000001,9.770760000000001
64464645820,21.59,0.0,-0.004258603374866164,-0.001064650843716541,-0.2943,0.90252,9.751140000000001
64469696325,21.59,-0.008517206749732328,-0.033021629447732716,0.001064650843716541,-0.27468000000000004,0.8338500000000001,9.74133
64474746830,21.59,-0.022375121010567305,-0.05007349623971732,0.002129301687433082,-0.14715,0.7848,9.79038
64479797335,21.59,-0.024504422698000388,-0.06284930636431581,0.0,0.0,0.75537,9.819809999999999
64484847840,21.59,-0.014905111812031574,-0.05220279792715039,0.0,0.11772,0.69651,9.908100000000001
64489898345,21.59,-0.003193952531149623,-0.03089232776029963,-0.002129301687433082,0.20601000000000003,0.60822,9.80019
64494948850,21.59,0.003193952531149623,-0.012775810124598492,0.0,0.23544,0.6278400000000001,9.633420000000001
64499999355,21.59,0.008517206749732328,0.006387905062299246,0.0,0.25506,0.70632,9.58437
64505049860,21.59,0.01064650843716541,0.023439771854283843,0.002129301687433082,0.18639,0.80442,9.496080000000001
64510100365,21.59,0.014905111812031574,0.02556907354171693,0.0,0.16677000000000003,0.90252,9.59418
64515150870,21.59,0.015987215948268057,0.03621558197888234,-0.003193952531149623,0.07848000000000001,0.9711900000000001,9.70209
64520201375,21.59,0.0170518667919846,0.039409534510031964,0.001064650843716541,-0.02943,0.90252,9.65304
64525251880,21.59,0.01064650843716541,0.03089232776029963,-0.003193952531149623,-0.0981,0.85347,9.56475
64530302385,21.59,-0.002129301687433082,0.02769837522915001,0.0,-0.18639,0.79461,9.496080000000001
64535352890,21.59,-0.01064650843716541,0.024504422698000388,0.0,-0.24525000000000002,0.79461,9.37836
64540403395,21.59,-0.013840460968315033,0.005323254218582705,-0.002129301687433082,-0.27468000000000004,0.9221400000000001,9.46665
64545453900,21.59,-0.011711159280881954,-0.011711159280881954,-0.001064650843716541,-0.1962,0.9810000000000001,9.6138
64550504405,21.59,-0.01811651763570114,-0.02556907354171693,0.001064650843716541,-0.14715,0.9908100000000001,9.74133
64555554910,21.59,-0.02556907354171693,-0.0404741853537485,-0.002129301687433082,-0.039240000000000004,0.8829,9.79038
64560605415,21.59,-0.031956978604016174,-0.04366813788489812,0.0,0.02943,0.6670800000000001,9.83943
64565655920,21.59,-0.0404741853537485,-0.03515093113516579,0.002129301687433082,0.06867000000000001,0.51993,9.81
64570706425,21.59,-0.039409534510031964,-0.024504422698000388,0.0,0.05886,0.44145,9.80019
64575756930,21.59,-0.024504422698000388,-0.003193952531149623,-0.002129301687433082,0.05886,0.50031,9.89829
64580807435,21.59,-0.004258603374866164,0.007452555906015787,0.002129301687433082,0.07848000000000001,0.64746,9.95715
64585857940,21.59,0.013840460968315033,0.01064650843716541,0.0,0.08829,0.8338500000000001,10.006200000000002
64590908445,21.59,0.01811651763570114,0.007452555906015787,-0.003193952531149623,0.10791,0.90252,10.006200000000002
64595958950,21.59,0.011711159280881954,0.003193952531149623,0.0,0.08829,0.86328,9.92772
64601009455,21.59,0.0,0.002129301687433082,-0.001064650843716541,0.07848000000000001,0.79461,9.760950000000001
64606059960,21.59,-0.005323254218582705,0.013840460968315033,0.0,0.009810000000000001,0.65727,9.751140000000001
64611110465,21.59,-0.00958185759344887,0.02556907354171693,-0.001064650843716541,-0.06867000000000001,0.6670800000000001,9.6138
64616160970,21.59,0.0,0.020245819323134222,0.0,-0.07848000000000001,0.80442,9.633420000000001
64621211475,21.59,0.01064650843716541,0.01064650843716541,0.0,-0.06867000000000001,0.9711900000000001,9.66285
64626261980,21.59,0.012775810124598492,0.0,0.0,0.0,1.06929,9.633420000000001
64631312485,21.59,0.0,-0.003193952531149623,0.0,0.019620000000000002,1.02024,9.60399
64636362990,21.59,-0.01811651763570114,0.001064650843716541,0.0,0.0,0.8240400000000001,9.58437
64641413495,21.59,-0.03834488366631542,0.003193952531149623,0.0,-0.08829,0.6278400000000001,9.56475
64646464000,21.59,-0.0404741853537485,-0.001064650843716541,0.003193952531149623,-0.10791,0.5886,9.64323
64651514505,21.59,-0.024504422698000388,-0.008517206749732328,0.001064650843716541,-0.12753,0.60822,9.760950000000001
64656565010,21.59,-0.008517206749732328,-0.015987215948268057,0.003193952531149623,-0.02943,0.74556,9.79038
64661615515,21.59,0.006387905062299246,-0.021310470166850764,0.0,0.02943,0.9123300000000001,9.770760000000001
64666666020,21.59,0.008517206749732328,0.0,-0.001064650843716541,0.12753,0.95157,9.73152
64671716525,21.59,-0.003193952531149623,0.001064650843716541,-0.001064650843716541,0.04905,0.8829,9.55494
64676767030,21.59,-0.022375121010567305,0.002129301687433082,-0.001064650843716541,0.05886,0.8338500000000001,9.58437
64681817535,21.59,-0.03408628029144926,-0.001064650843716541,0.0,0.039240000000000004,0.7749900000000001,9.67266
64686868040,21.59,-0.031956978604016174,-0.005323254218582705,0.001064650843716541,0.019620000000000002,0.7749900000000001,9.72171
64691918545,21.59,-0.021310470166850764,-0.006387905062299246,0.0,0.06867000000000001,0.71613,9.86886
64696969050,21.59,-0.012775810124598492,0.001064650843716541,0.0,0.05886,0.6867000000000001,9.87867
64702019555,21.59,-0.012775810124598492,0.005323254218582705,0.002129301687433082,0.009810000000000001,0.6278400000000001,9.78057
64707070060,21.59,-0.015987215948268057,0.005323254218582705,-0.002129301687433082,-0.02943,0.6867000000000001,9.74133
64712120565,21.59,-0.012775810124598492,0.006387905062299246,0.0,-0.02943,0.71613,9.79038
64717171070,21.59,-0.01064650843716541,0.003193952531149623,0.002129301687433082,-0.009810000000000001,0.75537,9.84924
64722221575,21.59,-0.005323254218582705,0.005323254218582705,0.0,-0.04905,0.8240400000000001,9.908100000000001
64727272080,21.59,0.0,0.005323254218582705,0.0,0.0,0.8240400000000001,9.908100000000001
64732322585,21.59,-0.002129301687433082,0.001064650843716541,-0.001064650843716541,-0.039240000000000004,0.8240400000000001,9.74133
64737373090,21.59,-0.011711159280881954,-0.004258603374866164,-0.003193952531149623,-0.009810000000000001,0.7651800000000001,9.68247
64742423595,21.59,-0.020245819323134222,0.001064650843716541,0.001064650843716541,-0.02943,0.72594,9.64323
64747474100,21.59,-0.02663372438543347,0.001064650843716541,0.002129301687433082,-0.019620000000000002,0.71613,9.633420000000001
64752524605,21.59,-0.02556907354171693,-0.004258603374866164,0.0,-0.019620000000000002,0.74556,9.79038
64757575110,21.59,-0.01918116847941768,-0.013840460968315033,0.0,0.0,0.7651800000000001,9.89829
64762625615,21.59,-0.014905111812031574,-0.023439771854283843,-0.001064650843716541,0.04905,0.7848,9.82962
64767676120,21.59,-0.006387905062299246,-0.022375121010567305,0.0,0.11772,0.7749900000000001,9.79038
64772726625,21.59,-0.004258603374866164,-0.007452555906015787,0.0,0.1962,0.7749900000000001,9.633420000000001
64777777130,21.59,-0.015987215948268057,0.011711159280881954,-0.001064650843716541,0.14715,0.73575,9.48627
64782827635,21.59,-0.014905111812031574,0.020245819323134222,-0.005323254218582705,0.0981,0.7749900000000001,9.46665
64787878140,21.59,-0.015987215948268057,0.02982767691658309,0.001064650843716541,0.039240000000000004,0.7749900000000001,9.55494
64792928645,21.59,-0.022375121010567305,0.021310470166850764,0.002129301687433082,-0.02943,0.84366,9.60399
64797979150,21.59,-0.0170518667919846,0.0170518667919846,-0.002129301687433082,-0.05886,0.85347,9.751140000000001
64803029655,21.59,-0.011711159280881954,0.015987215948268057,0.001064650843716541,-0.0981,0.7848,9.79038
64808080160,21.59,-0.015987215948268057,0.008517206749732328,0.0,-0.15696000000000002,0.75537,9.68247
64813130665,21.59,-0.021310470166850764,0.0,0.0,-0.16677000000000003,0.71613,9.633420000000001
64818181170,21.59,-0.021310470166850764,-0.008517206749732328,0.002129301687433082,-0.15696000000000002,0.73575,9.59418
64823231675,21.59,-0.02663372438543347,-0.011711159280881954,0.001064650843716541,-0.07848000000000001,0.8240400000000001,9.59418
64828282180,21.59,-0.03089232776029963,-0.0170518667919846,0.0,0.0,0.87309,9.760950000000001
64833332685,21.59,-0.02982767691658309,-0.024504422698000388,0.003193952531149623,0.02943,0.8338500000000001,9.80019
64838383190,21.59,-0.03408628029144926,-0.03621558197888234,0.0,0.07848000000000001,0.7651800000000001,9.84924
64843433695,21.59,-0.039409534510031964,-0.03834488366631542,0.0,0.15696000000000002,0.64746,9.84924
64848484200,21.59,-0.04153883619746504,-0.021310470166850764,0.0,0.1962,0.5493600000000001,9.819809999999999
64853534705,21.59,-0.03408628029144926,-0.002129301687433082,-0.001064650843716541,0.17658,0.51993,9.770760000000001
64858585210,21.59,-0.01918116847941768,0.015987215948268057,0.0,0.13734000000000002,0.5493600000000001,9.819809999999999
64863635715,21.59,-0.012775810124598492,0.02769837522915001,-0.001064650843716541,0.08829,0.6768900000000001,9.80019
64868686220,21.59,0.001064650843716541,0.021310470166850764,0.0,0.02943,0.84366,9.751140000000001
64873736725,21.59,0.004258603374866164,0.013840460968315033,-0.002129301687433082,0.05886,0.9711900000000001,9.82962
64878787230,21.59,-0.004258603374866164,0.0170518667919846,-0.001064650843716541,0.02943,0.9613800000000001,9.770760000000001
64883837735,21.59,-0.024504422698000388,0.015987215948268057,-0.002129301687433082,-0.009810000000000001,0.80442,9.69228
64888888240,21.59,-0.031956978604016174,0.0170518667919846,0.0,-0.06867000000000001,0.6278400000000001,9.69228
64893938745,21.59,-0.039409534510031964,0.011711159280881954,0.0,-0.15696000000000002,0.51993,9.60399
64898989250,21.59,-0.033021629447732716,0.003193952531149623,0.0,-0.17658,0.63765,9.6138
64904039755,21.59,-0.011711159280881954,-0.005323254218582705,0.0,-0.12753,0.84366,9.7119
64909090260,21.59,-0.003193952531149623,-0.006387905062299246,0.0,-0.019620000000000002,0.9908100000000001,9.80019
64914140765,21.59,-0.00958185759344887,-0.013840460968315033,-0.001064650843716541,0.009810000000000001,0.95157,9.74133
64919191270,21.59,-0.02982767691658309,-0.015987215948268057,-0.001064650843716541,0.04905,0.7651800000000001,9.66285
64924241775,21.59,-0.04794419455228423,-0.01811651763570114,0.0,0.019620000000000002,0.59841,9.53532
64929292280,21.59,-0.05539675045830002,-0.014905111812031574,-0.001064650843716541,0.02943,0.56898,9.58437
64934342785,21.59,-0.04153883619746504,-0.008517206749732328,0.0,0.04905,0.6867000000000001,9.760950000000001
64939393290,21.59,-0.02663372438543347,-0.005323254218582705,0.0,0.12753,0.75537,9.86886
64944443795,21.59,-0.014905111812031574,-0.011711159280881954,0.0,0.16677000000000003,0.7651800000000001,9.86886
64949494300,21.59,-0.022375121010567305,-0.01064650843716541,-0.003193952531149623,0.13734000000000002,0.73575,9.81
64954544805,21.59,-0.033021629447732716,-0.001064650843716541,0.0,0.14715,0.6278400000000001,9.623610000000001
64959595310,21.59,-0.03834488366631542,0.011711159280881954,-0.001064650843716541,0.10791,0.65727,9.66285
64964645815,21.59,-0.03515093113516579,0.021310470166850764,0.001064650843716541,0.04905,0.6670800000000001,9.84924
64969696320,21.59,-0.02663372438543347,0.01811651763570114,0.0,0.0,0.64746,9.908100000000001
64974746825,21.59,-0.01811651763570114,0.006387905062299246,-0.001064650843716541,-0.009810000000000001,0.69651,9.91791
64979797330,21.59,-0.008517206749732328,-0.001064650843716541,0.0,-0.009810000000000001,0.72594,9.79038
64984847835,21.59,-0.00958185759344887,0.003193952531149623,0.002129301687433082,0.0,0.7848,9.60399
64989898340,21.59,-0.020245819323134222,0.006387905062299246,-0.001064650843716541,0.009810000000000001,0.8829,9.60399
64994948845,21.59,-0.028763026072866547,0.007452555906015787,0.001064650843716541,0.02943,0.8142300000000001,9.64323
64999999350,21.59,-0.046879543708567686,0.0,0.0,0.0,0.6670800000000001,9.68247
65005049855,21.59,-0.046879543708567686,-0.008517206749732328,0.0,-0.02943,0.5886,9.751140000000001
65010100360,21.59,-0.0404741853537485,-0.008517206749732328,0.002129301687433082,0.0,0.6278400000000001,9.79038
65015150865,21.59,-0.024504422698000388,-0.006387905062299246,0.002129301687433082,-0.009810000000000001,0.6867000000000001,9.760950000000001
65020201370,21.59,-0.015987215948268057,-0.008517206749732328,0.001064650843716541,0.019620000000000002,0.73575,9.770760000000001
65025251875,21.59,-0.02556907354171693,-0.003193952531149623,-0.001064650843716541,0.08829,0.70632,9.66285
65030302380,21.59,-0.031956978604016174,0.0,0.0,0.0981,0.6670800000000001,9.54513
65035352885,21.59,-0.03621558197888234,0.008517206749732328,-0.001064650843716541,0.06867000000000001,0.7651800000000001,9.53532
65040403390,21.59,-0.02769837522915001,0.008517206749732328,0.0,0.019620000000000002,0.8829,9.70209
65045453895,21.59,-0.028763026072866547,0.002129301687433082,0.004258603374866164,0.04905,0.8142300000000001,9.770760000000001
65050504400,21.59,-0.031956978604016174,-0.015987215948268057,0.003193952531149623,0.02943,0.71613,9.80019
65055554905,21.59,-0.04794419455228423,-0.013840460968315033,-0.001064650843716541,0.07848000000000001,0.5591700000000001,9.74133
65060605410,21.59,-0.046879543708567686,0.004258603374866164,-0.001064650843716541,0.039240000000000004,0.52974,9.59418
65065655915,21.59,-0.03834488366631542,0.014905111812031574,0.0,-0.019620000000000002,0.60822,9.60399
65070706420,21.59,-0.03408628029144926,0.012775810124598492,0.0,0.0,0.74556,9.770760000000001
65075756925,21.59,-0.02769837522915001,-0.007452555906015787,0.002129301687433082,0.04905,0.85347,9.81
65080807430,21.59,-0.03408628029144926,-0.021310470166850764,-0.001064650843716541,0.11772,0.8240400000000001,9.888480000000001
65085857935,21.59,-0.03621558197888234,-0.006387905062299246,0.0,0.11772,0.64746,9.83943
65090908440,21.59,-0.04794419455228423,0.01064650843716541,0.002129301687433082,0.039240000000000004,0.50031,9.770760000000001
65095958945,21.59,-0.05220279792715039,0.007452555906015787,0.0,-0.009810000000000001,0.47088,9.760950000000001
65101009450,21.59,-0.04366813788489812,-0.006387905062299246,0.003193952531149623,-0.02943,0.5591700000000001,9.86886
65106059955,21.59,-0.031956978604016174,-0.01811651763570114,0.0,0.08829,0.63765,9.92772
65111110460,21.59,-0.022375121010567305,-0.014905111812031574,-0.002129301687433082,0.16677000000000003,0.73575,9.908100000000001
65116160965,21.59,-0.014905111812031574,0.002129301687433082,0.0,0.16677000000000003,0.74556,9.82962
65121211470,21.59,-0.01811651763570114,0.011711159280881954,-0.001064650843716541,0.0981,0.73575,9.68247
65126261975,21.59,-0.02769837522915001,0.00958185759344887,0.0,0.08829,0.6670800000000001,9.73152
65131312480,21.59,-0.049008845396000776,0.008517206749732328,0.001064650843716541,0.039240000000000004,0.56898,9.67266
65136362985,21.59,-0.04794419455228423,0.01064650843716541,0.0,-0.009810000000000001,0.51993,9.68247
65141413490,21.59,-0.03621558197888234,0.015987215948268057,-0.001064650843716541,0.0,0.59841,9.770760000000001
65146463995,21.59,-0.01811651763570114,0.01918116847941768,-0.002129301687433082,-0.039240000000000004,0.7749900000000001,9.760950000000001
65151514500,21.59,-0.012775810124598492,0.006387905062299246,0.0,-0.02943,0.87309,9.73152
65156565005,21.59,-0.023439771854283843,-0.015987215948268057,-0.002129301687433082,0.019620000000000002,0.80442,9.68247
65161615510,21.59,-0.044732788728614664,-0.022375121010567305,-0.001064650843716541,0.07848000000000001,0.69651,9.54513
65166666015,21.59,-0.05965535383316618,-0.008517206749732328,0.001064650843716541,0.11772,0.60822,9.44703
65171716520,21.59,-0.05752605214573309,0.008517206749732328,0.001064650843716541,0.039240000000000004,0.59841,9.58437
65176767025,21.59,-0.05539675045830002,0.008517206749732328,0.002129301687433082,0.0,0.60822,9.73152
65181817530,21.59,-0.04260348704118158,-0.0170518667919846,-0.003193952531149623,0.0,0.65727,9.760950000000001
65186868035,21.59,-0.03728023282259888,-0.02663372438543347,-0.004258603374866164,0.11772,0.72594,9.78057
65191918540,21.59,-0.039409534510031964,-0.015987215948268057,0.0,0.21582,0.6278400000000001,9.67266
65196969045,21.59,-0.046879543708567686,0.001064650843716541,0.001064650843716541,0.18639,0.59841,9.60399
65202019550,21.59,-0.05220279792715039,0.01918116847941768,0.0,0.10791,0.57879,9.70209
65207070055,21.59,-0.04366813788489812,0.021310470166850764,0.003193952531149623,0.019620000000000002,0.56898,9.78057
65212120560,21.59,-0.05007349623971732,0.013840460968315033,-0.002129301687433082,-0.009810000000000001,0.5493600000000001,9.937529999999999
65217171065,21.59,-0.04581489286485115,-0.0,-0.002129301687433082,-0.039240000000000004,0.51993,9.98658
65222221570,21.59,-0.03728023282259888,-0.004258603374866164,-0.004258603374866164,-0.009810000000000001,0.56898,9.96696
65227272075,21.59,-0.028763026072866547,-0.011711159280881954,0.0,0.009810000000000001,0.65727,9.85905
65232322580,21.59,-0.02982767691658309,-0.01811651763570114,0.0,0.04905,0.70632,9.84924
65237373085,21.59,-0.04366813788489812,-0.023439771854283843,-0.001064650843716541,0.18639,0.64746,9.81
65242423590,21.59,-0.046879543708567686,-0.01064650843716541,-0.002129301687433082,0.18639,0.5591700000000001,9.770760000000001
65247474095,21.59,-0.046879543708567686,0.007452555906015787,0.0,0.14715,0.48069000000000006,9.78057
65252524600,21.59,-0.04794419455228423,0.013840460968315033,0.003193952531149623,0.05886,0.47088,9.79038
65257575105,21.59,-0.03834488366631542,0.002129301687433082,-0.001064650843716541,0.039240000000000004,0.5493600000000001,9.80019
65262625610,21.59,-0.022375121010567305,-0.003193952531149623,0.0,0.06867000000000001,0.63765,9.888480000000001
65267676115,21.59,-0.022375121010567305,0.003193952531149623,-0.001064650843716541,0.11772,0.6278400000000001,9.74133
65272726620,21.59,-0.033021629447732716,0.013840460968315033,-0.001064650843716541,0.0981,0.6768900000000001,9.67266
65277777125,21.59,-0.03408628029144926,0.024504422698000388,0.0,0.019620000000000002,0.64746,9.66285
65282827630,21.59,-0.03089232776029963,0.03089232776029963,0.001064650843716541,-0.04905,0.6278400000000001,9.64323
65287878135,21.59,-0.03408628029144926,0.013840460968315033,0.0,-0.0981,0.6768900000000001,9.57456
65292928640,21.59,-0.04581489286485115,-0.008517206749732328,0.0,-0.05886,0.70632,9.623610000000001
65297979145,21.59,-0.04366813788489812,-0.022375121010567305,0.0,0.009810000000000001,0.74556,9.6138
65303029650,21.59,-0.04581489286485115,-0.023439771854283843,0.0,0.0981,0.74556,9.60399
65308080155,21.59,-0.05326744877086694,-0.013840460968315033,0.0,0.11772,0.64746,9.623610000000001
65313130660,21.59,-0.06284930636431581,-0.012775810124598492,0.0,0.13734000000000002,0.56898,9.60399
65318181165,21.59,-0.06923721142661506,-0.015987215948268057,0.0,0.17658,0.40221,9.69228
65323231670,21.59,-0.07349581480148122,-0.008517206749732328,0.0,0.11772,0.34335000000000004,9.760950000000001
65328282175,21.59,-0.060720004676882725,0.003193952531149623,0.0,0.05886,0.46107000000000004,9.819809999999999
65333332680,21.59,-0.04366813788489812,-0.005323254218582705,0.0,0.11772,0.51012,9.97677
65338383185,21.59,-0.03089232776029963,-0.014905111812031574,0.0,0.17658,0.59841,10.03563
65343433690,21.59,-0.03408628029144926,-0.00958185759344887,0.0,0.21582,0.59841,9.937529999999999
65348484195,21.59,-0.03728023282259888,0.00958185759344887,0.0,0.17658,0.51993,9.84924
65353534700,21.59,-0.044732788728614664,0.028763026072866547,0.0,0.04905,0.40221,9.79038
65358585205,21.59,-0.05113814708343386,0.03515093113516579,0.0,-0.02943,0.44145,9.751140000000001
65363635710,21.59,-0.04260348704118158,0.01918116847941768,0.0,-0.11772,0.56898,9.83943
65368686215,21.59,-0.02982767691658309,-0.012775810124598492,0.0,-0.039240000000000004,0.74556,9.99639
65373736720,21.59,-0.031956978604016174,-0.04260348704118158,0.0,0.12753,0.8142300000000001,9.937529999999999
65378787225,21.59,-0.044732788728614664,-0.04794419455228423,0.0,0.28449,0.70632,9.82962
65383837730,21.59,-0.05326744877086694,-0.020245819323134222,0.0,0.34335000000000004,0.50031,9.69228
65388888235,21.59,-0.06604325889546543,0.0,0.0,0.26487,0.30411,9.52551
65393938740,21.59,-0.06923721142661506,0.01918116847941768,0.0,0.13734000000000002,0.26487,9.623610000000001
65398989245,21.59,-0.046879543708567686,0.03728023282259888,0.0,0.009810000000000001,0.30411,9.73152
65404039750,21.59,-0.022375121010567305,0.04153883619746504,0.0,-0.019620000000000002,0.51993,9.751140000000001
65409090255,21.59,-0.014905111812031574,0.031956978604016174,0.0,-0.06867000000000001,0.84366,9.78057
65414140760,21.59,-0.004258603374866164,0.015987215948268057,0.0,-0.019620000000000002,0.9319500000000001,9.81
65419191265,21.59,-0.023439771854283843,-0.006387905062299246,0.0,0.039240000000000004,0.86328,9.64323
65424241770,21.59,-0.06497860805174888,-0.022375121010567305,0.0,0.02943,0.6768900000000001,9.57456
65429292275,21.59,-0.08948303074974927,-0.02769837522915001,0.0,0.05886,0.44145,9.56475
65434342780,21.59,-0.09374163412461543,-0.013840460968315033,0.0,0.04905,0.27468000000000004,9.633420000000001
65439393285,21.59,-0.07777187146886733,0.002129301687433082,0.0,0.02943,0.30411,9.770760000000001
65444443790,21.59,-0.05539675045830002,0.004258603374866164,0.0,0.0,0.40221,9.91791
65449494295,21.59,-0.03408628029144926,-0.007452555906015787,0.0,0.039240000000000004,0.51993,9.86886
65454544800,21.59,-0.03408628029144926,-0.022375121010567305,0.0,0.10791,0.63765,9.86886
65459595305,21.59,-0.039409534510031964,-0.028763026072866547,0.0,0.22563,0.6670800000000001,9.819809999999999
65464645810,21.59,-0.05539675045830002,-0.02663372438543347,0.0,0.31392000000000003,0.64746,9.74133
65469696315,21.59,-0.06284930636431581,-0.03089232776029963,0.0,0.38259000000000004,0.5493600000000001,9.819809999999999
65474746820,21.59,-0.06817256058289851,-0.013840460968315033,0.0,0.3924,0.33354000000000006,9.83943
65479797325,21.59,-0.060720004676882725,0.013840460968315033,0.0,0.30411,0.1962,9.81
65484847830,21.59,-0.04581489286485115,0.04260348704118158,0.0,0.10791,0.1962,9.73152
65489898335,21.59,-0.03408628029144926,0.06178465552059926,0.0,0.019620000000000002,0.31392000000000003,9.760950000000001
65494948840,21.59,-0.02556907354171693,0.05965535383316618,0.0,-0.08829,0.51012,9.81
65499999345,21.59,-0.011711159280881954,0.04366813788489812,0.0,-0.1962,0.75537,9.85905
65505049850,21.59,-0.012775810124598492,0.01811651763570114,0.0,-0.13734000000000002,0.86328,9.92772
65510100355,21.59,-0.03515093113516579,-0.013840460968315033,0.0,-0.11772,0.79461,9.87867
65515150860,21.59,-0.05965535383316618,-0.039409534510031964,0.0,-0.02943,0.64746,9.751140000000001
65520201365,21.59,-0.07883652231258387,-0.05539675045830002,0.0,0.039240000000000004,0.46107000000000004,9.6138
65525251870,21.59,-0.09374163412461543,-0.06178465552059926,0.0,0.18639,0.40221,9.57456
65530302375,21.59,-0.09054768159346581,-0.06178465552059926,0.0,0.36297,0.41202000000000005,9.69228
65535352880,21.59,-0.07136651311404815,-0.03408628029144926,0.0,0.51993,0.34335000000000004,9.82962
65540403385,21.59,-0.06391395720803235,0.0,0.0,0.46107000000000004,0.22563,9.87867
65545453890,21.59,-0.05113814708343386,0.020245819323134222,0.0,0.34335000000000004,0.1962,9.91791
65550504395,21.59,-0.03515093113516579,0.03621558197888234,0.0,0.20601000000000003,0.18639,9.91791
65555554900,21.59,-0.02663372438543347,0.05646140130201656,0.0,0.08829,0.21582,9.86886
65560605405,21.59,-0.012775810124598492,0.07243116395776468,0.0,-0.05886,0.48069000000000006,9.751140000000001
65565655910,21.59,0.004258603374866164,0.07136651311404815,0.0,-0.17658,0.6867000000000001,9.70209
65570706415,21.59,-0.003193952531149623,0.05539675045830002,0.0,-0.21582,0.84366,9.69228
65575756920,21.59,-0.023439771854283843,0.01918116847941768,0.0,-0.25506,0.9221400000000001,9.60399
65580807425,21.59,-0.049008845396000776,-0.022375121010567305,0.0,-0.21582,0.8338500000000001,9.60399
65585857930,21.59,-0.08096582400001695,-0.060720004676882725,0.0,-0.08829,0.6867000000000001,9.52551
65590908435,21.59,-0.10225884087434776,-0.08203047484373349,0.0,0.039240000000000004,0.48069000000000006,9.68247
65595958940,21.59,-0.11505210429146619,-0.08841837990603273,0.0,0.22563,0.24525000000000002,9.79038
65601009445,21.59,-0.11079350091660004,-0.07883652231258387,0.0,0.38259000000000004,0.15696000000000002,9.85905
65606059950,21.59,-0.0852244273748831,-0.06710790973918197,0.0,0.52974,0.10791,9.908100000000001
65611110455,21.59,-0.06817256058289851,-0.03089232776029963,0.0,0.5886,0.11772,9.888480000000001
65616160960,21.59,-0.049008845396000776,0.007452555906015787,0.0,0.5886,0.10791,9.80019
65621211465,21.59,-0.02769837522915001,0.05007349623971732,0.0,0.46107000000000004,0.1962,9.86886
65626261970,21.59,-0.01064650843716541,0.07990117315630041,0.0,0.27468000000000004,0.33354000000000006,9.908100000000001
65631312475,21.59,-0.008517206749732328,0.09054768159346581,0.0,0.0981,0.45126,10.05525
65636362980,21.59,0.003193952531149623,0.0852244273748831,0.0,-0.07848000000000001,0.5395500000000001,9.91791
65641413485,21.59,-0.007452555906015787,0.07883652231258387,0.0,-0.25506,0.63765,9.81
65646463990,21.59,-0.015987215948268057,0.05859070298944965,0.0,-0.36297,0.70632,9.58437
65651514495,21.59,-0.02556907354171693,0.03408628029144926,0.0,-0.40221,0.7651800000000001,9.56475
65656565000,21.59,-0.05113814708343386,0.002129301687433082,0.0,-0.3924,0.69651,9.58437
65661615505,21.59,-0.07456046564519776,-0.033021629447732716,0.0,-0.34335000000000004,0.5591700000000001,9.57456
65666666010,21.59,-0.09054768159346581,-0.06604325889546543,0.0,-0.22563,0.43164,9.66285
65671716515,21.59,-0.09906488834319814,-0.08415977653116657,0.0,-0.08829,0.3924,9.80019
65676767020,21.59,-0.09374163412461543,-0.08948303074974927,0.0,0.11772,0.30411,9.84924
65681817525,21.59,-0.08735372906231618,-0.08309512568745003,0.0,0.31392000000000003,0.26487,9.888480000000001
65686868030,21.59,-0.07777187146886733,-0.06923721142661506,0.0,0.49050000000000005,0.22563,9.81
65691918535,21.59,-0.07030186227033158,-0.03728023282259888,0.0,0.57879,0.14715,9.72171
65696969040,21.59,-0.05646140130201656,0.0,0.0,0.5493600000000001,0.1962,9.70209
65702019545,21.59,-0.05220279792715039,0.023439771854283843,0.0,0.48069000000000006,0.27468000000000004,9.81
65707070050,21.59,-0.033021629447732716,0.031956978604016174,0.0,0.43164,0.36297,9.96696
65712120555,21.59,-0.02982767691658309,0.044732788728614664,0.0,0.30411,0.37278,9.99639
65717171060,21.59,-0.021310470166850764,0.04794419455228423,0.0,0.16677000000000003,0.35316,9.908100000000001
65722221565,21.59,-0.023439771854283843,0.06817256058289851,0.0,0.009810000000000001,0.37278,9.86886
65727272070,21.59,-0.028763026072866547,0.06710790973918197,0.0,-0.12753,0.40221,9.79038
65732322575,21.59,-0.02982767691658309,0.05220279792715039,0.0,-0.23544,0.45126,9.67266
65737373080,21.59,-0.0404741853537485,0.033021629447732716,0.0,-0.2943,0.52974,9.7119
65742423585,21.59,-0.044732788728614664,0.0,0.0,-0.27468000000000004,0.6180300000000001,9.73152
65747474090,21.59,-0.046879543708567686,-0.023439771854283843,0.0,-0.21582,0.60822,9.78057
65752524595,21.59,-0.05965535383316618,-0.03089232776029963,0.0,-0.13734000000000002,0.50031,9.78057
65757575100,21.59,-0.07136651311404815,-0.05113814708343386,0.0,-0.07848000000000001,0.37278,9.70209
65762625605,21.59,-0.08096582400001695,-0.05752605214573309,0.0,0.039240000000000004,0.24525000000000002,9.7119
65767676110,21.59,-0.0852244273748831,-0.05007349623971732,0.0,0.12753,0.15696000000000002,9.69228
65772726615,21.59,-0.0756251164889143,-0.03408628029144926,0.0,0.20601000000000003,0.1962,9.67266
65777777120,21.59,-0.060720004676882725,-0.015987215948268057,0.0,0.26487,0.32373,9.78057
65782827625,21.59,-0.044732788728614664,-0.004258603374866164,0.0,0.32373,0.3924,9.87867
65787878130,21.59,-0.0404741853537485,0.003193952531149623,0.0,0.28449,0.36297,9.87867
65792928635,21.59,-0.049008845396000776,0.013840460968315033,0.0,0.25506,0.26487,9.81
65797979140,21.59,-0.05220279792715039,0.022375121010567305,0.0,0.14715,0.20601000000000003,9.64323
65803029645,21.59,-0.05326744877086694,0.03621558197888234,0.0,0.08829,0.27468000000000004,9.68247
65808080150,21.59,-0.04153883619746504,0.03515093113516579,0.0,0.0,0.44145,9.79038
65813130655,21.59,-0.02982767691658309,0.00958185759344887,0.0,0.009810000000000001,0.5886,9.760950000000001
65818181160,21.59,-0.04153883619746504,-0.006387905062299246,0.0,0.07848000000000001,0.5591700000000001,9.78057
65823231665,21.59,-0.05220279792715039,-0.012775810124598492,0.0,0.08829,0.44145,9.69228
65828282170,21.59,-0.07136651311404815,-0.011711159280881954,0.0,0.07848000000000001,0.34335000000000004,9.54513
65833332675,21.59,-0.08415977653116657,-0.00958185759344887,0.0,0.06867000000000001,0.26487,9.66285
65838383180,21.59,-0.08415977653116657,-0.03515093113516579,0.0,0.10791,0.31392000000000003,9.80019
65843433685,21.59,-0.07883652231258387,-0.06178465552059926,0.0,0.31392000000000003,0.2943,9.95715
65848484190,21.59,-0.07456046564519776,-0.060720004676882725,0.0,0.45126,0.26487,9.91791
65853534695,21.59,-0.06710790973918197,-0.0404741853537485,0.0,0.5395500000000001,0.18639,9.83943
65858585200,21.59,-0.06284930636431581,0.0,0.0,0.5493600000000001,0.06867000000000001,9.82962
65863635705,21.59,-0.06178465552059926,0.03089232776029963,0.0,0.41202000000000005,0.0,9.84924
65868686210,21.59,-0.05326744877086694,0.046879543708567686,0.0,0.24525000000000002,0.05886,9.95715
65873736715,21.59,-0.0404741853537485,0.06497860805174888,0.0,0.08829,0.11772,10.074869999999999
65878787220,21.59,-0.020245819323134222,0.08415977653116657,0.0,-0.04905,0.17658,10.08468
65883837725,21.59,-0.004258603374866164,0.09374163412461543,0.0,-0.22563,0.2943,9.97677
65888888230,21.59,0.0,0.07349581480148122,0.0,-0.38259000000000004,0.47088,9.87867
65893938735,21.59,-0.011711159280881954,0.04153883619746504,0.0,-0.42183,0.52974,9.73152
65898989240,21.59,-0.03089232776029963,0.00958185759344887,0.0,-0.41202000000000005,0.59841,9.69228
65904039745,21.59,-0.05113814708343386,-0.013840460968315033,0.0,-0.36297,0.5591700000000001,9.64323
65909090250,21.59,-0.06923721142661506,-0.04153883619746504,0.0,-0.2943,0.49050000000000005,9.66285
65914140755,21.59,-0.08096582400001695,-0.06817256058289851,0.0,-0.14715,0.3924,9.72171
65919191260,21.59,-0.08628907821859966,-0.09587093581204853,0.0,-0.009810000000000001,0.32373,9.751140000000001
65924241765,21.59,-0.09374163412461543,-0.10866419922916695,0.0,0.21582,0.25506,9.73152
65929292270,21.59,-0.09374163412461543,-0.09906488834319814,0.0,0.49050000000000005,0.22563,9.69228
65934342775,21.59,-0.08948303074974927,-0.06604325889546543,0.0,0.64746,0.07848000000000001,9.65304
65939393280,21.59,-0.0852244273748831,-0.03408628029144926,0.0,0.69651,0.02943,9.59418
65944443785,21.59,-0.07349581480148122,-0.004258603374866164,0.0,0.6867000000000001,0.04905,9.64323
65949494290,21.59,-0.05220279792715039,0.021310470166850764,0.0,0.6180300000000001,0.019620000000000002,9.79038
65954544795,21.59,-0.03621558197888234,0.046879543708567686,0.0,0.46107000000000004,0.04905,9.81
65959595300,21.59,-0.020245819323134222,0.07349581480148122,0.0,0.28449,0.20601000000000003,9.79038
65964645805,21.59,-0.012775810124598492,0.09374163412461543,0.0,0.11772,0.28449,9.87867
65969696310,21.59,-0.011711159280881954,0.0852244273748831,0.0,-0.039240000000000004,0.43164,9.81
65974746815,21.59,-0.024504422698000388,0.07456046564519776,0.0,-0.17658,0.46107000000000004,9.760950000000001
65979797320,21.59,-0.039409534510031964,0.05752605214573309,0.0,-0.30411,0.44145,9.7119
65984847825,21.59,-0.05326744877086694,0.03834488366631542,0.0,-0.36297,0.46107000000000004,9.770760000000001
65989898330,21.59,-0.06391395720803235,0.020245819323134222,0.0,-0.44145,0.35316,9.888480000000001
65994948835,21.59,-0.07777187146886733,-0.008517206749732328,0.0,-0.47088,0.20601000000000003,9.908100000000001
65999999340,21.59,-0.08628907821859966,-0.039409534510031964,0.0,-0.40221,0.07848000000000001,9.89829
66005049845,21.59,-0.08628907821859966,-0.05752605214573309,0.0,-0.31392000000000003,0.04905,9.95715
66010100350,21.59,-0.07349581480148122,-0.07883652231258387,0.0,-0.14715,0.11772,9.85905
66015150855,21.59,-0.060720004676882725,-0.08948303074974927,0.0,0.02943,0.36297,9.937529999999999
66020201360,21.59,-0.054332099614583476,-0.10438814256178083,0.0,0.40221,0.43164,10.006200000000002
66025251865,21.59,-0.06497860805174888,-0.10225884087434776,0.0,0.71613,0.37278,9.92772
66030302370,21.59,-0.08096582400001695,-0.07349581480148122,0.0,0.89271,0.15696000000000002,9.7119
66035352875,21.59,-0.08628907821859966,-0.03089232776029963,0.0,0.8338500000000001,-0.009810000000000001,9.57456
66040403380,21.59,-0.08203047484373349,0.015987215948268057,0.0,0.74556,-0.12753,9.6138
66045453885,21.59,-0.06817256058289851,0.04794419455228423,0.0,0.56898,-0.07848000000000001,9.760950000000001
66050504390,21.59,-0.03834488366631542,0.06604325889546543,0.0,0.45126,-0.02943,9.87867
66055554895,21.59,-0.01064650843716541,0.08735372906231618,0.0,0.2943,0.05886,9.82962
66060605400,21.59,0.0,0.12037535851004891,0.0,0.02943,0.13734000000000002,9.770760000000001
66065655905,21.59,0.015987215948268057,0.1374272253020335,0.0,-0.21582,0.24525000000000002,9.72171
66070706410,21.59,-0.005323254218582705,0.1374272253020335,0.0,-0.51012,0.33354000000000006,9.74133
66075756915,21.59,-0.014905111812031574,0.09800023749948161,0.0,-0.74556,0.44145,9.79038
66080807420,21.59,-0.03089232776029963,0.03834488366631542,0.0,-0.8142300000000001,0.57879,9.70209
66085857925,21.59,-0.04581489286485115,-0.031956978604016174,0.0,-0.74556,0.6768900000000001,9.74133
66090908430,21.59,-0.06391395720803235,-0.10012953918691468,0.0,-0.51993,0.63765,9.760950000000001
66095958935,21.59,-0.08841837990603273,-0.15339698795778162,0.0,-0.20601000000000003,0.51012,9.7119
66101009440,21.59,-0.12356931104119852,-0.18216001403064813,0.0,0.18639,0.32373,9.760950000000001
66106059945,21.59,-0.150203035426632,-0.18109536318693162,0.0,0.56898,0.07848000000000001,9.72171
66111110450,21.59,-0.1629788455512305,-0.13208651779093086,0.0,0.87309,-0.17658,9.84924
66116160955,21.59,-0.13955652698946658,-0.06604325889546543,0.0,0.94176,-0.32373,9.81
66121211460,21.59,-0.11079350091660004,0.002129301687433082,0.0,0.9123300000000001,-0.33354000000000006,9.95715
66126261965,21.59,-0.07030186227033158,0.06710790973918197,0.0,0.79461,-0.2943,10.08468
66131312470,21.59,-0.03515093113516579,0.11185815176031658,0.0,0.52974,-0.27468000000000004,9.91791
66136362975,21.59,-0.011711159280881954,0.14381513036433274,0.0,0.23544,-0.15696000000000002,9.78057
66141413480,21.59,0.003193952531149623,0.15765559133264778,0.0,-0.07848000000000001,-0.02943,9.74133
66146463985,21.59,0.01918116847941768,0.13102186694721432,0.0,-0.37278,0.05886,9.73152
66151514490,21.59,0.02663372438543347,0.07349581480148122,0.0,-0.57879,0.24525000000000002,9.84924
66156564995,21.59,0.033021629447732716,0.01064650843716541,0.0,-0.59841,0.64746,9.84924
66161615500,21.59,0.039409534510031964,-0.0404741853537485,0.0,-0.46107000000000004,0.89271,9.96696
66166666005,21.59,-0.028763026072866547,-0.05539675045830002,0.0,-0.23544,0.8240400000000001,10.17297
66171716510,21.59,-0.06710790973918197,-0.05752605214573309,0.0,-0.08829,0.33354000000000006,9.496080000000001
66176767015,21.59,-0.10866419922916695,-0.04794419455228423,0.0,-0.0981,0.12753,9.39798
66181817520,21.59,-0.13102186694721432,-0.05646140130201656,0.0,-0.019620000000000002,0.039240000000000004,9.496080000000001
66186868025,21.59,-0.11505210429146619,-0.06923721142661506,0.0,0.11772,-0.08829,9.87867
66191918530,21.59,-0.10653489754173388,-0.07243116395776468,0.0,0.22563,-0.04905,9.96696
66196969035,21.59,-0.08735372906231618,-0.07243116395776468,0.0,0.36297,-0.08829,10.01601
66202019540,21.59,-0.054332099614583476,-0.06817256058289851,0.0,0.52974,-0.06867000000000001,9.87867
66207070045,21.59,-0.046879543708567686,-0.02556907354171693,0.0,0.64746,-0.02943,9.770760000000001
66212120550,21.59,-0.033021629447732716,0.020245819323134222,0.0,0.63765,-0.05886,9.56475
66217171055,21.59,-0.03728023282259888,0.0756251164889143,0.0,0.47088,0.04905,9.54513
66222221560,21.59,-0.03408628029144926,0.11611675513518273,0.0,0.22563,0.04905,9.67266
66227272065,21.59,-0.02663372438543347,0.1171814059788993,0.0,0.0,0.10791,9.770760000000001
66232322570,21.59,-0.023439771854283843,0.09480628496833199,0.0,-0.25506,0.20601000000000003,9.80019
66237373075,21.59,-0.01811651763570114,0.05646140130201656,0.0,-0.40221,0.37278,9.86886
66242423580,21.59,-0.014905111812031574,0.0,0.0,-0.40221,0.41202000000000005,9.99639
66247474085,21.59,-0.04260348704118158,-0.039409534510031964,0.0,-0.30411,0.38259000000000004,9.99639
66252524590,21.59,-0.07349581480148122,-0.060720004676882725,0.0,-0.16677000000000003,0.20601000000000003,9.79038
66257575095,21.59,-0.08628907821859966,-0.05646140130201656,0.0,-0.0981,0.02943,9.69228
66262625600,21.59,-0.09587093581204853,-0.03834488366631542,0.0,0.0,0.039240000000000004,9.66285
66267676105,21.59,-0.09161233243718235,-0.03621558197888234,0.0,0.07848000000000001,0.0,9.819809999999999
66272726610,21.59,-0.08203047484373349,-0.0404741853537485,0.0,0.10791,0.0,9.819809999999999
66277777115,21.59,-0.07349581480148122,-0.0404741853537485,0.0,0.22563,-0.07848000000000001,9.87867
66282827620,21.59,-0.054332099614583476,-0.05965535383316618,0.0,0.35316,0.019620000000000002,9.89829
66287878125,21.59,-0.04794419455228423,-0.04794419455228423,0.0,0.48069000000000006,0.019620000000000002,9.97677
66292928630,21.59,-0.05646140130201656,0.0,0.0,0.47088,-0.039240000000000004,9.94734
66297979135,21.59,-0.05220279792715039,0.0404741853537485,0.0,0.41202000000000005,-0.04905,9.72171
66303029640,21.59,-0.05007349623971732,0.06710790973918197,0.0,0.24525000000000002,0.0,9.83943
66308080145,21.59,-0.04366813788489812,0.08735372906231618,0.0,0.07848000000000001,0.009810000000000001,9.68247
66313130650,21.59,-0.03834488366631542,0.08096582400001695,0.0,-0.07848000000000001,0.05886,9.751140000000001
66318181155,21.59,-0.033021629447732716,0.046879543708567686,0.0,-0.21582,0.06867000000000001,9.760950000000001
66323231660,21.59,-0.028763026072866547,0.007452555906015787,0.0,-0.25506,0.11772,9.82962
66328282165,21.59,-0.03408628029144926,-0.0170518667919846,0.0,-0.22563,0.17658,9.87867
66333332670,21.59,-0.03515093113516579,-0.03408628029144926,0.0,-0.11772,0.1962,9.908100000000001
66338383175,21.59,-0.05220279792715039,-0.04153883619746504,0.0,-0.039240000000000004,0.15696000000000002,9.86886
66343433680,21.59,-0.05859070298944965,-0.03728023282259888,0.0,0.009810000000000001,0.06867000000000001,9.64323
66348484185,21.59,-0.07243116395776468,-0.02663372438543347,0.0,0.08829,0.06867000000000001,9.57456
66353534690,21.59,-0.06710790973918197,-0.01918116847941768,0.0,0.14715,0.12753,9.54513
66358585195,21.59,-0.06923721142661506,-0.020245819323134222,0.0,0.22563,0.11772,9.70209
66363635700,21.59,-0.06710790973918197,-0.022375121010567305,0.0,0.23544,0.13734000000000002,9.85905
66368686205,21.59,-0.07456046564519776,-0.023439771854283843,0.0,0.30411,-0.06867000000000001,9.98658
66373736710,21.59,-0.08096582400001695,-0.013840460968315033,0.0,0.24525000000000002,-0.02943,9.91791
66378787215,21.59,-0.0756251164889143,0.00958185759344887,0.0,0.27468000000000004,-0.12753,10.03563
66383837720,21.59,-0.06284930636431581,0.04153883619746504,0.0,0.1962,-0.0981,9.78057
66388888225,21.59,-0.07456046564519776,0.05859070298944965,0.0,0.12753,-0.07848000000000001,9.74133
66393938730,21.59,-0.04794419455228423,0.046879543708567686,0.0,-0.039240000000000004,-0.06867000000000001,9.68247
66398989235,21.59,-0.04794419455228423,0.04366813788489812,0.0,-0.08829,-0.039240000000000004,9.770760000000001
66404039740,21.59,-0.03834488366631542,0.02769837522915001,0.0,-0.1962,-0.039240000000000004,9.908100000000001
66409090245,21.59,-0.03621558197888234,0.011711159280881954,0.0,-0.23544,-0.039240000000000004,10.01601
66414140750,21.59,-0.039409534510031964,-0.006387905062299246,0.0,-0.24525000000000002,0.0,9.95715
66419191255,21.59,-0.04366813788489812,-0.03621558197888234,0.0,-0.17658,0.009810000000000001,9.80019
66424241760,21.59,-0.04260348704118158,-0.05752605214573309,0.0,-0.04905,0.05886,9.69228
66429292265,21.59,-0.03408628029144926,-0.05965535383316618,0.0,0.15696000000000002,0.08829,9.59418
66434342770,21.59,-0.031956978604016174,-0.05220279792715039,0.0,0.27468000000000004,0.34335000000000004,9.66285
66439393275,21.59,-0.05859070298944965,-0.02769837522915001,0.0,0.43164,0.17658,10.05525
66444443780,21.59,-0.06604325889546543,-0.008517206749732328,0.0,0.32373,-0.0981,9.64323
66449494285,21.59,-0.09161233243718235,0.013840460968315033,0.0,0.24525000000000002,0.0,9.760950000000001
66454544790,21.59,-0.09587093581204853,0.021310470166850764,0.0,0.20601000000000003,-0.10791,10.06506
66459595295,21.59,-0.06923721142661506,0.02556907354171693,0.0,0.15696000000000002,-0.14715,9.86886
66464645800,21.59,-0.06497860805174888,0.03834488366631542,0.0,0.06867000000000001,-0.06867000000000001,9.89829
66469696305,21.59,-0.05007349623971732,0.03834488366631542,0.0,0.05886,-0.15696000000000002,9.79038
66474746810,21.59,-0.04794419455228423,0.03834488366631542,0.0,-0.06867000000000001,-0.10791,9.70209
66479797315,21.59,-0.05965535383316618,0.03834488366631542,0.0,-0.12753,-0.08829,9.73152
66484847820,21.59,-0.054332099614583476,0.013840460968315033,0.0,-0.17658,-0.08829,9.81
66489898325,21.59,-0.05113814708343386,-0.008517206749732328,0.0,-0.20601000000000003,-0.04905,9.83943
66494948830,21.59,-0.03834488366631542,-0.04366813788489812,0.0,-0.12753,-0.02943,9.888480000000001
66499999335,21.59,-0.023439771854283843,-0.06391395720803235,0.0,0.0,-0.009810000000000001,9.85905
66505049840,21.59,-0.01811651763570114,-0.05220279792715039,0.0,0.15696000000000002,0.0,9.73152
66510100345,21.59,-0.03408628029144926,-0.03089232776029963,0.0,0.21582,0.02943,9.751140000000001
66515150850,21.59,-0.046879543708567686,-0.00958185759344887,0.0,0.25506,0.019620000000000002,9.67266
66520201355,21.59,-0.06391395720803235,0.005323254218582705,0.0,0.23544,0.019620000000000002,9.70209
66525251860,21.59,-0.06817256058289851,0.01064650843716541,0.0,0.1962,0.0,9.819809999999999
66530302365,21.59,-0.05965535383316618,0.007452555906015787,0.0,0.1962,0.0,9.95715
66535352870,21.59,-0.05113814708343386,0.01918116847941768,0.0,0.14715,-0.02943,9.99639
66540403375,21.59,-0.05220279792715039,0.02556907354171693,0.0,0.06867000000000001,-0.039240000000000004,9.98658
66545453880,21.59,-0.060720004676882725,0.031956978604016174,0.0,0.009810000000000001,-0.0981,9.888480000000001
66550504385,21.59,-0.07243116395776468,0.02769837522915001,0.0,0.0,-0.11772,9.68247
66555554890,21.59,-0.07990117315630041,0.023439771854283843,0.0,-0.05886,-0.11772,9.60399
66560605395,21.59,-0.06923721142661506,0.0170518667919846,0.0,-0.07848000000000001,-0.13734000000000002,9.68247
66565655900,21.59,-0.05965535383316618,0.0,0.0,-0.10791,-0.11772,9.760950000000001
66570706405,21.59,-0.04581489286485115,-0.02663372438543347,0.0,-0.06867000000000001,-0.13734000000000002,9.94734
66575756910,21.59,-0.04260348704118158,-0.03834488366631542,0.0,0.0,-0.12753,9.97677
66580807415,21.59,-0.04260348704118158,-0.03834488366631542,0.0,0.10791,-0.12753,9.81
66585857920,21.59,-0.049008845396000776,-0.022375121010567305,0.0,0.18639,-0.11772,9.69228
66590908425,21.59,-0.046879543708567686,-0.001064650843716541,0.0,0.20601000000000003,-0.08829,9.60399
66595958930,21.59,-0.039409534510031964,0.01064650843716541,0.0,0.17658,-0.04905,9.623610000000001
66601009435,21.59,-0.044732788728614664,0.007452555906015787,0.0,0.11772,-0.039240000000000004,9.78057
66606059940,21.59,-0.03621558197888234,0.0,0.0,0.10791,-0.039240000000000004,9.96696
66611110445,21.59,-0.044732788728614664,0.001064650843716541,0.0,0.10791,-0.02943,9.95715
66616160950,21.59,-0.05752605214573309,0.00958185759344887,0.0,0.07848000000000001,-0.08829,10.01601
66621211455,21.59,-0.06178465552059926,0.015987215948268057,0.0,0.039240000000000004,-0.08829,9.908100000000001
66626261960,21.59,-0.06391395720803235,0.01918116847941768,0.0,0.0,-0.0981,9.770760000000001
66631312465,21.59,-0.05965535383316618,0.005323254218582705,0.0,0.0,-0.11772,9.751140000000001
66636362970,21.59,-0.05326744877086694,-0.003193952531149623,0.0,0.02943,-0.0981,9.7119
66641413475,21.59,-0.05220279792715039,-0.006387905062299246,0.0,0.02943,-0.15696000000000002,9.74133
66646463980,21.59,-0.05646140130201656,-0.001064650843716541,0.0,0.0,-0.13734000000000002,9.86886
66651514485,21.59,-0.05859070298944965,0.0,0.0,0.009810000000000001,-0.17658,9.92772
66656564990,21.59,-0.06284930636431581,-0.005323254218582705,0.0,0.0,-0.15696000000000002,9.89829
66661615495,21.59,-0.05859070298944965,-0.00958185759344887,0.0,0.04905,-0.18639,9.79038
66666666000,21.59,-0.046879543708567686,-0.007452555906015787,0.0,0.05886,-0.15696000000000002,9.73152
66671716505,21.59,-0.04260348704118158,0.0,0.0,0.06867000000000001,-0.15696000000000002,9.66285
66676767010,21.59,-0.03515093113516579,0.003193952531149623,0.0,0.05886,-0.11772,9.69228
66681817515,21.59,-0.04260348704118158,0.003193952531149623,0.0,0.039240000000000004,-0.12753,9.770760000000001
66686868020,21.59,-0.05220279792715039,0.002129301687433082,0.0,0.02943,-0.12753,9.82962
66691918525,21.59,-0.05965535383316618,0.004258603374866164,0.0,0.0,-0.12753,9.89829
66696969030,21.59,-0.054332099614583476,0.005323254218582705,0.0,0.019620000000000002,-0.13734000000000002,9.908100000000001
66702019535,21.59,-0.046879543708567686,-0.006387905062299246,0.0,0.0,-0.13734000000000002,9.86886
66707070040,21.59,-0.04260348704118158,-0.008517206749732328,0.0,0.019620000000000002,-0.14715,9.85905
66712120545,21.59,-0.04366813788489812,-0.01064650843716541,0.0,0.039240000000000004,-0.11772,9.81
66717171050,21.59,-0.05113814708343386,-0.007452555906015787,0.0,0.08829,-0.15696000000000002,9.64323
66722221555,21.59,-0.06817256058289851,0.0,0.0,0.08829,-0.17658,9.72171
66727272060,21.59,-0.06178465552059926,0.0,0.0,0.07848000000000001,-0.13734000000000002,9.751140000000001
66732322565,21.59,-0.05539675045830002,-0.002129301687433082,0.0,0.039240000000000004,-0.1962,9.87867
66737373070,21.59,-0.04794419455228423,-0.006387905062299246,0.0,0.08829,-0.16677000000000003,9.98658
66742423575,21.59,-0.04153883619746504,-0.007452555906015787,0.0,0.10791,-0.17658,9.92772
66747474080,21.59,-0.04581489286485115,0.008517206749732328,0.0,0.11772,-0.17658,9.78057
66752524585,21.59,-0.05007349623971732,0.024504422698000388,0.0,0.07848000000000001,-0.18639,9.66285
66757575090,21.59,-0.05113814708343386,0.02663372438543347,0.0,0.02943,-0.16677000000000003,9.56475
66762625595,21.59,-0.05539675045830002,0.024504422698000388,0.0,-0.009810000000000001,-0.17658,9.70209
66767676100,21.59,-0.05539675045830002,0.014905111812031574,0.0,-0.0981,-0.17658,9.908100000000001
66772726605,21.59,-0.049008845396000776,0.004258603374866164,0.0,-0.07848000000000001,-0.18639,9.99639
66777777110,21.59,-0.046879543708567686,-0.006387905062299246,0.0,-0.11772,-0.20601000000000003,9.97677
66782827615,21.59,-0.05220279792715039,-0.01811651763570114,0.0,-0.08829,-0.20601000000000003,9.95715
66787878120,21.59,-0.05220279792715039,-0.023439771854283843,0.0,0.0,-0.21582,9.87867
66792928625,21.59,-0.05326744877086694,-0.024504422698000388,0.0,0.05886,-0.21582,9.760950000000001
66797979130,21.59,-0.054332099614583476,-0.022375121010567305,0.0,0.0981,-0.21582,9.74133
66803029635,21.59,-0.05220279792715039,-0.011711159280881954,0.0,0.13734000000000002,-0.22563,9.73152
66808080140,21.59,-0.054332099614583476,-0.01064650843716541,0.0,0.15696000000000002,-0.22563,9.78057
66813130645,21.59,-0.046879543708567686,-0.01918116847941768,0.0,0.14715,-0.24525000000000002,9.92772
66818181150,21.59,-0.04260348704118158,-0.005323254218582705,0.0,0.1962,-0.23544,9.95715
66823231655,21.59,-0.044732788728614664,0.005323254218582705,0.0,0.18639,-0.23544,9.89829
66828282160,21.59,-0.05113814708343386,0.01918116847941768,0.0,0.13734000000000002,-0.21582,9.80019
66833332665,21.59,-0.046879543708567686,0.02982767691658309,0.0,0.07848000000000001,-0.20601000000000003,9.59418
66838383170,21.59,-0.044732788728614664,0.02556907354171693,0.0,0.04905,-0.1962,9.54513
66843433675,21.59,-0.04153883619746504,0.01918116847941768,0.0,0.02943,-0.16677000000000003,9.70209
66848484180,21.59,-0.033021629447732716,0.013840460968315033,0.0,-0.02943,-0.17658,9.81
66853534685,21.59,-0.04153883619746504,0.006387905062299246,0.0,-0.06867000000000001,-0.18639,9.94734
66858585190,21.59,-0.044732788728614664,0.004258603374866164,0.0,-0.08829,-0.20601000000000003,9.92772
66863635695,21.59,-0.04794419455228423,0.004258603374866164,0.0,-0.0981,-0.18639,9.819809999999999
66868686200,21.59,-0.06497860805174888,0.001064650843716541,0.0,-0.07848000000000001,-0.20601000000000003,9.81
66873736705,21.59,-0.05326744877086694,-0.006387905062299246,0.0,-0.08829,-0.21582,9.770760000000001
66878787210,21.59,-0.049008845396000776,-0.01811651763570114,0.0,-0.039240000000000004,-0.21582,9.72171
66883837715,21.59,-0.05007349623971732,-0.03834488366631542,0.0,0.039240000000000004,-0.22563,9.78057
66888888220,21.59,-0.05007349623971732,-0.03728023282259888,0.0,0.08829,-0.25506,9.82962
66893938725,21.59,-0.05326744877086694,-0.02769837522915001,0.0,0.15696000000000002,-0.27468000000000004,9.89829
66898989230,21.59,-0.060720004676882725,-0.0170518667919846,0.0,0.17658,-0.27468000000000004,9.937529999999999
66904039735,21.59,-0.06178465552059926,-0.002129301687433082,0.0,0.18639,-0.31392000000000003,9.908100000000001
66909090240,21.59,-0.049008845396000776,0.01811651763570114,0.0,0.1962,-0.31392000000000003,9.81
66914140745,21.59,-0.04366813788489812,0.014905111812031574,0.0,0.14715,-0.28449,9.73152
66919191250,21.59,-0.0404741853537485,0.021310470166850764,0.0,0.10791,-0.26487,9.66285
66924241755,21.59,-0.03621558197888234,0.04153883619746504,0.0,0.04905,-0.27468000000000004,9.7119
66929292260,21.59,-0.03834488366631542,0.04153883619746504,0.0,-0.05886,-0.24525000000000002,9.770760000000001
66934342765,21.59,-0.04153883619746504,0.04260348704118158,0.0,-0.13734000000000002,-0.24525000000000002,9.83943
66939393270,21.59,-0.04366813788489812,0.02663372438543347,0.0,-0.22563,-0.25506,9.908100000000001
66944443775,21.59,-0.049008845396000776,-0.008517206749732328,0.0,-0.24525000000000002,-0.23544,9.86886
66949494280,21.59,-0.04260348704118158,-0.023439771854283843,0.0,-0.18639,-0.22563,9.83943
66954544785,21.59,-0.04153883619746504,-0.02982767691658309,0.0,-0.0981,-0.26487,9.80019
66959595290,21.59,-0.044732788728614664,-0.03834488366631542,0.0,-0.02943,-0.24525000000000002,9.81
66964645795,21.59,-0.046879543708567686,-0.04794419455228423,0.0,0.07848000000000001,-0.27468000000000004,9.81
66969696300,21.59,-0.049008845396000776,-0.049008845396000776,0.0,0.17658,-0.28449,9.81
66974746805,21.59,-0.054332099614583476,-0.04153883619746504,0.0,0.25506,-0.27468000000000004,9.888480000000001
66979797310,21.59,-0.054332099614583476,-0.014905111812031574,0.0,0.28449,-0.30411,9.89829
66984847815,21.59,-0.046879543708567686,0.00958185759344887,0.0,0.28449,-0.31392000000000003,9.92772
66989898320,21.59,-0.04794419455228423,0.02982767691658309,0.0,0.23544,-0.32373,9.888480000000001
66994948825,21.59,-0.05113814708343386,0.03621558197888234,0.0,0.13734000000000002,-0.2943,9.79038
66999999330,21.59,-0.04794419455228423,0.03834488366631542,0.0,0.06867000000000001,-0.31392000000000003,9.70209
67005049835,21.59,-0.044732788728614664,0.03834488366631542,0.0,0.0,-0.31392000000000003,9.7119
67010100340,21.59,-0.04366813788489812,0.04794419455228423,0.0,-0.06867000000000001,-0.30411,9.7119
67015150845,21.59,-0.04366813788489812,0.03834488366631542,0.0,-0.16677000000000003,-0.2943,9.819809999999999
67020201350,21.59,-0.03728023282259888,0.0170518667919846,0.0,-0.24525000000000002,-0.2943,9.85905
67025251855,21.59,-0.03515093113516579,-0.002129301687433082,0.0,-0.23544,-0.28449,9.79038
67030302360,21.59,-0.04366813788489812,-0.011711159280881954,0.0,-0.22563,-0.2943,9.751140000000001
67035352865,21.59,-0.03834488366631542,-0.02556907354171693,0.0,-0.16677000000000003,-0.30411,9.73152
67040403370,21.59,-0.039409534510031964,-0.031956978604016174,0.0,-0.07848000000000001,-0.27468000000000004,9.74133
67045453875,21.59,-0.044732788728614664,-0.03834488366631542,0.0,-0.02943,-0.30411,9.760950000000001
67050504380,21.59,-0.05007349623971732,-0.046879543708567686,0.0,0.07848000000000001,-0.2943,9.83943
67055554885,21.59,-0.049008845396000776,-0.049008845396000776,0.0,0.15696000000000002,-0.32373,9.888480000000001
67060605390,21.59,-0.04794419455228423,-0.031956978604016174,0.0,0.25506,-0.34335000000000004,9.95715
67065655895,21.59,-0.049008845396000776,-0.006387905062299246,0.0,0.2943,-0.35316,10.006200000000002
67070706400,21.59,-0.05007349623971732,0.01811651763570114,0.0,0.25506,-0.37278,9.937529999999999
67075756905,21.59,-0.04794419455228423,0.02556907354171693,0.0,0.1962,-0.3924,9.819809999999999
67080807410,21.59,-0.05113814708343386,0.03728023282259888,0.0,0.12753,-0.36297,9.770760000000001
67085857915,21.59,-0.05007349623971732,0.046879543708567686,0.0,0.04905,-0.35316,9.72171
67090908420,21.59,-0.04366813788489812,0.044732788728614664,0.0,-0.039240000000000004,-0.38259000000000004,9.78057
67095958925,21.59,-0.03621558197888234,0.03834488366631542,0.0,-0.11772,-0.35316,9.86886
67101009430,21.59,-0.03408628029144926,0.023439771854283843,0.0,-0.21582,-0.35316,9.888480000000001
67106059935,21.59,-0.03834488366631542,0.002129301687433082,0.0,-0.22563,-0.37278,9.81
67111110440,21.59,-0.039409534510031964,-0.0170518667919846,0.0,-0.18639,-0.38259000000000004,9.760950000000001
67116160945,21.59,-0.039409534510031964,-0.02663372438543347,0.0,-0.10791,-0.34335000000000004,9.72171
67121211450,21.59,-0.039409534510031964,-0.028763026072866547,0.0,-0.039240000000000004,-0.33354000000000006,9.69228
67126261955,21.59,-0.03515093113516579,-0.031956978604016174,0.0,0.0,-0.32373,9.72171
67131312460,21.59,-0.02982767691658309,-0.02982767691658309,0.0,0.07848000000000001,-0.33354000000000006,9.72171
67136362965,21.59,-0.03515093113516579,-0.022375121010567305,0.0,0.11772,-0.32373,9.79038
67141413470,21.59,-0.039409534510031964,-0.012775810124598492,0.0,0.13734000000000002,-0.31392000000000003,9.89829
67146463975,21.59,-0.04260348704118158,0.002129301687433082,0.0,0.11772,-0.32373,9.86886
67151514480,21.59,-0.044732788728614664,0.01811651763570114,0.0,0.10791,-0.34335000000000004,9.85905
67156564985,21.59,-0.044732788728614664,0.02556907354171693,0.0,0.04905,-0.35316,9.85905
67161615490,21.59,-0.05007349623971732,0.02769837522915001,0.0,-0.009810000000000001,-0.35316,9.888480000000001
67166665995,21.59,-0.049008845396000776,0.007452555906015787,0.0,-0.019620000000000002,-0.36297,9.87867
67171716500,21.59,-0.05326744877086694,0.002129301687433082,0.0,-0.039240000000000004,-0.36297,9.89829
67176767005,21.59,-0.05539675045830002,-0.003193952531149623,0.0,-0.039240000000000004,-0.41202000000000005,9.937529999999999
67181817510,21.59,-0.05113814708343386,-0.006387905062299246,0.0,-0.02943,-0.41202000000000005,9.92772
67186868015,21.59,-0.039409534510031964,0.004258603374866164,0.0,-0.019620000000000002,-0.45126,9.91791
67191918520,21.59,-0.0404741853537485,0.011711159280881954,0.0,-0.039240000000000004,-0.44145,9.87867
67196969025,21.59,-0.04581489286485115,0.003193952531149623,0.0,-0.06867000000000001,-0.44145,9.87867
67202019530,21.59,-0.0404741853537485,-0.004258603374866164,0.0,-0.07848000000000001,-0.41202000000000005,9.80019
67207070035,21.59,-0.03728023282259888,-0.008517206749732328,0.0,0.0,-0.45126,9.65304
67212120540,21.59,-0.03408628029144926,-0.013840460968315033,0.0,0.019620000000000002,-0.41202000000000005,9.7119
67217171045,21.59,-0.021310470166850764,-0.020245819323134222,0.0,0.039240000000000004,-0.3924,9.82962
67222221550,21.59,-0.014905111812031574,-0.012775810124598492,0.0,0.08829,-0.42183,9.86886
67227272055,21.59,-0.014905111812031574,-0.002129301687433082,0.0,0.06867000000000001,-0.37278,9.84924
67232322560,21.59,-0.02556907354171693,0.005323254218582705,0.0,0.039240000000000004,-0.36297,9.81
67237373065,21.59,-0.031956978604016174,0.0,0.0,0.04905,-0.33354000000000006,9.64323
67242423570,21.59,-0.03621558197888234,0.001064650843716541,0.0,0.039240000000000004,-0.31392000000000003,9.60399
67247474075,21.59,-0.02663372438543347,0.01064650843716541,0.0,0.04905,-0.33354000000000006,9.633420000000001
67252524580,21.59,-0.022375121010567305,0.0170518667919846,0.0,-0.019620000000000002,-0.33354000000000006,9.73152
67257575085,21.59,-0.03089232776029963,0.0170518667919846,0.0,-0.05886,-0.32373,9.89829
67262625590,21.59,-0.03728023282259888,0.012775810124598492,0.0,-0.08829,-0.34335000000000004,9.95715
67267676095,21.59,-0.05007349623971732,0.014905111812031574,0.0,-0.13734000000000002,-0.36297,9.84924
67272726600,21.59,-0.05965535383316618,0.004258603374866164,0.0,-0.11772,-0.40221,9.78057
67277777105,21.59,-0.05859070298944965,-0.006387905062299246,0.0,-0.11772,-0.41202000000000005,9.80019
67282827610,21.59,-0.05007349623971732,-0.014905111812031574,0.0,-0.07848000000000001,-0.44145,9.84924
67287878115,21.59,-0.05113814708343386,-0.023439771854283843,0.0,-0.04905,-0.43164,9.92772
67292928620,21.59,-0.04794419455228423,-0.024504422698000388,0.0,0.009810000000000001,-0.50031,9.97677
67297979125,21.59,-0.046879543708567686,-0.02556907354171693,0.0,0.0,-0.49050000000000005,10.01601
67303029630,21.59,-0.05113814708343386,-0.02556907354171693,0.0,0.06867000000000001,-0.5395500000000001,9.96696
67308080135,21.59,-0.04794419455228423,-0.012775810124598492,0.0,0.15696000000000002,-0.51012,9.908100000000001
67313130640,21.59,-0.03515093113516579,-0.008517206749732328,0.0,0.17658,-0.5395500000000001,9.81
67318181145,21.59,-0.021310470166850764,-0.005323254218582705,0.0,0.16677000000000003,-0.49050000000000005,9.81
67323231650,21.59,-0.01064650843716541,0.01811651763570114,0.0,0.16677000000000003,-0.48069000000000006,9.85905
67328282155,21.59,-0.01064650843716541,0.033021629447732716,0.0,0.06867000000000001,-0.46107000000000004,9.82962
67333332660,21.59,-0.0170518667919846,0.046879543708567686,0.0,-0.009810000000000001,-0.42183,9.84924
67338383165,21.59,-0.01811651763570114,0.05539675045830002,0.0,-0.0981,-0.41202000000000005,9.760950000000001
67343433670,21.59,-0.022375121010567305,0.04794419455228423,0.0,-0.22563,-0.38259000000000004,9.74133
67348484175,21.59,-0.01811651763570114,0.01918116847941768,0.005323254218582705,-0.27468000000000004,-0.37278,9.70209
67353534680,21.59,-0.0170518667919846,-0.008517206749732328,-0.001064650843716541,-0.26487,-0.36297,9.69228
67358585185,21.59,-0.011711159280881954,-0.021310470166850764,0.0,-0.20601000000000003,-0.33354000000000006,9.67266
67363635690,21.59,-0.013840460968315033,-0.02556907354171693,0.001064650843716541,-0.14715,-0.32373,9.70209
67368686195,21.59,-0.020245819323134222,-0.024504422698000388,0.0,-0.07848000000000001,-0.36297,9.74133
67373736700,21.59,-0.03834488366631542,-0.02556907354171693,-0.001064650843716541,-0.05886,-0.36297,9.79038
67378787205,21.59,-0.05220279792715039,-0.03089232776029963,0.0,0.019620000000000002,-0.38259000000000004,9.80019
67383837710,21.59,-0.05326744877086694,-0.031956978604016174,0.0,0.06867000000000001,-0.40221,9.78057
67388888215,21.59,-0.046879543708567686,-0.02769837522915001,0.002129301687433082,0.12753,-0.42183,9.770760000000001
67393938720,21.59,-0.04153883619746504,-0.03089232776029963,0.0,0.18639,-0.44145,9.87867
67398989225,21.59,-0.03515093113516579,-0.01918116847941768,-0.002129301687433082,0.23544,-0.46107000000000004,9.91791
67404039730,21.59,-0.03621558197888234,0.006387905062299246,-0.001064650843716541,0.26487,-0.50031,9.95715
67409090235,21.59,-0.049008845396000776,0.03621558197888234,-0.003193952531149623,0.17658,-0.48069000000000006,9.95715
67414140740,21.59,-0.05113814708343386,0.07456046564519776,-0.001064650843716541,0.009810000000000001,-0.51012,9.84924
67419191245,21.59,-0.049008845396000776,0.08735372906231618,0.005323254218582705,-0.15696000000000002,-0.51993,9.87867
67424241750,21.59,-0.04581489286485115,0.05965535383316618,0.0,-0.30411,-0.51993,9.92772
67429292255,21.59,-0.03621558197888234,0.011711159280881954,-0.002129301687433082,-0.38259000000000004,-0.5395500000000001,9.94734
67434342760,21.59,-0.028763026072866547,-0.021310470166850764,0.0,-0.34335000000000004,-0.52974,9.98658
67439393265,21.59,-0.023439771854283843,-0.05220279792715039,0.0,-0.23544,-0.57879,10.01601
67444443770,21.59,-0.01811651763570114,-0.05539675045830002,0.0,-0.05886,-0.52974,9.92772
67449494275,21.59,-0.0170518667919846,-0.049008845396000776,0.001064650843716541,0.0,-0.51993,9.937529999999999
67454544780,21.59,-0.01918116847941768,-0.033021629447732716,-0.002129301687433082,0.10791,-0.52974,9.83943
67459595285,21.59,-0.01064650843716541,0.004258603374866164,0.0,0.13734000000000002,-0.50031,9.78057
67464645790,21.59,-0.012775810124598492,0.033021629447732716,0.001064650843716541,0.06867000000000001,-0.49050000000000005,9.74133
67469696295,21.59,-0.00958185759344887,0.0404741853537485,0.005323254218582705,-0.04905,-0.42183,9.7119
67474746800,21.59,-0.002129301687433082,0.01918116847941768,0.0,-0.11772,-0.41202000000000005,9.69228
67479797305,21.59,-0.006387905062299246,-0.021310470166850764,-0.001064650843716541,-0.0981,-0.38259000000000004,9.74133
67484847810,21.59,-0.008517206749732328,-0.046879543708567686,-0.002129301687433082,0.0,-0.40221,9.79038
67489898315,21.59,-0.001064650843716541,-0.044732788728614664,-0.001064650843716541,0.08829,-0.38259000000000004,9.82962
67494948820,21.59,-0.014905111812031574,-0.011711159280881954,-0.001064650843716541,0.14715,-0.38259000000000004,9.84924
67499999325,21.59,-0.01918116847941768,0.021310470166850764,0.0,0.10791,-0.40221,9.78057
67505049830,21.59,-0.02982767691658309,0.05539675045830002,0.0,0.009810000000000001,-0.36297,9.69228
67510100335,21.59,-0.03408628029144926,0.06391395720803235,0.005323254218582705,-0.0981,-0.40221,9.64323
67515150840,21.59,-0.03728023282259888,0.05646140130201656,0.0,-0.21582,-0.41202000000000005,9.66285
67520201345,21.59,-0.03834488366631542,0.04581489286485115,0.001064650843716541,-0.35316,-0.46107000000000004,9.74133
67525251850,21.59,-0.039409534510031964,0.008517206749732328,0.0,-0.41202000000000005,-0.47088,9.91791
67530302355,21.59,-0.04260348704118158,-0.02769837522915001,0.0,-0.38259000000000004,-0.50031,9.96696
67535352860,21.59,-0.04366813788489812,-0.05326744877086694,0.0,-0.27468000000000004,-0.51993,9.97677
67540403365,21.59,-0.044732788728614664,-0.07243116395776468,-0.002129301687433082,-0.0981,-0.57879,9.85905
67545453870,21.59,-0.039409534510031964,-0.07990117315630041,0.0,0.08829,-0.56898,9.760950000000001
67550504375,21.59,-0.033021629447732716,-0.07030186227033158,0.0,0.24525000000000002,-0.57879,9.751140000000001
67555554880,21.59,-0.024504422698000388,-0.054332099614583476,-0.002129301687433082,0.36297,-0.57879,9.85905
67560605385,21.59,-0.0170518667919846,-0.023439771854283843,-0.001064650843716541,0.41202000000000005,-0.5886,9.96696
67565655890,21.59,-0.01918116847941768,0.0170518667919846,-0.004258603374866164,0.33354000000000006,-0.56898,10.025820000000001
67570706395,21.59,-0.015987215948268057,0.060720004676882725,0.0,0.24525000000000002,-0.5591700000000001,10.06506
67575756900,21.59,-0.015987215948268057,0.09587093581204853,0.002129301687433082,0.06867000000000001,-0.5395500000000001,9.937529999999999
67580807405,21.59,-0.01064650843716541,0.11079350091660004,-0.003193952531149623,-0.16677000000000003,-0.49050000000000005,9.83943
67585857910,21.59,-0.003193952531149623,0.10759954838545042,0.0,-0.36297,-0.46107000000000004,9.770760000000001
67590908415,21.59,0.0,0.0852244273748831,0.001064650843716541,-0.57879,-0.45126,9.751140000000001
67595958920,21.59,-0.003193952531149623,0.04366813788489812,0.001064650843716541,-0.6180300000000001,-0.45126,9.751140000000001
67601009425,21.59,-0.015987215948268057,-0.011711159280881954,0.001064650843716541,-0.6670800000000001,-0.41202000000000005,9.83943
67606059930,21.59,-0.01811651763570114,-0.06817256058289851,0.001064650843716541,-0.5591700000000001,-0.46107000000000004,9.85905
67611110435,21.59,-0.021310470166850764,-0.11292280260403312,0.0,-0.32373,-0.47088,9.888480000000001
67616160940,21.59,-0.013840460968315033,-0.14381513036433274,-0.001064650843716541,-0.039240000000000004,-0.45126,9.89829
67621211445,21.59,-0.008517206749732328,-0.14913838458291545,0.0,0.2943,-0.48069000000000006,9.819809999999999
67626261950,21.59,-0.004258603374866164,-0.11398745344774965,0.001064650843716541,0.5591700000000001,-0.50031,9.78057
67631312455,21.59,-0.00958185759344887,-0.06604325889546543,0.0,0.72594,-0.50031,9.73152
67636362960,21.59,-0.0170518667919846,-0.013840460968315033,-0.002129301687433082,0.75537,-0.51993,9.760950000000001
67641413465,21.59,-0.02556907354171693,0.0404741853537485,-0.002129301687433082,0.6768900000000001,-0.50031,9.760950000000001
67646463970,21.59,-0.024504422698000388,0.09267698328089889,-0.001064650843716541,0.45126,-0.50031,9.98658
67651514475,21.59,-0.020245819323134222,0.1288925652597812,0.0,0.21582,-0.50031,10.045440000000001
67656564980,21.59,-0.00958185759344887,0.14700908289548237,0.0,-0.10791,-0.50031,10.045440000000001
67661615485,21.59,-0.00958185759344887,0.14062117783318315,-0.001064650843716541,-0.37278,-0.48069000000000006,9.86886
67666665990,21.59,-0.013840460968315033,0.11079350091660004,0.002129301687433082,-0.56898,-0.49050000000000005,9.68247
67671716495,21.59,-0.01811651763570114,0.07456046564519776,0.0,-0.71613,-0.51012,9.54513
67676767000,21.59,-0.021310470166850764,0.03408628029144926,0.0,-0.8142300000000001,-0.48069000000000006,9.60399
67681817505,21.59,-0.020245819323134222,-0.00958185759344887,0.0,-0.8142300000000001,-0.48069000000000006,9.73152
67686868010,21.59,-0.01811651763570114,-0.060720004676882725,0.0,-0.71613,-0.51993,9.92772
67691918515,21.59,-0.013840460968315033,-0.11824605682261582,0.0,-0.49050000000000005,-0.5493600000000001,9.98658
67696969020,21.59,-0.01918116847941768,-0.14381513036433274,0.001064650843716541,-0.1962,-0.56898,9.97677
67702019525,21.59,-0.01811651763570114,-0.14913838458291545,0.0,0.08829,-0.5886,9.937529999999999
67707070030,21.59,-0.014905111812031574,-0.13102186694721432,-0.001064650843716541,0.37278,-0.60822,9.78057
67712120535,21.59,-0.011711159280881954,-0.09587093581204853,0.0,0.64746,-0.56898,9.73152
67717171040,21.59,0.001064650843716541,-0.05220279792715039,0.0,0.75537,-0.56898,9.7119
67722221545,21.59,0.002129301687433082,0.001064650843716541,-0.001064650843716541,0.7749900000000001,-0.5395500000000001,9.751140000000001
67727272050,21.59,0.004258603374866164,0.05326744877086694,-0.001064650843716541,0.6670800000000001,-0.5395500000000001,9.86886
67732322555,21.59,0.006387905062299246,0.09693558665576507,0.0,0.42183,-0.49050000000000005,9.95715
67737373060,21.59,0.0,0.12463396188491506,-0.002129301687433082,0.18639,-0.47088,9.908100000000001
67742423565,21.59,-0.002129301687433082,0.1278279144160647,-0.001064650843716541,-0.06867000000000001,-0.45126,9.84924
67747474070,21.59,-0.005323254218582705,0.1097288500728835,0.0,-0.31392000000000003,-0.44145,9.770760000000001
67752524575,21.59,-0.006387905062299246,0.0756251164889143,0.0,-0.47088,-0.42183,9.78057
67757575080,21.59,-0.011711159280881954,0.03834488366631542,0.0,-0.56898,-0.46107000000000004,9.87867
67762625585,21.59,-0.015987215948268057,-0.003193952531149623,0.0,-0.59841,-0.48069000000000006,9.97677
67767676090,21.59,-0.020245819323134222,-0.04366813788489812,0.0,-0.51012,-0.51012,10.01601
67772726595,21.59,-0.02982767691658309,-0.07349581480148122,-0.002129301687433082,-0.35316,-0.5591700000000001,10.01601
67777777100,21.59,-0.031956978604016174,-0.09374163412461543,0.003193952531149623,-0.15696000000000002,-0.59841,9.94734
67782827605,21.59,-0.02663372438543347,-0.09587093581204853,-0.001064650843716541,0.039240000000000004,-0.60822,9.85905
67787878110,21.59,-0.01811651763570114,-0.0852244273748831,0.0,0.25506,-0.6180300000000001,9.760950000000001
67792928615,21.59,-0.005323254218582705,-0.05965535383316618,0.001064650843716541,0.41202000000000005,-0.60822,9.67266
67797979120,21.59,0.002129301687433082,-0.03408628029144926,0.0,0.48069000000000006,-0.59841,9.633420000000001
67803029625,21.59,0.002129301687433082,-0.005323254218582705,-0.002129301687433082,0.51012,-0.57879,9.68247
67808080130,21.59,0.006387905062299246,0.023439771854283843,0.0,0.46107000000000004,-0.5395500000000001,9.79038
67813130635,21.59,0.013840460968315033,0.044732788728614664,0.0,0.36297,-0.51993,9.770760000000001
67818181140,21.59,0.015987215948268057,0.05859070298944965,0.0,0.21582,-0.48069000000000006,9.80019
67823231645,21.59,0.021310470166850764,0.05859070298944965,-0.003193952531149623,0.0981,-0.42183,9.68247
67828282150,21.59,0.020245819323134222,0.05859070298944965,0.0,0.0,-0.41202000000000005,9.6138
67833332655,21.59,0.0170518667919846,0.06497860805174888,-0.004258603374866164,-0.12753,-0.3924,9.67266
67838383160,21.59,0.01064650843716541,0.05752605214573309,-0.001064650843716541,-0.23544,-0.37278,9.760950000000001
67843433665,21.59,-0.002129301687433082,0.046879543708567686,-0.001064650843716541,-0.37278,-0.36297,9.819809999999999
67848484170,21.59,-0.008517206749732328,0.06710790973918197,0.001064650843716541,-0.50031,-0.41202000000000005,9.87867
67853534675,21.59,-0.022375121010567305,0.07990117315630041,0.001064650843716541,-0.60822,-0.48069000000000006,9.89829
67858585180,21.59,-0.031956978604016174,0.03728023282259888,0.0,-0.69651,-0.46107000000000004,9.84924
67863635685,21.59,-0.04153883619746504,0.003193952531149623,-0.001064650843716541,-0.72594,-0.49050000000000005,9.78057
67868686190,21.59,-0.039409534510031964,0.005323254218582705,0.0,-0.74556,-0.5395500000000001,9.78057
67873736695,21.59,-0.03728023282259888,-0.015987215948268057,0.0,-0.73575,-0.59841,9.78057
67878787200,21.59,-0.03408628029144926,-0.07136651311404815,0.0,-0.59841,-0.64746,9.89829
67883837705,21.59,-0.04153883619746504,-0.11931070766633237,-0.001064650843716541,-0.3924,-0.6867000000000001,10.17297
67888888210,21.59,-0.03408628029144926,-0.14275047952061623,0.001064650843716541,-0.11772,-0.73575,10.23183
67893938715,21.59,-0.028763026072866547,-0.1416858286768997,-0.001064650843716541,0.18639,-0.7749900000000001,10.23183
67898989220,21.59,-0.007452555906015787,-0.15659094048893124,0.001064650843716541,0.49050000000000005,-0.7651800000000001,10.15335
67904039725,21.59,0.007452555906015787,-0.1416858286768997,-0.001064650843716541,0.84366,-0.75537,9.97677
67909090230,21.59,0.02556907354171693,-0.10012953918691468,-0.002129301687433082,1.03986,-0.73575,9.95715
67914140735,21.59,0.03621558197888234,-0.04153883619746504,-0.002129301687433082,1.1870100000000001,-0.6670800000000001,9.83943
67919191240,21.59,0.044732788728614664,0.033021629447732716,-0.003193952531149623,1.1477700000000002,-0.5886,9.78057
67924241745,21.59,0.05007349623971732,0.1278279144160647,-0.002129301687433082,0.9123300000000001,-0.5395500000000001,9.770760000000001
67929292250,21.59,0.04581489286485115,0.17683675981206545,0.0,0.56898,-0.49050000000000005,9.82962
67934342755,21.59,0.044732788728614664,0.19387117331153014,-0.001064650843716541,0.11772,-0.38259000000000004,9.81
67939393260,21.59,0.044732788728614664,0.19280652246781357,-0.002129301687433082,-0.26487,-0.35316,9.69228
67944443765,21.59,0.03728023282259888,0.18216001403064813,-0.002129301687433082,-0.63765,-0.28449,9.64323
67949494270,21.59,0.03408628029144926,0.14913838458291545,0.0,-0.89271,-0.27468000000000004,9.48627
67954544775,21.59,0.02556907354171693,0.07883652231258387,0.0,-1.05948,-0.25506,9.38817
67959595280,21.59,0.0,0.012775810124598492,-0.003193952531149623,-1.08891,-0.24525000000000002,9.38817
67964645785,21.59,-0.021310470166850764,-0.04153883619746504,-0.003193952531149623,-1.04967,-0.31392000000000003,9.55494
67969696290,21.59,-0.02769837522915001,-0.08841837990603273,0.001064650843716541,-0.87309,-0.36297,9.67266
67974746795,21.59,-0.0404741853537485,-0.12676326357234816,-0.001064650843716541,-0.65727,-0.41202000000000005,9.80019
67979797300,21.59,-0.04366813788489812,-0.16617279808238014,0.001064650843716541,-0.33354000000000006,-0.51012,9.83943
67984847805,21.59,-0.04260348704118158,-0.18535396656179778,0.0,0.02943,-0.59841,9.85905
67989898310,21.59,-0.03834488366631542,-0.16404349639494703,-0.001064650843716541,0.41202000000000005,-0.6670800000000001,9.87867
67994948815,21.59,-0.03834488366631542,-0.11185815176031658,-0.001064650843716541,0.64746,-0.6768900000000001,9.91791
67999999320,21.59,-0.03515093113516579,-0.05220279792715039,0.0,0.75537,-0.71613,10.006200000000002
68005049825,21.59,-0.02982767691658309,-0.006387905062299246,0.0,0.7848,-0.73575,10.06506
68010100330,21.59,-0.01811651763570114,0.031956978604016174,-0.001064650843716541,0.72594,-0.75537,10.143540000000002
68015150835,21.59,-0.001064650843716541,0.06497860805174888,0.0,0.56898,-0.73575,10.212209999999999
68020201340,21.59,0.01064650843716541,0.08203047484373349,0.0,0.38259000000000004,-0.73575,10.182780000000001
68025251845,21.59,0.020245819323134222,0.09054768159346581,0.0,0.20601000000000003,-0.6867000000000001,10.1043
68030302350,21.59,0.02769837522915001,0.09800023749948161,0.0,0.02943,-0.60822,10.025820000000001
68035352855,21.59,0.03621558197888234,0.08415977653116657,0.0,-0.16677000000000003,-0.60822,9.908100000000001
68040403360,21.59,0.04153883619746504,0.060720004676882725,0.0,-0.30411,-0.5395500000000001,9.84924
68045453865,21.59,0.039409534510031964,0.05539675045830002,0.0,-0.37278,-0.50031,9.819809999999999
68050504370,21.59,0.03728023282259888,0.05752605214573309,0.0,-0.49050000000000005,-0.49050000000000005,9.908100000000001
68055554875,21.59,0.04153883619746504,0.04260348704118158,0.0,-0.59841,-0.45126,9.937529999999999
68060605380,21.59,0.04260348704118158,0.015987215948268057,0.0,-0.65727,-0.41202000000000005,9.819809999999999
68065655885,21.59,0.031956978604016174,-0.007452555906015787,0.0,-0.60822,-0.42183,9.74133
68070706390,21.59,0.022375121010567305,-0.04153883619746504,0.0,-0.51012,-0.3924,9.70209
68075756895,21.59,0.0170518667919846,-0.06923721142661506,0.0,-0.34335000000000004,-0.41202000000000005,9.55494
68080807400,21.59,0.015987215948268057,-0.09054768159346581,0.0,-0.18639,-0.42183,9.623610000000001
68085857905,21.59,0.011711159280881954,-0.1171814059788993,0.0,0.0,-0.43164,9.73152
68090908410,21.59,0.004258603374866164,-0.13849187614575004,0.0,0.27468000000000004,-0.46107000000000004,9.85905
68095958915,21.59,0.007452555906015787,-0.1374272253020335,0.0,0.57879,-0.49050000000000005,9.87867
68101009420,21.59,0.001064650843716541,-0.09587093581204853,0.0,0.7848,-0.51012,9.85905
68106059925,21.59,0.003193952531149623,-0.03621558197888234,0.0,0.89271,-0.52974,9.84924
68111110430,21.59,0.0,0.03834488366631542,0.0,0.86328,-0.52974,9.73152
68116160935,21.59,0.006387905062299246,0.10866419922916695,0.0,0.65727,-0.52974,9.751140000000001
68121211440,21.59,0.011711159280881954,0.16617279808238014,0.0,0.33354000000000006,-0.50031,9.69228
68126261945,21.59,0.011711159280881954,0.18961256993666398,0.0,-0.04905,-0.49050000000000005,9.68247
68131312450,21.59,0.005323254218582705,0.18428931571808121,0.0,-0.46107000000000004,-0.48069000000000006,9.7119
68136362955,21.59,0.003193952531149623,0.1480737337391989,0.0,-0.7651800000000001,-0.50031,9.760950000000001
68141413460,21.59,0.01064650843716541,0.07990117315630041,0.0,-0.9613800000000001,-0.48069000000000006,9.80019
68146463965,21.59,0.012775810124598492,-0.011711159280881954,0.0,-0.9711900000000001,-0.50031,9.751140000000001
68151514470,21.59,0.012775810124598492,-0.09374163412461543,0.0,-0.80442,-0.51012,9.751140000000001
68156564975,21.59,0.01064650843716541,-0.14594443205176583,0.0,-0.47088,-0.51012,9.819809999999999
68161615480,21.59,0.008517206749732328,-0.1555262896452147,0.0,-0.17658,-0.5493600000000001,9.91791
68166665985,21.59,0.00958185759344887,-0.1480737337391989,0.0,0.12753,-0.56898,9.96696
68171716490,21.59,0.005323254218582705,-0.11931070766633237,0.0,0.38259000000000004,-0.57879,10.006200000000002
68176766995,21.59,0.001064650843716541,-0.08309512568745003,0.0,0.57879,-0.6278400000000001,9.99639
68181817500,21.59,0.00958185759344887,-0.04581489286485115,0.0,0.6867000000000001,-0.59841,9.94734
68186868005,21.59,0.01918116847941768,-0.003193952531149623,0.0,0.70632,-0.57879,9.91791
68191918510,21.59,0.03408628029144926,0.03089232776029963,0.0,0.64746,-0.5493600000000001,9.86886
68196969015,21.59,0.03728023282259888,0.05752605214573309,0.0,0.51993,-0.51993,9.819809999999999
68202019520,21.59,0.03728023282259888,0.0852244273748831,0.0,0.35316,-0.51012,9.82962
68207070025,21.59,0.03408628029144926,0.11824605682261582,0.0,0.11772,-0.49050000000000005,9.819809999999999
68212120530,21.59,0.02663372438543347,0.1416858286768997,0.0,-0.16677000000000003,-0.44145,9.85905
68217171035,21.59,0.023439771854283843,0.13421581947836395,0.0,-0.40221,-0.44145,9.85905
68222221540,21.59,0.022375121010567305,0.10438814256178083,0.0,-0.65727,-0.45126,9.78057
68227272045,21.59,0.020245819323134222,0.05007349623971732,0.0,-0.7651800000000001,-0.43164,9.73152
68232322550,21.59,0.014905111812031574,-0.015987215948268057,0.0,-0.72594,-0.42183,9.6138
68237373055,21.59,0.01918116847941768,-0.08096582400001695,0.0,-0.59841,-0.43164,9.64323
68242423560,21.59,0.021310470166850764,-0.12676326357234816,0.0,-0.32373,-0.44145,9.69228
68247474065,21.59,0.022375121010567305,-0.14062117783318315,0.0,-0.039240000000000004,-0.48069000000000006,9.73152
68252524570,21.59,0.01918116847941768,-0.13208651779093086,0.0,0.1962,-0.48069000000000006,9.78057
68257575075,21.59,0.0170518667919846,-0.08841837990603273,0.0,0.42183,-0.50031,9.81
68262625580,21.59,0.013840460968315033,-0.039409534510031964,0.0,0.5493600000000001,-0.52974,9.82962
68267676085,21.59,0.008517206749732328,-0.003193952531149623,0.0,0.56898,-0.49050000000000005,9.79038
68272726590,21.59,0.011711159280881954,0.015987215948268057,0.0,0.49050000000000005,-0.51012,9.79038
68277777095,21.59,0.01918116847941768,0.039409534510031964,0.0,0.41202000000000005,-0.50031,9.81
68282827600,21.59,0.024504422698000388,0.049008845396000776,0.0,0.2943,-0.50031,9.888480000000001
68287878105,21.59,0.03089232776029963,0.05859070298944965,0.0,0.14715,-0.49050000000000005,9.96696
68292928610,21.59,0.02663372438543347,0.07883652231258387,0.0,-0.02943,-0.51012,10.01601
68297979115,21.59,0.014905111812031574,0.08735372906231618,0.0,-0.17658,-0.50031,10.06506
68303029620,21.59,0.007452555906015787,0.07243116395776468,0.0,-0.36297,-0.49050000000000005,9.98658
68308080125,21.59,0.003193952531149623,0.04366813788489812,0.0,-0.44145,-0.50031,9.819809999999999
68313130630,21.59,0.006387905062299246,0.001064650843716541,0.0,-0.42183,-0.51012,9.72171
68318181135,21.59,0.021310470166850764,-0.04581489286485115,0.0,-0.34335000000000004,-0.48069000000000006,9.760950000000001
68323231640,21.59,0.028763026072866547,-0.07456046564519776,0.0,-0.1962,-0.51012,9.82962
68328282145,21.59,0.0404741853537485,-0.08203047484373349,0.0,-0.039240000000000004,-0.5591700000000001,9.98658
68333332650,21.59,0.03408628029144926,-0.06284930636431581,0.0,0.08829,-0.50031,10.074869999999999
68338383155,21.59,0.03089232776029963,-0.031956978604016174,0.0,0.20601000000000003,-0.5591700000000001,9.95715
68343433660,21.59,0.01918116847941768,0.002129301687433082,0.0,0.1962,-0.5395500000000001,9.770760000000001
68348484165,21.59,0.01918116847941768,0.02663372438543347,0.0,0.15696000000000002,-0.50031,9.64323
68353534670,21.59,0.031956978604016174,0.02663372438543347,0.0,0.0981,-0.46107000000000004,9.57456
68358585175,21.59,0.049008845396000776,0.008517206749732328,0.0,0.05886,-0.43164,9.633420000000001
68363635680,21.59,0.06391395720803235,0.0,0.0,0.04905,-0.41202000000000005,9.81
68368686185,21.59,0.05539675045830002,-0.001064650843716541,0.0,0.05886,-0.3924,9.937529999999999
68373736690,21.59,0.0404741853537485,0.012775810124598492,0.0,0.04905,-0.42183,9.94734
68378787195,21.59,0.022375121010567305,0.02982767691658309,0.0,-0.019620000000000002,-0.38259000000000004,9.87867
68383837700,21.59,0.011711159280881954,0.03834488366631542,0.0,-0.05886,-0.3924,9.60399
68388888205,21.59,0.020245819323134222,0.022375121010567305,0.0,-0.11772,-0.37278,9.496080000000001
68393938710,21.59,0.03408628029144926,0.002129301687433082,0.0,-0.08829,-0.37278,9.54513
68398989215,21.59,0.03834488366631542,-0.023439771854283843,0.0,-0.0981,-0.3924,9.72171
68404039720,21.59,0.02663372438543347,-0.023439771854283843,0.0,-0.039240000000000004,-0.40221,9.937529999999999
68409090225,21.59,0.011711159280881954,-0.01811651763570114,0.0,-0.039240000000000004,-0.43164,9.98658
68414140730,21.59,-0.004258603374866164,-0.00958185759344887,0.0,0.019620000000000002,-0.45126,9.96696
68419191235,21.59,-0.004258603374866164,-0.006387905062299246,0.0,0.039240000000000004,-0.47088,9.91791
68424241740,21.59,0.003193952531149623,-0.005323254218582705,0.0,0.06867000000000001,-0.49050000000000005,9.85905
68429292245,21.59,0.020245819323134222,-0.00958185759344887,0.0,0.06867000000000001,-0.48069000000000006,9.74133
68434342750,21.59,0.03089232776029963,-0.006387905062299246,0.0,0.11772,-0.51012,9.74133
68439393255,21.59,0.02982767691658309,0.002129301687433082,0.0,0.04905,-0.51993,9.79038
68444443760,21.59,0.01811651763570114,0.012775810124598492,0.0,0.04905,-0.52974,9.83943
68449494265,21.59,0.015987215948268057,0.011711159280881954,0.0,0.02943,-0.51993,10.025820000000001
68454544770,21.59,0.022375121010567305,0.007452555906015787,0.0,0.0,-0.51012,10.08468
68459595275,21.59,0.03515093113516579,0.006387905062299246,0.0,0.0,-0.50031,9.937529999999999
68464645780,21.59,0.046879543708567686,0.003193952531149623,0.0,-0.009810000000000001,-0.49050000000000005,9.84924
68469696285,21.59,0.05220279792715039,0.01064650843716541,0.0,0.009810000000000001,-0.43164,9.770760000000001
68474746790,21.59,0.05007349623971732,0.020245819323134222,0.0,-0.05886,-0.44145,9.70209
68479797295,21.59,0.0404741853537485,0.015987215948268057,0.0,-0.0981,-0.40221,9.80019
68484847800,21.59,0.02663372438543347,0.0,0.0,-0.10791,-0.41202000000000005,9.83943
68489898305,21.59,0.02769837522915001,-0.020245819323134222,0.0,-0.0981,-0.41202000000000005,9.937529999999999
68494948810,21.59,0.03408628029144926,-0.033021629447732716,0.0,0.0,-0.41202000000000005,9.98658
68499999315,21.59,0.04794419455228423,-0.02769837522915001,0.0,0.039240000000000004,-0.3924,9.97677
68505049820,21.59,0.05113814708343386,-0.01064650843716541,0.0,0.0981,-0.40221,9.86886
68510100325,21.59,0.04153883619746504,-0.003193952531149623,0.0,0.0981,-0.40221,9.81
68515150830,21.59,0.02982767691658309,0.002129301687433082,0.0,0.08829,-0.41202000000000005,9.68247
68520201335,21.59,0.01918116847941768,0.008517206749732328,0.0,0.0981,-0.40221,9.55494
68525251840,21.59,0.01918116847941768,0.011711159280881954,0.0,0.06867000000000001,-0.40221,9.69228
68530302345,21.59,0.033021629447732716,0.008517206749732328,0.0,0.019620000000000002,-0.41202000000000005,9.84924
68535352850,21.59,0.04581489286485115,0.007452555906015787,0.0,0.019620000000000002,-0.41202000000000005,10.006200000000002
68540403355,21.59,0.04260348704118158,0.0,0.0,-0.009810000000000001,-0.43164,10.05525
68545453860,21.59,0.03728023282259888,0.004258603374866164,0.0,0.0,-0.41202000000000005,9.87867
68550504365,21.59,0.02769837522915001,0.011711159280881954,0.0,0.0,-0.41202000000000005,9.56475
68555554870,21.59,0.023439771854283843,0.013840460968315033,0.0,-0.009810000000000001,-0.40221,9.48627
68560605375,21.59,0.023439771854283843,0.007452555906015787,0.0,0.009810000000000001,-0.38259000000000004,9.5157
68565655880,21.59,0.03728023282259888,-0.006387905062299246,0.0,-0.02943,-0.37278,9.72171
68570706385,21.59,0.04794419455228423,-0.00958185759344887,0.0,-0.019620000000000002,-0.40221,9.98658
68575756890,21.59,0.046879543708567686,-0.008517206749732328,0.0,-0.04905,-0.40221,10.11411
68580807395,21.59,0.03621558197888234,-0.007452555906015787,0.0,-0.019620000000000002,-0.40221,10.006200000000002
68585857900,21.59,0.024504422698000388,-0.006387905062299246,0.0,0.019620000000000002,-0.40221,9.82962
68590908405,21.59,0.01811651763570114,0.011711159280881954,0.0,0.04905,-0.41202000000000005,9.633420000000001
68595958910,21.59,0.02556907354171693,0.01918116847941768,0.0,0.019620000000000002,-0.37278,9.54513
68601009415,21.59,0.03515093113516579,0.013840460968315033,0.0,-0.039240000000000004,-0.3924,9.69228
68606059920,21.59,0.04153883619746504,-0.006387905062299246,0.0,-0.06867000000000001,-0.37278,9.82962
68611110425,21.59,0.04581489286485115,-0.024504422698000388,0.0,0.009810000000000001,-0.37278,9.96696
68616160930,21.59,0.03621558197888234,-0.02982767691658309,0.0,0.02943,-0.38259000000000004,10.06506
68621211435,21.59,0.02769837522915001,-0.014905111812031574,0.0,0.06867000000000001,-0.37278,10.025820000000001
68626261940,21.59,0.022375121010567305,0.0,0.0,0.0981,-0.41202000000000005,9.95715
68631312445,21.59,0.021310470166850764,0.004258603374866164,0.0,0.08829,-0.40221,9.87867
68636362950,21.59,0.03515093113516579,0.001064650843716541,0.0,0.0981,-0.41202000000000005,9.760950000000001
68641413455,21.59,0.04260348704118158,0.001064650843716541,0.0,0.12753,-0.3924,9.67266
68646463960,21.59,0.0404741853537485,0.005323254218582705,0.0,0.06867000000000001,-0.3924,9.908100000000001
68651514465,21.59,0.03834488366631542,0.013840460968315033,0.0,0.06867000000000001,-0.40221,10.01601
68656564970,21.59,0.033021629447732716,0.01918116847941768,0.0,0.0,-0.3924,10.025820000000001
68661615475,21.59,0.031956978604016174,0.022375121010567305,0.0,-0.04905,-0.41202000000000005,9.97677
68666665980,21.59,0.03728023282259888,0.008517206749732328,0.0,-0.05886,-0.3924,9.81
68671716485,21.59,0.04366813788489812,-0.007452555906015787,0.0,-0.02943,-0.37278,9.67266
68676766990,21.59,0.05859070298944965,-0.006387905062299246,0.0,0.009810000000000001,-0.36297,9.623610000000001
68681817495,21.59,0.06391395720803235,-0.001064650843716541,-0.005323254218582705,0.02943,-0.33354000000000006,9.59418
68686868000,21.59,0.05539675045830002,0.0,0.0,0.0,-0.32373,9.73152
68691918505,21.59,0.04581489286485115,-0.006387905062299246,0.0,-0.009810000000000001,-0.32373,9.819809999999999
68696969010,21.59,0.03834488366631542,-0.008517206749732328,0.0,0.009810000000000001,-0.32373,9.83943
68702019515,21.59,0.03621558197888234,-0.002129301687433082,0.0,0.0,-0.30411,9.81
68707070020,21.59,0.04153883619746504,0.003193952531149623,0.004258603374866164,0.009810000000000001,-0.28449,9.85905
68712120525,21.59,0.04794419455228423,0.003193952531149623,0.0,0.019620000000000002,-0.27468000000000004,9.74133
68717171030,21.59,0.054332099614583476,0.002129301687433082,0.0,0.009810000000000001,-0.2943,9.623610000000001
68722221535,21.59,0.0404741853537485,0.0,0.001064650843716541,0.04905,-0.25506,9.58437
68727272040,21.59,0.02982767691658309,0.005323254218582705,-0.001064650843716541,0.02943,-0.26487,9.64323
68732322545,21.59,0.020245819323134222,0.008517206749732328,-0.003193952531149623,0.0,-0.31392000000000003,9.80019
68737373050,21.59,0.023439771854283843,0.005323254218582705,0.0,-0.019620000000000002,-0.31392000000000003,9.96696
68742423555,21.59,0.028763026072866547,-0.001064650843716541,0.0,-0.04905,-0.33354000000000006,10.01601
68747474060,21.59,0.028763026072866547,-0.014905111812031574,0.0,0.0,-0.36297,9.99639
68752524565,21.59,0.03089232776029963,-0.014905111812031574,-0.004258603374866164,0.009810000000000001,-0.37278,9.95715
68757575070,21.59,0.033021629447732716,-0.006387905062299246,-0.002129301687433082,0.07848000000000001,-0.41202000000000005,9.819809999999999
68762625575,21.59,0.023439771854283843,0.008517206749732328,-0.002129301687433082,0.04905,-0.3924,9.79038
68767676080,21.59,0.024504422698000388,0.005323254218582705,0.001064650843716541,0.039240000000000004,-0.40221,9.87867
68772726585,21.59,0.02982767691658309,-0.011711159280881954,0.0,0.04905,-0.41202000000000005,9.89829
68777777090,21.59,0.03728023282259888,-0.02556907354171693,-0.001064650843716541,0.08829,-0.40221,9.97677
68782827595,21.59,0.044732788728614664,-0.02663372438543347,0.0,0.15696000000000002,-0.41202000000000005,10.06506
68787878100,21.59,0.05326744877086694,-0.014905111812031574,0.0,0.20601000000000003,-0.3924,10.045440000000001
68792928605,21.59,0.06497860805174888,0.002129301687433082,-0.001064650843716541,0.21582,-0.36297,9.89829
68797979110,21.59,0.05859070298944965,0.020245819323134222,-0.001064650843716541,0.17658,-0.34335000000000004,9.70209
68803029615,21.59,0.05220279792715039,0.02982767691658309,0.0,0.10791,-0.2943,9.58437
68808080120,21.59,0.05539675045830002,0.03515093113516579,0.0,0.039240000000000004,-0.28449,9.60399
68813130625,21.59,0.060720004676882725,0.04260348704118158,-0.001064650843716541,-0.039240000000000004,-0.25506,9.751140000000001
68818181130,21.59,0.06817256058289851,0.044732788728614664,0.0,-0.11772,-0.22563,9.80019
68823231635,21.59,0.05965535383316618,0.02663372438543347,-0.001064650843716541,-0.24525000000000002,-0.1962,9.888480000000001
68828282140,21.59,0.05646140130201656,0.001064650843716541,-0.003193952531149623,-0.20601000000000003,-0.20601000000000003,9.83943
68833332645,21.59,0.049008845396000776,-0.013840460968315033,0.0,-0.15696000000000002,-0.21582,9.64323
68838383150,21.59,0.039409534510031964,-0.014905111812031574,0.0,-0.10791,-0.18639,9.47646
68843433655,21.59,0.03728023282259888,-0.020245819323134222,0.0,-0.05886,-0.20601000000000003,9.56475
68848484160,21.59,0.044732788728614664,-0.03728023282259888,0.0,-0.009810000000000001,-0.20601000000000003,9.623610000000001
68853534665,21.59,0.031956978604016174,-0.04366813788489812,-0.003193952531149623,0.05886,-0.24525000000000002,9.81
68858585170,21.59,0.024504422698000388,-0.04366813788489812,0.0,0.13734000000000002,-0.25506,9.95715
68863635675,21.59,0.024504422698000388,-0.033021629447732716,0.0,0.21582,-0.30411,10.006200000000002
68868686180,21.59,0.021310470166850764,-0.0170518667919846,0.002129301687433082,0.24525000000000002,-0.33354000000000006,10.045440000000001
68873736685,21.59,0.020245819323134222,0.002129301687433082,-0.003193952531149623,0.26487,-0.33354000000000006,9.97677
68878787190,21.59,0.023439771854283843,0.012775810124598492,0.0,0.22563,-0.35316,9.84924
68883837695,21.59,0.03089232776029963,0.014905111812031574,0.0,0.1962,-0.37278,9.80019
68888888200,21.59,0.031956978604016174,0.03408628029144926,-0.001064650843716541,0.13734000000000002,-0.36297,9.819809999999999
68893938705,21.59,0.04153883619746504,0.04794419455228423,-0.001064650843716541,0.04905,-0.36297,9.84924
68898989210,21.59,0.04794419455228423,0.03728023282259888,-0.001064650843716541,-0.05886,-0.36297,9.99639
68904039715,21.59,0.03834488366631542,0.020245819323134222,-0.002129301687433082,-0.0981,-0.34335000000000004,10.06506
68909090220,21.59,0.05220279792715039,0.008517206749732328,-0.002129301687433082,-0.12753,-0.33354000000000006,10.006200000000002
68914140725,21.59,0.05859070298944965,0.003193952531149623,-0.001064650843716541,-0.0981,-0.32373,9.82962
68919191230,21.59,0.06604325889546543,0.0,0.001064650843716541,-0.10791,-0.31392000000000003,9.66285
68924241735,21.59,0.06604325889546543,-0.002129301687433082,-0.001064650843716541,-0.07848000000000001,-0.24525000000000002,9.57456
68929292240,21.59,0.07030186227033158,-0.011711159280881954,-0.002129301687433082,-0.039240000000000004,-0.21582,9.623610000000001
68934342745,21.59,0.07136651311404815,-0.024504422698000388,-0.002129301687433082,0.0,-0.1962,9.67266
68939393250,21.59,0.06497860805174888,-0.023439771854283843,0.0,0.04905,-0.14715,9.751140000000001
68944443755,21.59,0.05859070298944965,-0.014905111812031574,-0.001064650843716541,0.04905,-0.18639,9.83943
68949494260,21.59,0.05646140130201656,-0.008517206749732328,0.002129301687433082,0.07848000000000001,-0.14715,9.86886
68954544765,21.59,0.05326744877086694,-0.008517206749732328,0.0,0.08829,-0.15696000000000002,9.81
68959595270,21.59,0.046879543708567686,-0.01064650843716541,0.0,0.12753,-0.14715,9.78057
68964645775,21.59,0.044732788728614664,-0.01064650843716541,-0.001064650843716541,0.15696000000000002,-0.16677000000000003,9.73152
68969696280,21.59,0.03621558197888234,0.003193952531149623,0.0,0.16677000000000003,-0.17658,9.65304
68974746785,21.59,0.03515093113516579,0.015987215948268057,-0.001064650843716541,0.11772,-0.20601000000000003,9.80019
68979797290,21.59,0.02663372438543347,0.015987215948268057,0.0,0.07848000000000001,-0.20601000000000003,9.85905
68984847795,21.59,0.024504422698000388,0.008517206749732328,0.0,0.039240000000000004,-0.24525000000000002,9.937529999999999
68989898300,21.59,0.02982767691658309,0.003193952531149623,0.0,0.009810000000000001,-0.28449,10.006200000000002
68994948805,21.59,0.028763026072866547,0.0,-0.001064650843716541,0.039240000000000004,-0.28449,9.888480000000001
68999999310,21.59,0.03621558197888234,0.0,0.0,0.04905,-0.28449,9.73152
69005049815,21.59,0.039409534510031964,0.0,-0.003193952531149623,0.04905,-0.2943,9.73152
69010100320,21.59,0.04260348704118158,0.001064650843716541,0.0,0.06867000000000001,-0.30411,9.73152
69015150825,21.59,0.039409534510031964,0.004258603374866164,0.0,0.039240000000000004,-0.27468000000000004,9.751140000000001
69020201330,21.59,0.046879543708567686,0.002129301687433082,-0.001064650843716541,0.02943,-0.28449,9.888480000000001
69025251835,21.59,0.05326744877086694,-0.001064650843716541,-0.002129301687433082,0.04905,-0.21582,9.91791
69030302340,21.59,0.060720004676882725,0.005323254218582705,-0.001064650843716541,0.0,-0.20601000000000003,9.888480000000001
69035352845,21.59,0.06284930636431581,0.007452555906015787,-0.003193952531149623,-0.009810000000000001,-0.1962,9.86886
69040403350,21.59,0.06497860805174888,0.002129301687433082,0.0,0.0,-0.1962,9.79038
69045453855,21.59,0.05965535383316618,0.001064650843716541,0.0,0.0,-0.15696000000000002,9.69228
69050504360,21.59,0.05752605214573309,0.0,0.003193952531149623,-0.009810000000000001,-0.16677000000000003,9.760950000000001
69055554865,21.59,0.05113814708343386,-0.01064650843716541,0.0,0.0,-0.10791,9.78057
69060605370,21.59,0.05646140130201656,-0.023439771854283843,0.0,0.04905,-0.13734000000000002,9.83943
69065655875,21.59,0.05539675045830002,-0.01918116847941768,-0.001064650843716541,0.07848000000000001,-0.13734000000000002,9.99639
69070706380,21.59,0.04794419455228423,-0.013840460968315033,0.0,0.08829,-0.13734000000000002,9.99639
69075756885,21.59,0.044732788728614664,-0.01064650843716541,0.0,0.13734000000000002,-0.18639,9.85905
69080807390,21.59,0.039409534510031964,-0.001064650843716541,-0.003193952531149623,0.15696000000000002,-0.18639,9.82962
69085857895,21.59,0.039409534510031964,0.003193952531149623,-0.002129301687433082,0.14715,-0.17658,9.7119
69090908400,21.59,0.04366813788489812,0.006387905062299246,0.001064650843716541,0.16677000000000003,-0.17658,9.623610000000001
69095958905,21.59,0.044732788728614664,0.015987215948268057,0.0,0.15696000000000002,-0.21582,9.78057
69101009410,21.59,0.04153883619746504,0.01918116847941768,-0.002129301687433082,0.07848000000000001,-0.20601000000000003,9.86886
69106059915,21.59,0.05326744877086694,0.01918116847941768,0.001064650843716541,0.039240000000000004,-0.20601000000000003,9.82962
69111110420,21.59,0.04794419455228423,0.01064650843716541,-0.001064650843716541,-0.009810000000000001,-0.18639,9.84924
69116160925,21.59,0.049008845396000776,-0.003193952531149623,-0.001064650843716541,-0.009810000000000001,-0.20601000000000003,9.770760000000001
69121211430,21.59,0.05113814708343386,-0.003193952531149623,-0.002129301687433082,0.039240000000000004,-0.17658,9.66285
69126261935,21.59,0.05539675045830002,0.007452555906015787,0.0,0.039240000000000004,-0.16677000000000003,9.74133
69131312440,21.59,0.05539675045830002,0.003193952531149623,-0.001064650843716541,0.009810000000000001,-0.15696000000000002,9.770760000000001
69136362945,21.59,0.05326744877086694,-0.005323254218582705,0.0,0.0,-0.15696000000000002,9.79038
69141413450,21.59,0.05220279792715039,-0.01918116847941768,-0.001064650843716541,0.019620000000000002,-0.13734000000000002,9.888480000000001
69146463955,21.59,0.04794419455228423,-0.024504422698000388,-0.002129301687433082,0.07848000000000001,-0.14715,9.91791
69151514460,21.59,0.04794419455228423,-0.008517206749732328,-0.001064650843716541,0.10791,-0.13734000000000002,9.95715
69156564965,21.59,0.049008845396000776,0.006387905062299246,0.0,0.10791,-0.13734000000000002,9.92772
69161615470,21.59,0.05007349623971732,0.008517206749732328,0.001064650843716541,0.07848000000000001,-0.15696000000000002,9.82962
69166665975,21.59,0.05007349623971732,0.003193952531149623,0.001064650843716541,0.06867000000000001,-0.15696000000000002,9.751140000000001
69171716480,21.59,0.044732788728614664,-0.007452555906015787,0.0,0.0981,-0.13734000000000002,9.74133
69176766985,21.59,0.04581489286485115,-0.012775810124598492,-0.003193952531149623,0.13734000000000002,-0.14715,9.73152
69181817490,21.59,0.05113814708343386,0.0,-0.002129301687433082,0.12753,-0.13734000000000002,9.85905
69186867995,21.59,0.05220279792715039,0.011711159280881954,0.0,0.10791,-0.14715,9.94734
69191918500,21.59,0.05752605214573309,0.012775810124598492,0.0,0.05886,-0.14715,9.85905
69196969005,21.59,0.05539675045830002,0.006387905062299246,0.0,0.04905,-0.12753,9.751140000000001
69202019510,21.59,0.05220279792715039,-0.003193952531149623,0.0,0.05886,-0.10791,9.751140000000001
69207070015,21.59,0.05965535383316618,-0.001064650843716541,0.0,0.08829,-0.0981,9.633420000000001
69212120520,21.59,0.054332099614583476,0.0,0.0,0.08829,-0.10791,9.67266
69217171025,21.59,0.05752605214573309,-0.004258603374866164,0.0,0.0981,-0.10791,9.770760000000001
69222221530,21.59,0.054332099614583476,0.003193952531149623,0.0,0.08829,-0.08829,9.87867
69227272035,21.59,0.05326744877086694,-0.004258603374866164,0.0,0.06867000000000001,-0.08829,10.01601
69232322540,21.59,0.04581489286485115,-0.004258603374866164,0.0,0.08829,-0.11772,9.98658
69237373045,21.59,0.04794419455228423,0.003193952531149623,0.0,0.06867000000000001,-0.0981,9.85905
69242423550,21.59,0.046879543708567686,0.002129301687433082,0.0,0.07848000000000001,-0.10791,9.770760000000001
69247474055,21.59,0.05220279792715039,0.005323254218582705,0.0,0.07848000000000001,-0.11772,9.66285
69252524560,21.59,0.05113814708343386,0.01064650843716541,0.0,0.08829,-0.12753,9.73152
69257575065,21.59,0.05326744877086694,0.007452555906015787,0.0,0.02943,-0.10791,9.89829
69262625570,21.59,0.05007349623971732,0.008517206749732328,0.0,0.02943,-0.10791,9.937529999999999
69267676075,21.59,0.046879543708567686,0.0,0.0,0.0,-0.12753,9.85905
69272726580,21.59,0.04794419455228423,-0.011711159280881954,0.0,0.019620000000000002,-0.07848000000000001,9.770760000000001
69277777085,21.59,0.05752605214573309,-0.0170518667919846,0.0,0.08829,-0.08829,9.7119
69282827590,21.59,0.06178465552059926,-0.007452555906015787,0.0,0.12753,-0.07848000000000001,9.69228
69287878095,21.59,0.06497860805174888,-0.001064650843716541,0.0,0.12753,-0.04905,9.770760000000001
69292928600,21.59,0.06284930636431581,0.00958185759344887,0.0,0.08829,-0.04905,9.82962
69297979105,21.59,0.05220279792715039,0.007452555906015787,0.0,0.06867000000000001,-0.02943,9.81
69303029610,21.59,0.04260348704118158,0.005323254218582705,0.0,0.04905,-0.06867000000000001,9.87867
69308080115,21.59,0.04153883619746504,-0.003193952531149623,0.0,0.08829,-0.06867000000000001,9.84924
69313130620,21.59,0.05539675045830002,-0.011711159280881954,0.0,0.0981,-0.04905,9.86886
69318181125,21.59,0.05752605214573309,-0.004258603374866164,0.0,0.07848000000000001,-0.05886,9.937529999999999
69323231630,21.59,0.06497860805174888,-0.001064650843716541,0.0,0.0981,-0.05886,9.89829
69328282135,21.59,0.05752605214573309,0.007452555906015787,0.0,0.08829,-0.06867000000000001,9.770760000000001
69333332640,21.59,0.04153883619746504,0.011711159280881954,0.0,0.07848000000000001,-0.07848000000000001,9.751140000000001
69338383145,21.59,0.03834488366631542,0.007452555906015787,0.0,0.08829,-0.04905,9.68247
69343433650,21.59,0.039409534510031964,0.0,0.0,0.05886,-0.06867000000000001,9.751140000000001
69348484155,21.59,0.054332099614583476,-0.014905111812031574,0.0,0.06867000000000001,-0.04905,9.83943
69353534660,21.59,0.06817256058289851,-0.02769837522915001,0.0,0.10791,-0.05886,9.83943
69358585165,21.59,0.06817256058289851,-0.0170518667919846,0.0,0.1962,-0.02943,9.83943
69363635670,21.59,0.06817256058289851,0.001064650843716541,0.0,0.20601000000000003,-0.019620000000000002,9.819809999999999
69368686175,21.59,0.05113814708343386,0.028763026072866547,0.0,0.16677000000000003,-0.009810000000000001,9.70209
69373736680,21.59,0.04153883619746504,0.039409534510031964,0.0,0.05886,-0.02943,9.67266
69378787185,21.59,0.044732788728614664,0.022375121010567305,0.0,0.0,-0.009810000000000001,9.73152
69383837690,21.59,0.05539675045830002,0.0,0.0,0.0,0.0,9.819809999999999
69388888195,21.59,0.06604325889546543,-0.028763026072866547,0.0,0.02943,-0.019620000000000002,9.91791
69393938700,21.59,0.06923721142661506,-0.04153883619746504,0.0,0.11772,0.0,10.006200000000002
69398989205,21.59,0.05220279792715039,-0.01918116847941768,0.0,0.16677000000000003,-0.019620000000000002,9.99639
69404039710,21.59,0.049008845396000776,0.004258603374866164,0.0,0.1962,-0.019620000000000002,9.819809999999999
69409090215,21.59,0.04153883619746504,0.022375121010567305,0.0,0.17658,-0.039240000000000004,9.78057
69414140720,21.59,0.04581489286485115,0.02556907354171693,0.0,0.08829,-0.02943,9.68247
69419191225,21.59,0.05113814708343386,0.012775810124598492,0.0,0.06867000000000001,-0.02943,9.64323
69424241730,21.59,0.06178465552059926,-0.001064650843716541,0.0,0.08829,0.0,9.78057
69429292235,21.59,0.06604325889546543,-0.023439771854283843,0.0,0.07848000000000001,-0.009810000000000001,9.81
69434342740,21.59,0.06391395720803235,-0.028763026072866547,0.0,0.12753,0.0,9.888480000000001
69439393245,21.59,0.060720004676882725,-0.024504422698000388,0.0,0.1962,0.0,9.96696
69444443750,21.59,0.05646140130201656,-0.003193952531149623,0.0,0.23544,0.0,9.85905
69449494255,21.59,0.054332099614583476,0.033021629447732716,0.0,0.20601000000000003,-0.019620000000000002,9.760950000000001
69454544760,21.59,0.05539675045830002,0.04366813788489812,0.0,0.06867000000000001,0.019620000000000002,9.70209
69459595265,21.59,0.05965535383316618,0.039409534510031964,0.0,0.009810000000000001,0.019620000000000002,9.633420000000001
69464645770,21.59,0.05965535383316618,0.01811651763570114,0.0,-0.009810000000000001,0.04905,9.74133
69469696275,21.59,0.05965535383316618,-0.01064650843716541,0.0,-0.02943,0.02943,9.87867
69474746780,21.59,0.05752605214573309,-0.033021629447732716,0.0,0.04905,0.039240000000000004,9.94734
69479797285,21.59,0.05646140130201656,-0.044732788728614664,0.0,0.10791,0.039240000000000004,9.99639
69484847790,21.59,0.054332099614583476,-0.033021629447732716,0.0,0.1962,0.0,9.96696
69489898295,21.59,0.05646140130201656,-0.01064650843716541,0.0,0.24525000000000002,0.019620000000000002,9.82962
69494948800,21.59,0.054332099614583476,0.00958185759344887,0.0,0.25506,0.0,9.68247
69499999305,21.59,0.05220279792715039,0.024504422698000388,0.0,0.1962,0.019620000000000002,9.64323
69505049810,21.59,0.05752605214573309,0.04794419455228423,0.0,0.12753,0.039240000000000004,9.633420000000001
69510100315,21.59,0.05859070298944965,0.044732788728614664,0.0,0.0,0.07848000000000001,9.72171
69515150820,21.59,0.05965535383316618,0.015987215948268057,0.0,-0.05886,0.05886,9.94734
69520201325,21.59,0.05752605214573309,-0.008517206749732328,0.0,-0.06867000000000001,0.039240000000000004,9.98658
69525251830,21.59,0.06284930636431581,-0.02982767691658309,0.0,0.0,0.019620000000000002,9.94734
69530302335,21.59,0.054332099614583476,-0.04153883619746504,0.0,0.0981,0.06867000000000001,9.80019
69535352840,21.59,0.06391395720803235,-0.05007349623971732,0.0,0.20601000000000003,0.06867000000000001,9.68247
69540403345,21.59,0.060720004676882725,-0.04794419455228423,0.0,0.34335000000000004,0.06867000000000001,9.64323
69545453850,21.59,0.06178465552059926,-0.04260348704118158,0.0,0.41202000000000005,0.06867000000000001,9.78057
69550504355,21.59,0.06284930636431581,-0.020245819323134222,0.0,0.46107000000000004,0.04905,9.87867
69555554860,21.59,0.054332099614583476,0.020245819323134222,0.0,0.43164,0.02943,9.99639
69560605365,21.59,0.05220279792715039,0.05965535383316618,0.0,0.27468000000000004,0.019620000000000002,10.074869999999999
69565655870,21.59,0.05539675045830002,0.08309512568745003,0.0,0.10791,0.019620000000000002,9.89829
69570706375,21.59,0.05220279792715039,0.08735372906231618,0.0,-0.019620000000000002,0.05886,9.751140000000001
69575756880,21.59,0.05646140130201656,0.07243116395776468,0.0,-0.16677000000000003,0.08829,9.623610000000001
69580807385,21.59,0.06604325889546543,0.05752605214573309,0.0,-0.30411,0.06867000000000001,9.57456
69585857890,21.59,0.06817256058289851,0.02982767691658309,0.0,-0.36297,0.06867000000000001,9.66285
69590908395,21.59,0.06817256058289851,-0.020245819323134222,0.0,-0.37278,0.14715,9.78057
69595958900,21.59,0.05965535383316618,-0.07670722062515077,0.0,-0.22563,0.10791,9.83943
69601009405,21.59,0.060720004676882725,-0.11824605682261582,0.0,0.0,0.10791,9.92772
69606059910,21.59,0.06284930636431581,-0.13102186694721432,0.0,0.27468000000000004,0.12753,9.83943
69611110415,21.59,0.06391395720803235,-0.11611675513518273,0.0,0.5395500000000001,0.36297,9.819809999999999
69616160920,21.59,0.05113814708343386,-0.06604325889546543,0.0,0.8829,0.17658,9.94734
69621211425,21.59,0.04794419455228423,-0.01918116847941768,0.0,0.8142300000000001,-0.009810000000000001,9.60399
69626261930,21.59,0.024504422698000388,0.03834488366631542,0.0,0.6768900000000001,0.07848000000000001,9.53532
69631312435,21.59,0.03728023282259888,0.07777187146886733,0.0,0.57879,-0.02943,9.79038
69636362940,21.59,0.04260348704118158,0.11505210429146619,0.0,0.31392000000000003,0.009810000000000001,10.006200000000002
69641413445,21.59,0.044732788728614664,0.13421581947836395,0.0,0.039240000000000004,0.039240000000000004,10.13373
69646463950,21.59,0.06710790973918197,0.12250466019748199,0.0,-0.27468000000000004,0.0,10.006200000000002
69651514455,21.59,0.06391395720803235,0.10012953918691468,0.0,-0.45126,0.02943,9.78057
69656564960,21.59,0.07349581480148122,0.06178465552059926,0.0,-0.5591700000000001,0.0981,9.60399
69661615465,21.59,0.07883652231258387,0.023439771854283843,0.0,-0.63765,0.12753,9.57456
69666665970,21.59,0.07883652231258387,-0.020245819323134222,0.0,-0.57879,0.13734000000000002,9.70209
69671716475,21.59,0.07990117315630041,-0.07030186227033158,0.0,-0.45126,0.18639,9.81
69676766980,21.59,0.07883652231258387,-0.11292280260403312,0.0,-0.25506,0.21582,9.908100000000001
69681817485,21.59,0.07030186227033158,-0.13421581947836395,0.0,0.019620000000000002,0.26487,9.937529999999999
69686867990,21.59,0.07136651311404815,-0.13208651779093086,0.0,0.31392000000000003,0.50031,9.92772
69691918495,21.59,0.04581489286485115,-0.09800023749948161,0.0,0.7749900000000001,0.34335000000000004,10.074869999999999
69696969000,21.59,0.0404741853537485,-0.05965535383316618,0.0,0.7848,0.15696000000000002,9.5157
69702019505,21.59,0.012775810124598492,-0.006387905062299246,0.0,0.73575,0.06867000000000001,9.53532
69707070010,21.59,0.03089232776029963,0.02982767691658309,0.0,0.6278400000000001,0.0,9.54513
69712120515,21.59,0.031956978604016174,0.05859070298944965,0.0,0.51993,0.009810000000000001,9.86886
69717171020,21.59,0.04366813788489812,0.07670722062515077,0.0,0.36297,0.0,9.92772
69722221525,21.59,0.05646140130201656,0.07883652231258387,0.0,0.16677000000000003,0.019620000000000002,9.96696
69727272030,21.59,0.06817256058289851,0.07883652231258387,0.0,0.0,0.04905,9.82962
69732322535,21.59,0.08203047484373349,0.07030186227033158,0.0,-0.11772,0.11772,9.73152
69737373040,21.59,0.09054768159346581,0.06178465552059926,0.0,-0.24525000000000002,0.15696000000000002,9.633420000000001
69742423545,21.59,0.08628907821859966,0.04366813788489812,0.0,-0.34335000000000004,0.21582,9.633420000000001
69747474050,21.59,0.08203047484373349,0.01811651763570114,0.0,-0.40221,0.26487,9.7119
69752524555,21.59,0.0756251164889143,-0.013840460968315033,0.0,-0.37278,0.27468000000000004,9.80019
69757575060,21.59,0.07136651311404815,-0.05007349623971732,0.0,-0.28449,0.41202000000000005,9.937529999999999
69762625565,21.59,0.06497860805174888,-0.08096582400001695,0.0,-0.10791,0.42183,10.06506
69767676070,21.59,0.046879543708567686,-0.09374163412461543,0.0,0.0981,0.36297,10.03563
69772726575,21.59,0.02982767691658309,-0.07670722062515077,0.0,0.2943,0.17658,9.888480000000001
69777777080,21.59,0.031956978604016174,-0.05646140130201656,0.0,0.40221,0.08829,9.74133
69782827585,21.59,0.02663372438543347,-0.01918116847941768,0.0,0.43164,0.07848000000000001,9.70209
69787878090,21.59,0.02982767691658309,0.006387905062299246,0.0,0.44145,0.009810000000000001,9.80019
69792928595,21.59,0.033021629447732716,0.031956978604016174,0.0,0.36297,0.05886,9.86886
69797979100,21.59,0.04794419455228423,0.05007349623971732,0.0,0.26487,0.06867000000000001,9.91791
69803029605,21.59,0.06604325889546543,0.05113814708343386,0.0,0.13734000000000002,0.07848000000000001,9.91791
69808080110,21.59,0.07883652231258387,0.039409534510031964,0.0,0.04905,0.11772,9.81
69813130615,21.59,0.08948303074974927,0.01918116847941768,0.0,0.009810000000000001,0.16677000000000003,9.74133
69818181120,21.59,0.08628907821859966,0.007452555906015787,0.0,0.0,0.22563,9.68247
69823231625,21.59,0.08735372906231618,0.0,0.0,0.02943,0.33354000000000006,9.68247
69828282130,21.59,0.08841837990603273,-0.005323254218582705,0.0,0.039240000000000004,0.51012,9.760950000000001
69833332635,21.59,0.06817256058289851,-0.012775810124598492,0.0,0.13734000000000002,0.51012,10.025820000000001
69838383140,21.59,0.05220279792715039,-0.028763026072866547,0.0,0.14715,0.37278,9.908100000000001
69843433645,21.59,0.03621558197888234,-0.039409534510031964,0.0,0.18639,0.31392000000000003,9.86886
69848484150,21.59,0.03515093113516579,-0.04581489286485115,0.0,0.25506,0.18639,9.87867
69853534655,21.59,0.03621558197888234,-0.04581489286485115,0.0,0.41202000000000005,0.14715,9.80019
69858585160,21.59,0.04153883619746504,-0.028763026072866547,0.0,0.42183,0.08829,9.81
69863635665,21.59,0.05113814708343386,-0.005323254218582705,0.0,0.47088,0.10791,9.67266
69868686170,21.59,0.060720004676882725,0.01918116847941768,0.0,0.42183,0.13734000000000002,9.64323
69873736675,21.59,0.07243116395776468,0.04794419455228423,0.0,0.30411,0.15696000000000002,9.73152
69878787180,21.59,0.08096582400001695,0.07349581480148122,0.0,0.15696000000000002,0.21582,9.73152
69883837685,21.59,0.08415977653116657,0.09161233243718235,0.0,-0.009810000000000001,0.2943,9.760950000000001
69888888190,21.59,0.08415977653116657,0.09587093581204853,0.0,-0.21582,0.34335000000000004,9.79038
69893938695,21.59,0.08628907821859966,0.08203047484373349,0.0,-0.40221,0.3924,9.74133
69898989200,21.59,0.08096582400001695,0.05539675045830002,0.0,-0.47088,0.42183,9.67266
69904039705,21.59,0.06923721142661506,0.01918116847941768,0.0,-0.48069000000000006,0.52974,9.64323
69909090210,21.59,0.05965535383316618,-0.0170518667919846,0.0,-0.46107000000000004,0.5493600000000001,9.72171
69914140715,21.59,0.04794419455228423,-0.060720004676882725,0.0,-0.34335000000000004,0.47088,9.770760000000001
69919191220,21.59,0.022375121010567305,-0.09054768159346581,0.0,-0.1962,0.3924,9.82962
69924241725,21.59,0.012775810124598492,-0.10759954838545042,0.0,0.019620000000000002,0.28449,9.888480000000001
69929292230,21.59,0.014905111812031574,-0.10866419922916695,0.0,0.24525000000000002,0.23544,9.87867
69934342735,21.59,0.0170518667919846,-0.09374163412461543,0.0,0.51993,0.14715,9.92772
69939393240,21.59,0.021310470166850764,-0.07456046564519776,0.0,0.63765,0.07848000000000001,9.86886
69944443745,21.59,0.028763026072866547,-0.04153883619746504,0.0,0.75537,0.019620000000000002,9.73152
69949494250,21.59,0.044732788728614664,-0.005323254218582705,0.0,0.72594,0.009810000000000001,9.69228
69954544755,21.59,0.06178465552059926,0.03089232776029963,0.0,0.64746,0.06867000000000001,9.760950000000001
69959595260,21.59,0.08309512568745003,0.060720004676882725,0.0,0.52974,0.05886,9.91791
69964645765,21.59,0.09693558665576507,0.07883652231258387,0.0,0.32373,0.24525000000000002,9.908100000000001
69969696270,21.59,0.10438814256178083,0.07990117315630041,0.0,0.1962,0.33354000000000006,9.92772
69974746775,21.59,0.10438814256178083,0.08203047484373349,0.0,0.039240000000000004,0.46107000000000004,9.819809999999999
69979797280,21.59,0.09693558665576507,0.08309512568745003,0.0,-0.07848000000000001,0.5493600000000001,9.74133
69984847785,21.59,0.0852244273748831,0.07030186227033158,0.0,-0.27468000000000004,0.5591700000000001,9.73152
69989898290,21.59,0.07136651311404815,0.044732788728614664,0.0,-0.3924,0.5493600000000001,9.73152
69994948795,21.59,0.05220279792715039,0.013840460968315033,0.0,-0.40221,0.44145,9.751140000000001
69999999300,21.59,0.04366813788489812,-0.006387905062299246,0.0,-0.37278,0.32373,9.760950000000001
70005049805,21.59,0.03834488366631542,-0.020245819323134222,0.0,-0.34335000000000004,0.25506,9.78057
70010100310,21.59,0.03408628029144926,-0.039409534510031964,0.0,-0.27468000000000004,0.22563,9.74133
70015150815,21.59,0.04260348704118158,-0.054332099614583476,0.0,-0.16677000000000003,0.26487,9.73152
70020201320,21.59,0.04794419455228423,-0.06391395720803235,0.0,-0.02943,0.36297,9.73152
70025251825,21.59,0.060720004676882725,-0.07456046564519776,0.0,0.15696000000000002,0.5395500000000001,9.7119
70030302330,21.59,0.05859070298944965,-0.07883652231258387,0.0,0.41202000000000005,0.56898,9.69228
70035352835,21.59,0.03408628029144926,-0.060720004676882725,0.0,0.57879,0.49050000000000005,9.67266
70040403340,21.59,0.02769837522915001,-0.05220279792715039,0.0,0.70632,0.33354000000000006,9.59418
70045453845,21.59,0.020245819323134222,-0.024504422698000388,0.0,0.6867000000000001,0.20601000000000003,9.69228
70050504350,21.59,0.024504422698000388,0.008517206749732328,0.0,0.60822,0.0981,9.80019
70055554855,21.59,0.03728023282259888,0.03089232776029963,0.0,0.46107000000000004,0.04905,9.89829
70060605360,21.59,0.05965535383316618,0.05539675045830002,0.0,0.31392000000000003,0.12753,10.006200000000002
70065655865,21.59,0.08309512568745003,0.08309512568745003,0.0,0.20601000000000003,0.1962,10.05525
70070706370,21.59,0.09906488834319814,0.1097288500728835,0.0,-0.02943,0.22563,9.908100000000001
70075756875,21.59,0.10225884087434776,0.12463396188491506,0.0,-0.25506,0.38259000000000004,9.87867
70080807380,21.59,0.10653489754173388,0.12569861272863161,-0.005323254218582705,-0.50031,0.47088,9.83943
70085857885,21.59,0.10332349171806432,0.09800023749948161,0.0,-0.6768900000000001,0.60822,9.82962
70090908390,21.59,0.08841837990603273,0.03834488366631542,0.001064650843716541,-0.7651800000000001,0.6768900000000001,9.751140000000001
70095958895,21.59,0.07883652231258387,-0.039409534510031964,0.0,-0.6768900000000001,0.8142300000000001,9.67266
70101009400,21.59,0.054332099614583476,-0.10119419003063122,0.0,-0.41202000000000005,0.94176,9.67266
70106059905,21.59,0.03089232776029963,-0.15446163880149816,0.0,-0.06867000000000001,0.87309,9.70209
70111110410,21.59,0.0,-0.17151350559348277,0.003193952531149623,0.3924,0.63765,9.73152
70116160915,21.59,-0.03408628029144926,-0.15872024217636432,0.0,0.74556,0.31392000000000003,9.69228
70121211420,21.59,-0.03728023282259888,-0.1171814059788993,0.0,0.9319500000000001,0.0,9.633420000000001
70126261925,21.59,-0.03621558197888234,-0.05646140130201656,0.002129301687433082,0.9221400000000001,-0.12753,9.760950000000001
70131312430,21.59,0.003193952531149623,0.024504422698000388,0.0,0.89271,-0.14715,9.85905
70136362935,21.59,0.044732788728614664,0.09587093581204853,-0.002129301687433082,0.69651,-0.13734000000000002,10.06506
70141413440,21.59,0.07990117315630041,0.14913838458291545,0.0,0.38259000000000004,-0.08829,9.96696
70146463945,21.59,0.11079350091660004,0.16084954386379738,-0.002129301687433082,0.02943,0.039240000000000004,9.80019
70151514450,21.59,0.1278279144160647,0.14381513036433274,-0.004258603374866164,-0.24525000000000002,0.18639,9.67266
70156564955,21.59,0.150203035426632,0.1097288500728835,-0.003193952531149623,-0.46107000000000004,0.3924,9.60399
70161615460,21.59,0.15872024217636432,0.05220279792715039,-0.002129301687433082,-0.6180300000000001,1.1281500000000002,9.64323
70166665965,21.59,0.1480737337391989,-0.012775810124598492,0.001064650843716541,-0.43164,1.31454,10.143540000000002
70171716470,21.59,0.10438814256178083,-0.05539675045830002,0.0,-0.25506,1.1772,9.85905
70176766975,21.59,0.024504422698000388,-0.06710790973918197,0.001064650843716541,-0.10791,0.80442,9.36855
70181817480,21.59,-0.003193952531149623,-0.07990117315630041,0.001064650843716541,-0.07848000000000001,0.46107000000000004,9.3195
70186867985,21.59,-0.03089232776029963,-0.06817256058289851,0.0,-0.009810000000000001,0.22563,9.44703
70191918490,21.59,-0.028763026072866547,-0.05113814708343386,0.003193952531149623,0.08829,0.07848000000000001,9.73152
70196968995,21.59,-0.001064650843716541,-0.05752605214573309,0.001064650843716541,0.1962,0.07848000000000001,9.97677
70202019500,21.59,0.033021629447732716,-0.05752605214573309,-0.003193952531149623,0.30411,0.17658,10.06506
70207070005,21.59,0.06284930636431581,-0.04794419455228423,0.001064650843716541,0.40221,0.24525000000000002,10.074869999999999
70212120510,21.59,0.06817256058289851,-0.03408628029144926,-0.003193952531149623,0.51012,0.34335000000000004,9.937529999999999
70217171015,21.59,0.07883652231258387,-0.001064650843716541,0.001064650843716541,0.63765,0.34335000000000004,9.78057
70222221520,21.59,0.07777187146886733,0.03515093113516579,0.0,0.50031,0.41202000000000005,9.633420000000001
70227272025,21.59,0.07990117315630041,0.07349581480148122,-0.003193952531149623,0.34335000000000004,0.51993,9.65304
70232322530,21.59,0.07670722062515077,0.10012953918691468,-0.002129301687433082,0.15696000000000002,0.49050000000000005,9.79038
70237373035,21.59,0.06923721142661506,0.09587093581204853,0.0,-0.08829,0.49050000000000005,9.82962
70242423540,21.59,0.07030186227033158,0.0852244273748831,-0.001064650843716541,-0.32373,0.51012,9.82962
70247474045,21.59,0.07136651311404815,0.05752605214573309,0.002129301687433082,-0.43164,0.56898,9.83943
70252524550,21.59,0.06178465552059926,-0.003193952531149623,-0.001064650843716541,-0.46107000000000004,0.69651,9.770760000000001
70257575055,21.59,0.05220279792715039,-0.046879543708567686,-0.001064650843716541,-0.33354000000000006,0.73575,9.888480000000001
70262625560,21.59,0.05007349623971732,-0.05859070298944965,0.001064650843716541,-0.15696000000000002,0.63765,9.85905
70267676065,21.59,0.03834488366631542,-0.06497860805174888,0.0,0.009810000000000001,0.51993,9.66285
70272726570,21.59,0.028763026072866547,-0.05007349623971732,-0.001064650843716541,0.07848000000000001,0.40221,9.633420000000001
70277777075,21.59,0.022375121010567305,-0.02982767691658309,0.002129301687433082,0.12753,0.37278,9.59418
70282827580,21.59,0.03089232776029963,-0.01918116847941768,-0.002129301687433082,0.20601000000000003,0.37278,9.6138
70287878085,21.59,0.03408628029144926,-0.01811651763570114,0.0,0.27468000000000004,0.42183,9.83943
70292928590,21.59,0.04366813788489812,-0.022375121010567305,0.001064650843716541,0.26487,0.50031,9.84924
70297979095,21.59,0.05113814708343386,-0.015987215948268057,-0.002129301687433082,0.33354000000000006,0.49050000000000005,9.94734
70303029600,21.59,0.054332099614583476,-0.004258603374866164,-0.001064650843716541,0.35316,0.44145,9.908100000000001
70308080105,21.59,0.05220279792715039,0.00958185759344887,-0.005323254218582705,0.31392000000000003,0.36297,9.770760000000001
70313130610,21.59,0.05326744877086694,0.04153883619746504,-0.004258603374866164,0.16677000000000003,0.28449,9.72171
70318181115,21.59,0.05752605214573309,0.06923721142661506,0.001064650843716541,0.0,0.35316,9.770760000000001
70323231620,21.59,0.06710790973918197,0.06391395720803235,-0.001064650843716541,-0.11772,0.47088,9.78057
70328282125,21.59,0.07777187146886733,0.04794419455228423,-0.003193952531149623,-0.17658,0.6867000000000001,9.81
70333332630,21.59,0.08415977653116657,0.01811651763570114,0.001064650843716541,-0.16677000000000003,0.80442,9.87867
70338383135,21.59,0.06497860805174888,-0.007452555906015787,-0.001064650843716541,-0.14715,0.7651800000000001,9.89829
70343433640,21.59,0.04581489286485115,-0.024504422698000388,0.0,-0.08829,0.57879,9.80019
70348484145,21.59,0.02663372438543347,-0.02769837522915001,0.0,-0.07848000000000001,0.35316,9.64323
70353534650,21.59,0.01918116847941768,-0.022375121010567305,0.0,-0.05886,0.36297,9.6138
70358585155,21.59,0.02982767691658309,-0.02663372438543347,0.0,0.0,0.43164,9.67266
70363635660,21.59,0.04581489286485115,-0.03834488366631542,0.0,0.08829,0.56898,9.80019
70368686165,21.59,0.05646140130201656,-0.03834488366631542,0.0,0.25506,0.6670800000000001,9.78057
70373736670,21.59,0.054332099614583476,-0.03834488366631542,-0.001064650843716541,0.37278,0.63765,9.760950000000001
70378787175,21.59,0.03834488366631542,-0.022375121010567305,-0.002129301687433082,0.41202000000000005,0.48069000000000006,9.7119
70383837680,21.59,0.02769837522915001,0.003193952531149623,-0.001064650843716541,0.38259000000000004,0.32373,9.64323
70388888185,21.59,0.033021629447732716,0.03089232776029963,-0.001064650843716541,0.24525000000000002,0.22563,9.73152
70393938690,21.59,0.0404741853537485,0.04581489286485115,-0.001064650843716541,0.10791,0.31392000000000003,9.819809999999999
70398989195,21.59,0.06710790973918197,0.044732788728614664,0.0,0.02943,0.46107000000000004,9.83943
70404039700,21.59,0.0852244273748831,0.03728023282259888,0.0,-0.009810000000000001,0.6180300000000001,9.819809999999999
70409090205,21.59,0.0852244273748831,0.02663372438543347,-0.001064650843716541,-0.07848000000000001,0.79461,9.79038
70414140710,21.59,0.07990117315630041,0.015987215948268057,0.0,-0.07848000000000001,0.84366,9.66285
70419191215,21.59,0.05220279792715039,0.015987215948268057,-0.002129301687433082,-0.08829,0.6867000000000001,9.760950000000001
70424241720,21.59,0.028763026072866547,0.01064650843716541,-0.003193952531149623,-0.14715,0.52974,9.74133
70429292225,21.59,0.021310470166850764,-0.007452555906015787,-0.003193952531149623,-0.18639,0.47088,9.70209
70434342730,21.59,0.02663372438543347,-0.01811651763570114,0.0,-0.14715,0.42183,9.79038
70439393235,21.59,0.0404741853537485,-0.04260348704118158,0.001064650843716541,-0.04905,0.57879,9.751140000000001
70444443740,21.59,0.05326744877086694,-0.04794419455228423,-0.001064650843716541,0.11772,0.6867000000000001,9.74133
70449494245,21.59,0.05220279792715039,-0.03408628029144926,-0.001064650843716541,0.25506,0.6867000000000001,9.73152
70454544750,21.59,0.0404741853537485,-0.01811651763570114,0.0,0.28449,0.6180300000000001,9.68247
70459595255,21.59,0.03089232776029963,-0.005323254218582705,0.0,0.2943,0.51993,9.65304
70464645760,21.59,0.023439771854283843,0.01064650843716541,-0.003193952531149623,0.21582,0.38259000000000004,9.7119
70469696265,21.59,0.03515093113516579,0.02556907354171693,-0.002129301687433082,0.11772,0.3924,9.74133
70474746770,21.59,0.05326744877086694,0.03408628029144926,-0.001064650843716541,0.02943,0.50031,9.819809999999999
70479797275,21.59,0.07030186227033158,0.03408628029144926,0.0,-0.019620000000000002,0.57879,9.83943
70484847780,21.59,0.07349581480148122,0.03515093113516579,-0.001064650843716541,-0.06867000000000001,0.70632,9.819809999999999
70489898285,21.59,0.060720004676882725,0.023439771854283843,0.0,-0.11772,0.74556,9.7119
70494948790,21.59,0.04794419455228423,-0.001064650843716541,0.0,-0.08829,0.75537,9.78057
70499999295,21.59,0.03515093113516579,-0.02769837522915001,0.0,-0.039240000000000004,0.71613,9.81
70505049800,21.59,0.02556907354171693,-0.04260348704118158,0.002129301687433082,0.019620000000000002,0.6180300000000001,9.819809999999999
70510100305,21.59,0.021310470166850764,-0.044732788728614664,0.001064650843716541,0.12753,0.51993,9.84924
70515150810,21.59,0.02982767691658309,-0.031956978604016174,-0.001064650843716541,0.1962,0.45126,9.770760000000001
70520201315,21.59,0.03515093113516579,-0.012775810124598492,-0.002129301687433082,0.1962,0.38259000000000004,9.70209
70525251820,21.59,0.039409534510031964,0.006387905062299246,0.003193952531149623,0.18639,0.42183,9.7119
70530302325,21.59,0.04794419455228423,0.012775810124598492,0.002129301687433082,0.15696000000000002,0.51012,9.72171
70535352830,21.59,0.05965535383316618,0.014905111812031574,-0.001064650843716541,0.17658,0.63765,9.72171
70540403335,21.59,0.060720004676882725,0.014905111812031574,-0.003193952531149623,0.11772,0.73575,9.84924
70545453840,21.59,0.06710790973918197,0.02556907354171693,-0.002129301687433082,0.08829,0.74556,9.81
70550504345,21.59,0.06497860805174888,0.028763026072866547,-0.001064650843716541,0.019620000000000002,0.65727,9.69228
70555554850,21.59,0.05113814708343386,0.03621558197888234,-0.003193952531149623,-0.07848000000000001,0.60822,9.58437
70560605355,21.59,0.039409534510031964,0.033021629447732716,0.0,-0.13734000000000002,0.60822,9.47646
70565655860,21.59,0.03408628029144926,0.01918116847941768,0.0,-0.16677000000000003,0.6768900000000001,9.56475
70570706365,21.59,0.0404741853537485,-0.002129301687433082,0.0,-0.14715,0.8240400000000001,9.69228
70575756870,21.59,0.039409534510031964,-0.01811651763570114,-0.001064650843716541,-0.0981,0.84366,9.81
70580807375,21.59,0.03089232776029963,-0.03834488366631542,-0.001064650843716541,0.0,0.70632,9.87867
70585857880,21.59,0.021310470166850764,-0.04581489286485115,-0.001064650843716541,0.02943,0.5493600000000001,9.83943
70590908385,21.59,0.01064650843716541,-0.03834488366631542,0.001064650843716541,0.11772,0.37278,9.760950000000001
70595958890,21.59,0.012775810124598492,-0.023439771854283843,0.0,0.10791,0.37278,9.68247
70601009395,21.59,0.028763026072866547,-0.007452555906015787,-0.002129301687433082,0.15696000000000002,0.51993,9.79038
70606059900,21.59,0.05113814708343386,0.003193952531149623,0.001064650843716541,0.22563,0.60822,9.888480000000001
70611110405,21.59,0.060720004676882725,0.006387905062299246,0.003193952531149623,0.22563,0.70632,9.84924
70616160910,21.59,0.060720004676882725,0.004258603374866164,-0.002129301687433082,0.1962,0.72594,9.81
70621211415,21.59,0.05539675045830002,0.011711159280881954,-0.001064650843716541,0.20601000000000003,0.70632,9.770760000000001
70626261920,21.59,0.039409534510031964,0.01918116847941768,-0.003193952531149623,0.12753,0.6180300000000001,9.66285
70631312425,21.59,0.03621558197888234,0.024504422698000388,0.001064650843716541,0.039240000000000004,0.56898,9.7119
70636362930,21.59,0.039409534510031964,0.03515093113516579,0.001064650843716541,-0.009810000000000001,0.5591700000000001,9.73152
70641413435,21.59,0.049008845396000776,0.023439771854283843,-0.001064650843716541,-0.0981,0.64746,9.69228
70646463940,21.59,0.05220279792715039,0.012775810124598492,0.0,-0.13734000000000002,0.71613,9.74133
70651514445,21.59,0.05113814708343386,0.002129301687433082,-0.002129301687433082,-0.06867000000000001,0.80442,9.67266
70656564950,21.59,0.04366813788489812,-0.007452555906015787,-0.003193952531149623,-0.04905,0.85347,9.66285
70661615455,21.59,0.03621558197888234,-0.007452555906015787,-0.001064650843716541,-0.009810000000000001,0.7651800000000001,9.65304
70666665960,21.59,0.01918116847941768,-0.008517206749732328,-0.004258603374866164,-0.009810000000000001,0.6278400000000001,9.633420000000001
70671716465,21.59,0.015987215948268057,-0.011711159280881954,0.0,-0.039240000000000004,0.5395500000000001,9.633420000000001
70676766970,21.59,0.022375121010567305,-0.014905111812031574,0.001064650843716541,0.0,0.5886,9.73152
70681817475,21.59,0.033021629447732716,-0.007452555906015787,0.0,0.02943,0.60822,9.74133
70686867980,21.59,0.03621558197888234,-0.008517206749732328,0.002129301687433082,0.06867000000000001,0.6670800000000001,9.760950000000001
70691918485,21.59,0.03728023282259888,-0.006387905062299246,-0.002129301687433082,0.06867000000000001,0.72594,9.79038
70696968990,21.59,0.03728023282259888,-0.003193952531149623,-0.002129301687433082,0.11772,0.70632,9.78057
70702019495,21.59,0.028763026072866547,-0.004258603374866164,0.0,0.07848000000000001,0.63765,9.79038
70707070000,21.59,0.021310470166850764,-0.008517206749732328,0.0,0.08829,0.5886,9.82962
70712120505,21.59,0.02663372438543347,0.0,-0.001064650843716541,0.0981,0.5493600000000001,9.83943
70717171010,21.59,0.03728023282259888,0.008517206749732328,0.0,0.04905,0.57879,9.83943
70722221515,21.59,0.04581489286485115,0.013840460968315033,-0.001064650843716541,0.05886,0.63765,9.82962
70727272020,21.59,0.044732788728614664,0.008517206749732328,0.0,0.019620000000000002,0.6768900000000001,9.760950000000001
70732322525,21.59,0.04260348704118158,-0.001064650843716541,0.002129301687433082,0.02943,0.7651800000000001,9.72171
70737373030,21.59,0.044732788728614664,-0.002129301687433082,0.001064650843716541,0.08829,0.7848,9.74133
70742423535,21.59,0.03621558197888234,0.012775810124598492,0.0,0.07848000000000001,0.74556,9.73152
70747474040,21.59,0.02769837522915001,0.00958185759344887,-0.001064650843716541,0.009810000000000001,0.64746,9.760950000000001
70752524545,21.59,0.02982767691658309,0.003193952531149623,0.0,0.0,0.5886,9.760950000000001
70757575050,21.59,0.03089232776029963,0.002129301687433082,0.0,0.019620000000000002,0.60822,9.69228
70762625555,21.59,0.033021629447732716,0.0,-0.003193952531149623,-0.009810000000000001,0.6768900000000001,9.64323
70767676060,21.59,0.0404741853537485,0.0,0.001064650843716541,0.02943,0.79461,9.68247
70772726565,21.59,0.039409534510031964,0.002129301687433082,0.0,0.05886,0.7651800000000001,9.7119
70777777070,21.59,0.0404741853537485,-0.001064650843716541,-0.001064650843716541,0.039240000000000004,0.8142300000000001,9.623610000000001
70782827575,21.59,0.031956978604016174,0.0,-0.001064650843716541,0.019620000000000002,0.80442,9.6138
70787878080,21.59,0.02556907354171693,0.0,-0.001064650843716541,0.019620000000000002,0.6867000000000001,9.67266
70792928585,21.59,0.01811651763570114,0.002129301687433082,-0.001064650843716541,0.05886,0.6180300000000001,9.65304
70797979090,21.59,0.021310470166850764,0.012775810124598492,-0.001064650843716541,0.009810000000000001,0.60822,9.69228
70803029595,21.59,0.023439771854283843,0.020245819323134222,0.0,-0.04905,0.6278400000000001,9.66285
70808080100,21.59,0.02982767691658309,0.014905111812031574,-0.001064650843716541,-0.10791,0.6670800000000001,9.770760000000001
70813130605,21.59,0.031956978604016174,0.008517206749732328,0.0,-0.13734000000000002,0.72594,9.819809999999999
70818181110,21.59,0.031956978604016174,0.002129301687433082,0.0,-0.11772,0.75537,9.760950000000001
70823231615,21.59,0.02663372438543347,-0.011711159280881954,0.0,-0.07848000000000001,0.8142300000000001,9.819809999999999
70828282120,21.59,0.02663372438543347,-0.023439771854283843,0.0,-0.009810000000000001,0.75537,9.908100000000001
70833332625,21.59,0.0170518667919846,-0.024504422698000388,0.0,0.039240000000000004,0.64746,9.83943
70838383130,21.59,0.014905111812031574,-0.033021629447732716,0.0,0.08829,0.6180300000000001,9.760950000000001
70843433635,21.59,0.0170518667919846,-0.03515093113516579,0.0,0.16677000000000003,0.6867000000000001,9.74133
70848484140,21.59,0.01918116847941768,-0.02556907354171693,0.0,0.27468000000000004,0.69651,9.78057
70853534645,21.59,0.021310470166850764,-0.00958185759344887,0.0,0.32373,0.64746,9.79038
70858585150,21.59,0.02982767691658309,0.014905111812031574,0.0,0.24525000000000002,0.57879,9.79038
70863635655,21.59,0.02769837522915001,0.022375121010567305,0.0,0.16677000000000003,0.5493600000000001,9.7119
70868686160,21.59,0.033021629447732716,0.03089232776029963,0.0,0.04905,0.60822,9.751140000000001
70873736665,21.59,0.049008845396000776,0.04366813788489812,0.0,0.0,0.71613,9.74133
70878787170,21.59,0.05220279792715039,0.05752605214573309,0.0,-0.10791,0.80442,9.751140000000001
70883837675,21.59,0.054332099614583476,0.04581489286485115,0.0,-0.17658,0.87309,9.67266
70888888180,21.59,0.04794419455228423,0.02663372438543347,0.0,-0.21582,0.8829,9.60399
70893938685,21.59,0.03621558197888234,0.002129301687433082,0.0,-0.22563,0.9319500000000001,9.50589
70898989190,21.59,0.021310470166850764,-0.013840460968315033,0.0,-0.18639,0.9908100000000001,9.57456
70904039695,21.59,0.013840460968315033,-0.01918116847941768,0.0,-0.13734000000000002,0.8829,9.623610000000001
70909090200,21.59,-0.002129301687433082,-0.02769837522915001,0.0,-0.039240000000000004,0.71613,9.70209
70914140705,21.59,-0.011711159280881954,-0.0404741853537485,0.0,-0.019620000000000002,0.52974,9.72171
70919191210,21.59,-0.002129301687433082,-0.04366813788489812,0.0,0.009810000000000001,0.51993,9.66285
70924241715,21.59,0.011711159280881954,-0.03621558197888234,0.0,0.0981,0.63765,9.68247
70929292220,21.59,0.02556907354171693,-0.028763026072866547,0.0,0.24525000000000002,0.79461,9.751140000000001
70934342725,21.59,0.02982767691658309,-0.003193952531149623,0.0,0.31392000000000003,0.80442,9.79038
70939393230,21.59,0.028763026072866547,0.011711159280881954,0.0,0.30411,0.73575,9.68247
70944443735,21.59,0.022375121010567305,0.01811651763570114,0.0,0.16677000000000003,0.64746,9.65304
70949494240,21.59,0.014905111812031574,0.033021629447732716,0.0,0.06867000000000001,0.6278400000000001,9.70209
70954544745,21.59,0.01918116847941768,0.0404741853537485,0.0,-0.05886,0.6768900000000001,9.751140000000001
70959595250,21.59,0.02556907354171693,0.033021629447732716,0.0,-0.10791,0.80442,9.87867
70964645755,21.59,0.03408628029144926,0.021310470166850764,0.0,-0.12753,0.7848,9.96696
70969696260,21.59,0.031956978604016174,0.006387905062299246,0.0,-0.14715,0.73575,9.87867
70974746765,21.59,0.023439771854283843,-0.006387905062299246,0.0,-0.16677000000000003,0.74556,9.760950000000001
70979797270,21.59,0.021310470166850764,-0.01064650843716541,0.0,-0.12753,0.75537,9.70209
70984847775,21.59,0.01811651763570114,-0.01918116847941768,0.0,-0.04905,0.79461,9.760950000000001
70989898280,21.59,0.014905111812031574,-0.015987215948268057,0.0,0.0,0.79461,9.87867
70994948785,21.59,0.015987215948268057,-0.013840460968315033,0.0,0.039240000000000004,0.70632,9.85905
70999999290,21.59,0.013840460968315033,-0.015987215948268057,0.0,0.06867000000000001,0.6670800000000001,9.73152
71005049795,21.59,0.01811651763570114,-0.014905111812031574,0.0,0.06867000000000001,0.65727,9.72171
71010100300,21.59,0.022375121010567305,-0.003193952531149623,0.0,0.10791,0.71613,9.66285
71015150805,21.59,0.024504422698000388,0.002129301687433082,0.0,0.0981,0.8142300000000001,9.66285
71020201310,21.59,0.02769837522915001,0.005323254218582705,0.0,0.10791,0.85347,9.73152
71025251815,21.59,0.03089232776029963,0.014905111812031574,0.0,0.11772,0.79461,9.72171
71030302320,21.59,0.023439771854283843,0.023439771854283843,0.0,0.009810000000000001,0.75537,9.66285
71035352825,21.59,0.022375121010567305,0.021310470166850764,0.0,-0.07848000000000001,0.70632,9.623610000000001
71040403330,21.59,0.0170518667919846,0.0170518667919846,0.0,-0.11772,0.70632,9.60399
71045453835,21.59,0.015987215948268057,0.00958185759344887,0.0,-0.0981,0.7749900000000001,9.58437
71050504340,21.59,0.022375121010567305,0.002129301687433082,0.0,-0.10791,0.9123300000000001,9.68247
71055554845,21.59,0.02769837522915001,0.0,0.0,-0.05886,0.9613800000000001,9.68247
71060605350,21.59,0.02556907354171693,-0.011711159280881954,0.0,-0.02943,0.9711900000000001,9.633420000000001
71065655855,21.59,0.008517206749732328,-0.022375121010567305,0.0,0.009810000000000001,0.84366,9.633420000000001
71070706360,21.59,-0.01064650843716541,-0.022375121010567305,0.0,0.02943,0.6867000000000001,9.623610000000001
71075756865,21.59,-0.0170518667919846,-0.00958185759344887,0.0,0.039240000000000004,0.5395500000000001,9.65304
71080807370,21.59,-0.011711159280881954,-0.003193952531149623,0.0,-0.019620000000000002,0.5395500000000001,9.760950000000001
71085857875,21.59,0.00958185759344887,0.005323254218582705,0.0,0.0,0.63765,9.87867
71090908380,21.59,0.023439771854283843,0.001064650843716541,0.0,-0.019620000000000002,0.79461,9.937529999999999
71095958885,21.59,0.03621558197888234,-0.012775810124598492,0.0,0.06867000000000001,0.9319500000000001,9.888480000000001
71101009390,21.59,0.031956978604016174,-0.004258603374866164,0.0,0.12753,0.89271,9.81
71106059895,21.59,0.014905111812031574,0.00958185759344887,0.0,0.0981,0.74556,9.633420000000001
71111110400,21.59,-0.005323254218582705,0.02556907354171693,0.0,-0.009810000000000001,0.64746,9.66285
71116160905,21.59,-0.005323254218582705,0.03408628029144926,0.0,-0.16677000000000003,0.57879,9.73152
71121211410,21.59,0.005323254218582705,0.013840460968315033,0.0,-0.18639,0.65727,9.85905
71126261915,21.59,0.022375121010567305,-0.012775810124598492,0.0,-0.12753,0.85347,9.95715
71131312420,21.59,0.031956978604016174,-0.02769837522915001,0.0,0.0,0.9319500000000001,9.92772
71136362925,21.59,0.028763026072866547,-0.022375121010567305,0.0,0.0981,0.95157,9.70209
71141413430,21.59,0.020245819323134222,-0.002129301687433082,0.0,0.12753,0.89271,9.57456
71146463935,21.59,0.006387905062299246,0.012775810124598492,0.0,0.04905,0.73575,9.48627
71151514440,21.59,-0.013840460968315033,0.011711159280881954,0.0,0.009810000000000001,0.65727,9.55494
71156564945,21.59,-0.01064650843716541,0.007452555906015787,0.0,-0.039240000000000004,0.6867000000000001,9.70209
71161615450,21.59,0.005323254218582705,0.007452555906015787,0.0,-0.02943,0.70632,9.86886
71166665955,21.59,0.01918116847941768,0.00958185759344887,0.0,-0.0981,0.7848,9.92772
71171716460,21.59,0.03621558197888234,0.003193952531149623,0.0,-0.06867000000000001,0.8240400000000001,9.83943
71176766965,21.59,0.02556907354171693,0.002129301687433082,0.0,-0.05886,0.8142300000000001,9.7119
71181817470,21.59,0.01811651763570114,-0.005323254218582705,0.0,-0.06867000000000001,0.8338500000000001,9.56475
71186867975,21.59,0.001064650843716541,0.0,0.0,0.0,0.8240400000000001,9.6138
71191918480,21.59,0.0,0.004258603374866164,0.0,-0.019620000000000002,0.84366,9.633420000000001
71196968985,21.59,0.002129301687433082,-0.001064650843716541,0.0,-0.019620000000000002,0.85347,9.73152
71202019490,21.59,0.001064650843716541,-0.002129301687433082,-0.005323254218582705,-0.02943,0.80442,9.82962
71207069995,21.59,-0.001064650843716541,-0.011711159280881954,-0.001064650843716541,-0.009810000000000001,0.6768900000000001,9.81
71212120500,21.59,-0.011711159280881954,-0.012775810124598492,-0.001064650843716541,-0.019620000000000002,0.59841,9.81
71217171005,21.59,-0.006387905062299246,-0.014905111812031574,0.0,0.0,0.56898,9.82962
71222221510,21.59,0.007452555906015787,-0.005323254218582705,0.001064650843716541,0.019620000000000002,0.6867000000000001,9.81
71227272015,21.59,0.020245819323134222,-0.006387905062299246,0.0,0.06867000000000001,0.8142300000000001,9.819809999999999
71232322520,21.59,0.03089232776029963,0.003193952531149623,-0.002129301687433082,0.10791,0.9319500000000001,9.819809999999999
71237373025,21.59,0.03089232776029963,0.01811651763570114,-0.002129301687433082,0.08829,0.86328,9.7119
71242423530,21.59,0.020245819323134222,0.024504422698000388,0.0,-0.019620000000000002,0.8240400000000001,9.58437
71247474035,21.59,0.006387905062299246,0.023439771854283843,0.0,-0.08829,0.7848,9.54513
71252524540,21.59,0.002129301687433082,0.013840460968315033,-0.001064650843716541,-0.08829,0.8338500000000001,9.57456
71257575045,21.59,0.002129301687433082,0.0,0.0,-0.07848000000000001,0.8829,9.68247
71262625550,21.59,0.002129301687433082,0.001064650843716541,0.0,-0.05886,0.86328,9.78057
71267676055,21.59,-0.001064650843716541,-0.0,-0.003193952531149623,-0.06867000000000001,0.79461,9.751140000000001
71272726560,21.59,0.001064650843716541,0.002129301687433082,-0.001064650843716541,-0.14715,0.70632,9.770760000000001
71277777065,21.59,0.001064650843716541,-0.001064650843716541,0.001064650843716541,-0.15696000000000002,0.6670800000000001,9.78057
71282827570,21.59,-0.003193952531149623,-0.007452555906015787,-0.001064650843716541,-0.12753,0.6867000000000001,9.7119
71287878075,21.59,0.0,-0.02556907354171693,0.0,-0.08829,0.7848,9.74133
71292928580,21.59,0.008517206749732328,-0.024504422698000388,0.001064650843716541,0.019620000000000002,0.87309,9.81
71297979085,21.59,0.011711159280881954,-0.015987215948268057,0.0,0.07848000000000001,0.9123300000000001,9.770760000000001
71303029590,21.59,0.01064650843716541,-0.001064650843716541,-0.001064650843716541,0.12753,0.8142300000000001,9.74133
71308080095,21.59,0.005323254218582705,0.003193952531149623,-0.002129301687433082,0.07848000000000001,0.71613,9.64323
71313130600,21.59,-0.003193952531149623,0.008517206749732328,0.001064650843716541,0.02943,0.63765,9.57456
71318181105,21.59,-0.007452555906015787,0.00958185759344887,0.001064650843716541,-0.019620000000000002,0.69651,9.59418
71323231610,21.59,-0.002129301687433082,0.01064650843716541,0.002129301687433082,-0.02943,0.7848,9.68247
71328282115,21.59,0.008517206749732328,0.0,0.0,0.0,0.9221400000000001,9.78057
71333332620,21.59,0.014905111812031574,-0.005323254218582705,-0.001064650843716541,0.02943,0.95157,9.84924
71338383125,21.59,0.01064650843716541,0.003193952531149623,-0.001064650843716541,0.019620000000000002,0.85347,9.751140000000001
71343433630,21.59,0.002129301687433082,0.014905111812031574,-0.002129301687433082,-0.019620000000000002,0.69651,9.58437
71348484135,21.59,-0.011711159280881954,0.024504422698000388,-0.003193952531149623,-0.11772,0.60822,9.59418
71353534640,21.59,-0.013840460968315033,0.02663372438543347,0.003193952531149623,-0.22563,0.6180300000000001,9.623610000000001
71358585145,21.59,-0.003193952531149623,0.008517206749732328,0.003193952531149623,-0.24525000000000002,0.75537,9.751140000000001
71363635650,21.59,0.011711159280881954,-0.011711159280881954,0.0,-0.20601000000000003,0.9711900000000001,9.91791
71368686155,21.59,0.021310470166850764,-0.024504422698000388,0.0,-0.039240000000000004,0.9810000000000001,9.99639
71373736660,21.59,0.008517206749732328,-0.023439771854283843,0.0,-0.009810000000000001,0.86328,9.82962
71378787165,21.59,-0.01064650843716541,-0.015987215948268057,-0.001064650843716541,-0.019620000000000002,0.6670800000000001,9.70209
71383837670,21.59,-0.02556907354171693,-0.0,-0.003193952531149623,-0.04905,0.5395500000000001,9.633420000000001
71388888175,21.59,-0.022375121010567305,0.005323254218582705,-0.002129301687433082,-0.07848000000000001,0.5493600000000001,9.68247
71393938680,21.59,-0.005323254218582705,-0.005323254218582705,0.0,-0.039240000000000004,0.70632,9.85905
71398989185,21.59,0.012775810124598492,-0.0170518667919846,0.0,0.019620000000000002,0.89271,9.94734
71404039690,21.59,0.022375121010567305,-0.02769837522915001,-0.001064650843716541,0.10791,1.00062,9.888480000000001
71409090195,21.59,0.015987215948268057,-0.021310470166850764,-0.002129301687433082,0.20601000000000003,0.9123300000000001,9.770760000000001
71414140700,21.59,0.004258603374866164,0.0,-0.001064650843716541,0.20601000000000003,0.7651800000000001,9.59418
71419191205,21.59,-0.01811651763570114,0.02663372438543347,-0.006387905062299246,0.06867000000000001,0.5886,9.53532
71424241710,21.59,-0.01811651763570114,0.05965535383316618,-0.001064650843716541,-0.10791,0.51012,9.6138
71429292215,21.59,-0.004258603374866164,0.07243116395776468,0.0,-0.23544,0.5886,9.70209
71434342720,21.59,0.014905111812031574,0.05326744877086694,0.003193952531149623,-0.40221,0.7848,9.79038
71439393225,21.59,0.03089232776029963,0.013840460968315033,0.002129301687433082,-0.41202000000000005,1.0987200000000001,9.83943
71444443730,21.59,0.03408628029144926,-0.028763026072866547,0.0,-0.27468000000000004,1.2556800000000001,9.79038
71449494235,21.59,0.00958185759344887,-0.05965535383316618,-0.001064650843716541,-0.04905,1.1772,9.64323
71454544740,21.59,-0.02769837522915001,-0.054332099614583476,-0.002129301687433082,0.07848000000000001,0.9123300000000001,9.58437
71459595245,21.59,-0.05220279792715039,-0.03089232776029963,0.0,0.08829,0.5493600000000001,9.47646
71464645750,21.59,-0.06284930636431581,-0.004258603374866164,-0.002129301687433082,0.019620000000000002,0.38259000000000004,9.54513
71469696255,21.59,-0.03728023282259888,0.01811651763570114,0.001064650843716541,-0.06867000000000001,0.36297,9.79038
71474746760,21.59,-0.004258603374866164,0.031956978604016174,0.0,-0.15696000000000002,0.49050000000000005,9.97677
71479797265,21.59,0.023439771854283843,0.02663372438543347,0.002129301687433082,-0.1962,0.72594,10.01601
71484847770,21.59,0.033021629447732716,0.004258603374866164,0.001064650843716541,-0.17658,0.95157,9.98658
71489898275,21.59,0.02982767691658309,-0.02769837522915001,0.0,-0.04905,1.10853,9.908100000000001
71494948780,21.59,0.007452555906015787,-0.049008845396000776,-0.002129301687433082,0.13734000000000002,1.0987200000000001,9.78057
71499999285,21.59,-0.014905111812031574,-0.05007349623971732,-0.002129301687433082,0.26487,0.90252,9.69228
71505049790,21.59,-0.031956978604016174,-0.01811651763570114,0.0,0.25506,0.60822,9.64323
71510100295,21.59,-0.02982767691658309,0.022375121010567305,0.0,0.15696000000000002,0.37278,9.58437
71515150800,21.59,-0.0170518667919846,0.060720004676882725,0.001064650843716541,-0.06867000000000001,0.37278,9.66285
71520201305,21.59,0.003193952531149623,0.07990117315630041,0.001064650843716541,-0.20601000000000003,0.49050000000000005,9.751140000000001
71525251810,21.59,0.023439771854283843,0.07243116395776468,0.0,-0.37278,0.74556,9.78057
71530302315,21.59,0.04366813788489812,0.05007349623971732,0.0,-0.41202000000000005,1.04967,9.79038
71535352820,21.59,0.039409534510031964,0.022375121010567305,-0.004258603374866164,-0.42183,1.2360600000000002,9.751140000000001
71540403325,21.59,0.021310470166850764,-0.011711159280881954,0.0,-0.32373,1.24587,9.67266
71545453830,21.59,-0.003193952531149623,-0.04260348704118158,0.0,-0.27468000000000004,1.08891,9.46665
71550504335,21.59,-0.03515093113516579,-0.05965535383316618,0.003193952531149623,-0.13734000000000002,0.89271,9.36855
71555554840,21.59,-0.05965535383316618,-0.07030186227033158,0.001064650843716541,-0.05886,0.79461,9.358740000000001
71560605345,21.59,-0.06284930636431581,-0.07136651311404815,0.0,0.15696000000000002,0.69651,9.496080000000001
71565655850,21.59,-0.054332099614583476,-0.06284930636431581,0.0,0.26487,0.70632,9.60399
71570706355,21.59,-0.03834488366631542,-0.04153883619746504,0.001064650843716541,0.38259000000000004,0.60822,9.81
71575756860,21.59,-0.021310470166850764,-0.007452555906015787,0.0,0.40221,0.51993,9.888480000000001
71580807365,21.59,-0.008517206749732328,0.031956978604016174,-0.001064650843716541,0.25506,0.41202000000000005,9.89829
71585857870,21.59,-0.004258603374866164,0.06710790973918197,-0.002129301687433082,0.04905,0.41202000000000005,9.94734
71590908375,21.59,0.015987215948268057,0.09480628496833199,-0.002129301687433082,-0.16677000000000003,0.52974,9.908100000000001
71595958880,21.59,0.024504422698000388,0.10225884087434776,0.0,-0.35316,0.72594,9.908100000000001
71601009385,21.59,0.03515093113516579,0.08735372906231618,-0.003193952531149623,-0.51993,1.00062,9.92772
71606059890,21.59,0.0404741853537485,0.04581489286485115,0.001064650843716541,-0.5886,1.22625,9.85905
71611110395,21.59,0.013840460968315033,-0.003193952531149623,0.001064650843716541,-0.5591700000000001,1.16739,9.87867
71616160900,21.59,-0.01811651763570114,-0.054332099614583476,-0.002129301687433082,-0.42183,1.05948,9.770760000000001
71621211405,21.59,-0.05007349623971732,-0.09267698328089889,0.0,-0.22563,0.8338500000000001,9.760950000000001
71626261910,21.59,-0.06817256058289851,-0.11398745344774965,0.003193952531149623,-0.019620000000000002,0.6670800000000001,9.760950000000001
71631312415,21.59,-0.06604325889546543,-0.11611675513518273,0.0,0.18639,0.5493600000000001,9.80019
71636362920,21.59,-0.05220279792715039,-0.09267698328089889,-0.001064650843716541,0.47088,0.49050000000000005,9.78057
71641413425,21.59,-0.022375121010567305,-0.05326744877086694,0.0,0.60822,0.51993,9.60399
71646463930,21.59,-0.003193952531149623,-0.003193952531149623,0.0,0.65727,0.60822,9.60399
71651514435,21.59,0.012775810124598492,0.03408628029144926,-0.002129301687433082,0.59841,0.69651,9.56475
71656564940,21.59,0.014905111812031574,0.08309512568745003,-0.003193952531149623,0.41202000000000005,0.71613,9.623610000000001
71661615445,21.59,0.013840460968315033,0.11931070766633237,0.0,0.07848000000000001,0.73575,9.68247
71666665950,21.59,0.012775810124598492,0.13421581947836395,-0.005323254218582705,-0.23544,0.7848,9.79038
71671716455,21.59,0.01918116847941768,0.12144000935376545,-0.001064650843716541,-0.48069000000000006,0.79461,9.86886
71676766960,21.59,0.0170518667919846,0.09161233243718235,0.001064650843716541,-0.69651,0.9319500000000001,9.770760000000001
71681817465,21.59,0.0170518667919846,0.04153883619746504,0.002129301687433082,-0.79461,1.01043,9.69228
71686867970,21.59,0.003193952531149623,0.0,0.0,-0.75537,1.08891,9.633420000000001
71691918475,21.59,-0.015987215948268057,-0.0404741853537485,0.001064650843716541,-0.6180300000000001,1.03005,9.60399
71696968980,21.59,-0.03834488366631542,-0.06923721142661506,0.001064650843716541,-0.46107000000000004,0.9319500000000001,9.60399
71702019485,21.59,-0.06391395720803235,-0.09587093581204853,0.0,-0.28449,0.80442,9.73152
71707069990,21.59,-0.06817256058289851,-0.11292280260403312,0.005323254218582705,-0.07848000000000001,0.65727,9.819809999999999
71712120495,21.59,-0.06710790973918197,-0.11611675513518273,0.001064650843716541,0.16677000000000003,0.57879,9.908100000000001
71717171000,21.59,-0.05113814708343386,-0.10438814256178083,0.001064650843716541,0.41202000000000005,0.51012,9.87867
71722221505,21.59,-0.046879543708567686,-0.06391395720803235,-0.004258603374866164,0.5493600000000001,0.43164,9.85905
71727272010,21.59,-0.024504422698000388,-0.02663372438543347,-0.001064650843716541,0.63765,0.44145,9.751140000000001
71732322515,21.59,-0.00958185759344887,0.023439771854283843,-0.001064650843716541,0.5886,0.47088,9.81
71737373020,21.59,0.002129301687433082,0.06178465552059926,0.0,0.40221,0.57879,9.819809999999999
71742423525,21.59,0.022375121010567305,0.08948303074974927,0.0,0.18639,0.6670800000000001,9.87867
71747474030,21.59,0.028763026072866547,0.10438814256178083,-0.003193952531149623,-0.019620000000000002,0.8240400000000001,9.888480000000001
71752524535,21.59,0.03621558197888234,0.09374163412461543,-0.003193952531149623,-0.1962,0.9613800000000001,9.84924
71757575040,21.59,0.02769837522915001,0.07136651311404815,0.0,-0.33354000000000006,1.03986,9.74133
71762625545,21.59,0.007452555906015787,0.046879543708567686,-0.003193952531149623,-0.45126,1.03005,9.64323
71767676050,21.59,-0.01064650843716541,0.013840460968315033,0.001064650843716541,-0.46107000000000004,0.9613800000000001,9.64323
71772726555,21.59,-0.03515093113516579,-0.01918116847941768,-0.001064650843716541,-0.42183,0.8240400000000001,9.70209
71777777060,21.59,-0.044732788728614664,-0.04581489286485115,0.001064650843716541,-0.36297,0.6867000000000001,9.81
71782827565,21.59,-0.049008845396000776,-0.05752605214573309,0.001064650843716541,-0.23544,0.60822,9.83943
71787878070,21.59,-0.03621558197888234,-0.0756251164889143,0.004258603374866164,-0.08829,0.6180300000000001,9.819809999999999
71792928575,21.59,-0.023439771854283843,-0.07670722062515077,0.0,0.07848000000000001,0.6670800000000001,9.79038
71797979080,21.59,-0.012775810124598492,-0.06817256058289851,-0.001064650843716541,0.2943,0.79461,9.64323
71803029585,21.59,-0.011711159280881954,-0.04260348704118158,0.0,0.44145,0.8142300000000001,9.53532
71808080090,21.59,-0.0170518667919846,-0.015987215948268057,-0.002129301687433082,0.5395500000000001,0.7848,9.39798
71813130595,21.59,-0.028763026072866547,0.01811651763570114,-0.001064650843716541,0.46107000000000004,0.69651,9.4176
71818181100,21.59,-0.02982767691658309,0.05220279792715039,0.0,0.25506,0.6180300000000001,9.56475
71823231605,21.59,-0.021310470166850764,0.07030186227033158,0.001064650843716541,0.07848000000000001,0.6180300000000001,9.7119
71828282110,21.59,-0.008517206749732328,0.060720004676882725,0.0,-0.0981,0.65727,9.80019
71833332615,21.59,0.004258603374866164,0.04581489286485115,0.002129301687433082,-0.20601000000000003,0.8240400000000001,9.79038
71838383120,21.59,0.014905111812031574,0.028763026072866547,-0.002129301687433082,-0.18639,0.9711900000000001,9.7119
71843433625,21.59,0.005323254218582705,0.024504422698000388,-0.002129301687433082,-0.21582,0.9613800000000001,9.59418
71848484130,21.59,-0.0170518667919846,0.021310470166850764,0.0,-0.28449,0.9123300000000001,9.47646
71853534635,21.59,-0.0404741853537485,0.01918116847941768,-0.002129301687433082,-0.30411,0.79461,9.496080000000001
71858585140,21.59,-0.054332099614583476,0.022375121010567305,-0.002129301687433082,-0.40221,0.63765,9.6138
71863635645,21.59,-0.04794419455228423,0.021310470166850764,0.0,-0.43164,0.59841,9.83943
71868686150,21.59,-0.03728023282259888,0.012775810124598492,0.002129301687433082,-0.52974,0.57879,9.92772
71873736655,21.59,-0.024504422698000388,0.001064650843716541,0.0,-0.50031,0.5886,9.94734
71878787160,21.59,-0.014905111812031574,-0.00958185759344887,0.0,-0.51012,0.6768900000000001,9.91791
71883837665,21.59,-0.015987215948268057,-0.0170518667919846,0.0,-0.42183,0.75537,9.83943
71888888170,21.59,-0.024504422698000388,-0.02769837522915001,0.001064650843716541,-0.33354000000000006,0.8240400000000001,9.87867
71893938675,21.59,-0.03515093113516579,-0.046879543708567686,0.001064650843716541,-0.20601000000000003,0.85347,9.87867
71898989180,21.59,-0.039409534510031964,-0.06604325889546543,0.003193952531149623,-0.08829,0.84366,9.98658
71904039685,21.59,-0.04581489286485115,-0.08096582400001695,0.0,0.08829,0.80442,10.03563
71909090190,21.59,-0.049008845396000776,-0.09800023749948161,0.0,0.28449,0.6867000000000001,9.99639
71914140695,21.59,-0.05859070298944965,-0.08415977653116657,-0.003193952531149623,0.51012,0.43164,9.97677
71919191200,21.59,-0.05007349623971732,-0.054332099614583476,0.0,0.6278400000000001,0.31392000000000003,9.7119
71924241705,21.59,-0.039409534510031964,-0.013840460968315033,0.0,0.64746,0.42183,9.65304
71929292210,21.59,-0.00958185759344887,0.011711159280881954,0.0,0.6180300000000001,0.59841,9.74133
71934342715,21.59,0.007452555906015787,0.039409534510031964,-0.002129301687433082,0.5886,0.65727,9.819809999999999
71939393220,21.59,0.0170518667919846,0.07349581480148122,-0.001064650843716541,0.40221,0.6768900000000001,9.770760000000001
71944443725,21.59,0.01811651763570114,0.10119419003063122,0.0,0.13734000000000002,0.75537,9.64323
71949494230,21.59,0.023439771854283843,0.11505210429146619,-0.003193952531149623,-0.11772,0.7749900000000001,9.60399
71954544735,21.59,0.00958185759344887,0.11931070766633237,-0.002129301687433082,-0.38259000000000004,0.89271,9.59418
71959595240,21.59,0.005323254218582705,0.09800023749948161,-0.003193952531149623,-0.5395500000000001,0.9613800000000001,9.53532
71964645745,21.59,-0.002129301687433082,0.04794419455228423,0.0,-0.6867000000000001,1.03986,9.48627
71969696250,21.59,-0.022375121010567305,0.011711159280881954,0.0,-0.6768900000000001,1.02024,9.53532
71974746755,21.59,-0.03834488366631542,-0.012775810124598492,0.001064650843716541,-0.63765,0.8338500000000001,9.60399
71979797260,21.59,-0.05220279792715039,-0.02982767691658309,0.0,-0.63765,0.72594,9.633420000000001
71984847765,21.59,-0.05965535383316618,-0.06391395720803235,0.001064650843716541,-0.5493600000000001,0.6670800000000001,9.73152
71989898270,21.59,-0.06497860805174888,-0.08948303074974927,0.002129301687433082,-0.32373,0.59841,9.83943
71994948775,21.59,-0.06391395720803235,-0.10332349171806432,0.005323254218582705,-0.10791,0.59841,9.86886
71999999280,21.59,-0.05113814708343386,-0.09374163412461543,-0.002129301687433082,0.11772,0.59841,9.81
72005049785,21.59,-0.0404741853537485,-0.06391395720803235,-0.001064650843716541,0.28449,0.64746,9.760950000000001
72010100290,21.59,-0.031956978604016174,-0.03621558197888234,0.0,0.40221,0.6867000000000001,9.78057
72015150795,21.59,-0.03089232776029963,-0.012775810124598492,0.001064650843716541,0.46107000000000004,0.59841,9.81
72020201300,21.59,-0.0404741853537485,-0.004258603374866164,0.0,0.41202000000000005,0.51012,9.85905
72025251805,21.59,-0.0404741853537485,0.007452555906015787,0.0,0.34335000000000004,0.42183,9.85905
72030302310,21.59,-0.024504422698000388,0.023439771854283843,0.0,0.23544,0.51012,9.89829
72035352815,21.59,-0.006387905062299246,0.03515093113516579,0.0,0.1962,0.65727,9.96696
72040403320,21.59,0.008517206749732328,0.02982767691658309,-0.002129301687433082,0.17658,0.7848,9.97677
72045453825,21.59,0.007452555906015787,0.02769837522915001,-0.002129301687433082,0.14715,0.79461,9.81
72050504330,21.59,-0.002129301687433082,0.03408628029144926,-0.001064650843716541,0.04905,0.73575,9.60399
72055554835,21.59,-0.021310470166850764,0.05859070298944965,-0.006387905062299246,-0.07848000000000001,0.6867000000000001,9.52551
72060605340,21.59,-0.01918116847941768,0.08415977653116657,0.0,-0.26487,0.70632,9.6138
72065655845,21.59,-0.01811651763570114,0.08203047484373349,-0.002129301687433082,-0.47088,0.69651,9.73152
72070706350,21.59,-0.014905111812031574,0.05539675045830002,-0.002129301687433082,-0.6180300000000001,0.70632,9.79038
72075756855,21.59,-0.014905111812031574,0.02769837522915001,-0.001064650843716541,-0.65727,0.71613,9.751140000000001
72080807360,21.59,-0.012775810124598492,0.001064650843716541,0.0,-0.6278400000000001,0.8338500000000001,9.58437
72085857865,21.59,-0.01811651763570114,-0.028763026072866547,0.004258603374866164,-0.56898,0.9221400000000001,9.55494
72090908370,21.59,-0.03515093113516579,-0.06817256058289851,0.002129301687433082,-0.3924,1.01043,9.59418
72095958875,21.59,-0.054332099614583476,-0.11292280260403312,0.003193952531149623,-0.12753,1.02024,9.64323
72101009380,21.59,-0.07456046564519776,-0.14062117783318315,0.002129301687433082,0.23544,0.89271,9.70209
72106059885,21.59,-0.0852244273748831,-0.13421581947836395,0.001064650843716541,0.49050000000000005,0.63765,9.72171
72111110390,21.59,-0.10438814256178083,-0.09161233243718235,0.0,0.69651,0.35316,9.73152
72116160895,21.59,-0.09161233243718235,-0.049008845396000776,0.002129301687433082,0.69651,0.0981,9.751140000000001
72121211400,21.59,-0.07030186227033158,0.001064650843716541,0.0,0.60822,0.019620000000000002,9.89829
72126261905,21.59,-0.02769837522915001,0.05326744877086694,0.0,0.44145,0.039240000000000004,9.89829
72131312410,21.59,0.011711159280881954,0.11079350091660004,-0.003193952531149623,0.21582,0.26487,9.937529999999999
72136362915,21.59,0.044732788728614664,0.13955652698946658,-0.001064650843716541,-0.02943,0.5886,10.074869999999999
72141413420,21.59,0.05646140130201656,0.14487978120804929,-0.001064650843716541,-0.32373,0.94176,10.05525
72146463925,21.59,0.05326744877086694,0.11398745344774965,-0.002129301687433082,-0.50031,1.19682,9.82962
72151514430,21.59,0.023439771854283843,0.07456046564519776,0.0,-0.65727,1.22625,9.79038
72156564935,21.59,-0.013840460968315033,0.015987215948268057,0.002129301687433082,-0.6768900000000001,1.05948,9.52551
72161615440,21.59,-0.05539675045830002,-0.05007349623971732,0.001064650843716541,-0.57879,0.9319500000000001,9.46665
72166665945,21.59,-0.07990117315630041,-0.08309512568745003,-0.001064650843716541,-0.40221,0.79461,9.54513
72171716450,21.59,-0.0852244273748831,-0.10653489754173388,0.003193952531149623,-0.1962,0.6180300000000001,9.74133
72176766955,21.59,-0.08735372906231618,-0.11398745344774965,0.0,-0.009810000000000001,0.41202000000000005,9.751140000000001
72181817460,21.59,-0.07883652231258387,-0.08841837990603273,0.0,0.20601000000000003,0.28449,9.819809999999999
72186867965,21.59,-0.05539675045830002,-0.05752605214573309,0.005323254218582705,0.2943,0.30411,9.73152
72191918470,21.59,-0.03621558197888234,-0.02556907354171693,0.002129301687433082,0.36297,0.43164,9.751140000000001
72196968975,21.59,-0.011711159280881954,0.0,0.003193952531149623,0.46107000000000004,0.52974,9.770760000000001
72202019480,21.59,-0.003193952531149623,0.008517206749732328,0.0,0.45126,0.73575,9.67266
72207069985,21.59,0.0,0.028763026072866547,0.0,0.42183,0.84366,9.60399
72212120490,21.59,-0.002129301687433082,0.05646140130201656,0.0,0.28449,0.8240400000000001,9.57456
72217170995,21.59,-0.02663372438543347,0.08415977653116657,-0.002129301687433082,0.0981,0.73575,9.56475
72222221500,21.59,-0.03089232776029963,0.08948303074974927,-0.001064650843716541,-0.14715,0.6278400000000001,9.623610000000001
72227272005,21.59,-0.04153883619746504,0.08948303074974927,-0.004258603374866164,-0.38259000000000004,0.5493600000000001,9.73152
72232322510,21.59,-0.0404741853537485,0.06604325889546543,0.0,-0.5493600000000001,0.5395500000000001,9.80019
72237373015,21.59,-0.03728023282259888,0.02982767691658309,0.001064650843716541,-0.6278400000000001,0.60822,9.85905
72242423520,21.59,-0.03515093113516579,-0.00958185759344887,0.0,-0.63765,0.74556,9.97677
72247474025,21.59,-0.024504422698000388,-0.06710790973918197,0.001064650843716541,-0.42183,0.8829,9.89829
72252524530,21.59,-0.03515093113516579,-0.1097288500728835,0.001064650843716541,-0.20601000000000003,0.95157,9.89829
72257575035,21.59,-0.05539675045830002,-0.12144000935376545,0.0,0.16677000000000003,0.7651800000000001,9.84924
72262625540,21.59,-0.07777187146886733,-0.09054768159346581,0.0,0.38259000000000004,0.49050000000000005,9.68247
72267676045,21.59,-0.08203047484373349,-0.039409534510031964,0.0,0.38259000000000004,0.1962,9.6138
72272726550,21.59,-0.08096582400001695,0.00958185759344887,-0.002129301687433082,0.26487,0.10791,9.67266
72277777055,21.59,-0.05646140130201656,0.02982767691658309,-0.001064650843716541,0.16677000000000003,0.20601000000000003,9.84924
72282827560,21.59,-0.013840460968315033,0.02663372438543347,0.0,0.16677000000000003,0.46107000000000004,9.98658
72287878065,21.59,0.00958185759344887,0.023439771854283843,0.0,0.14715,0.72594,9.99639
72292928570,21.59,0.01811651763570114,0.02556907354171693,0.001064650843716541,0.11772,0.90252,9.888480000000001
72297979075,21.59,0.007452555906015787,0.02556907354171693,-0.004258603374866164,0.12753,0.89271,9.72171
72303029580,21.59,-0.015987215948268057,0.039409534510031964,-0.002129301687433082,0.05886,0.75537,9.58437
72308080085,21.59,-0.03834488366631542,0.049008845396000776,0.0,-0.13734000000000002,0.59841,9.39798
72313130590,21.59,-0.05539675045830002,0.05113814708343386,-0.001064650843716541,-0.2943,0.51993,9.46665
72318181095,21.59,-0.04794419455228423,0.04153883619746504,0.001064650843716541,-0.34335000000000004,0.5493600000000001,9.60399
72323231600,21.59,-0.03728023282259888,0.01918116847941768,0.001064650843716541,-0.3924,0.72594,9.72171
72328282105,21.59,-0.023439771854283843,-0.01918116847941768,0.002129301687433082,-0.33354000000000006,0.84366,9.79038
72333332610,21.59,-0.031956978604016174,-0.05326744877086694,-0.001064650843716541,-0.20601000000000003,0.85347,9.80019
72338383115,21.59,-0.05326744877086694,-0.07349581480148122,0.002129301687433082,-0.039240000000000004,0.70632,9.68247
72343433620,21.59,-0.08096582400001695,-0.05859070298944965,-0.001064650843716541,0.08829,0.47088,9.68247
72348484125,21.59,-0.08203047484373349,-0.01918116847941768,0.001064650843716541,0.06867000000000001,0.25506,9.64323
72353534630,21.59,-0.07670722062515077,-0.002129301687433082,0.001064650843716541,0.019620000000000002,0.26487,9.751140000000001
72358585135,21.59,-0.05326744877086694,-0.003193952531149623,0.0,0.009810000000000001,0.36297,9.92772
72363635640,21.59,-0.024504422698000388,-0.004258603374866164,0.002129301687433082,0.0981,0.51993,10.01601
72368686145,21.59,-0.014905111812031574,-0.008517206749732328,0.0,0.13734000000000002,0.70632,9.89829
72373736650,21.59,-0.022375121010567305,-0.00958185759344887,-0.004258603374866164,0.20601000000000003,0.73575,9.85905
72378787155,21.59,-0.033021629447732716,0.004258603374866164,-0.001064650843716541,0.20601000000000003,0.59841,9.85905
72383837660,21.59,-0.04366813788489812,0.023439771854283843,0.0,0.11772,0.44145,9.70209
72388888165,21.59,-0.05326744877086694,0.03408628029144926,-0.002129301687433082,-0.04905,0.40221,9.74133
72393938670,21.59,-0.04366813788489812,0.03834488366631542,0.0,-0.13734000000000002,0.37278,9.84924
72398989175,21.59,-0.02663372438543347,0.028763026072866547,0.001064650843716541,-0.21582,0.48069000000000006,9.82962
72404039680,21.59,-0.014905111812031574,0.020245819323134222,0.002129301687433082,-0.21582,0.6867000000000001,9.81
72409090185,21.59,-0.01064650843716541,0.0,0.0,-0.14715,0.8338500000000001,9.751140000000001
72414140690,21.59,-0.024504422698000388,-0.01811651763570114,-0.002129301687433082,-0.10791,0.86328,9.69228
72419191195,21.59,-0.04366813788489812,-0.015987215948268057,-0.003193952531149623,-0.019620000000000002,0.6180300000000001,9.65304
72424241700,21.59,-0.06284930636431581,-0.003193952531149623,0.001064650843716541,-0.05886,0.46107000000000004,9.58437
72429292205,21.59,-0.07456046564519776,-0.006387905062299246,-0.001064650843716541,-0.10791,0.41202000000000005,9.57456
72434342710,21.59,-0.05965535383316618,-0.013840460968315033,0.0,-0.06867000000000001,0.45126,9.74133
72439393215,21.59,-0.0404741853537485,-0.015987215948268057,0.003193952531149623,-0.019620000000000002,0.51993,9.80019
72444443720,21.59,-0.033021629447732716,-0.01811651763570114,0.002129301687433082,0.05886,0.6180300000000001,9.7119
72449494225,21.59,-0.031956978604016174,-0.011711159280881954,0.0,0.10791,0.6278400000000001,9.760950000000001
72454544730,21.59,-0.04366813788489812,-0.004258603374866164,0.001064650843716541,0.10791,0.5493600000000001,9.72171
72459595235,21.59,-0.06178465552059926,-0.005323254218582705,0.0,0.07848000000000001,0.43164,9.69228
72464645740,21.59,-0.05859070298944965,-0.004258603374866164,0.0,0.019620000000000002,0.46107000000000004,9.79038
72469696245,21.59,-0.046879543708567686,-0.001064650843716541,0.0,0.05886,0.46107000000000004,9.87867
72474746750,21.59,-0.04366813788489812,-0.0,-0.001064650843716541,0.02943,0.43164,9.82962
72479797255,21.59,-0.03408628029144926,0.022375121010567305,-0.004258603374866164,0.0,0.47088,9.81
72484847760,21.59,-0.021310470166850764,0.039409534510031964,0.0,-0.06867000000000001,0.48069000000000006,9.760950000000001
72489898265,21.59,-0.03515093113516579,0.024504422698000388,0.0,-0.17658,0.56898,9.67266
72494948770,21.59,-0.039409534510031964,0.002129301687433082,-0.004258603374866164,-0.13734000000000002,0.6670800000000001,9.760950000000001
72499999275,21.59,-0.03834488366631542,-0.00958185759344887,0.002129301687433082,-0.07848000000000001,0.6768900000000001,9.87867
72505049780,21.59,-0.04581489286485115,-0.024504422698000388,0.004258603374866164,-0.009810000000000001,0.65727,9.81
72510100285,21.59,-0.049008845396000776,-0.021310470166850764,0.0,0.009810000000000001,0.51993,9.819809999999999
72515150790,21.59,-0.05113814708343386,-0.006387905062299246,0.001064650843716541,0.0,0.34335000000000004,9.760950000000001
72520201295,21.59,-0.05752605214573309,-0.001064650843716541,0.0,-0.02943,0.31392000000000003,9.54513
72525251800,21.59,-0.05326744877086694,0.0,0.0,-0.019620000000000002,0.44145,9.67266
72530302305,21.59,-0.04260348704118158,0.0,0.003193952531149623,0.009810000000000001,0.51012,9.751140000000001
72535352810,21.59,-0.04153883619746504,-0.01064650843716541,-0.001064650843716541,0.04905,0.65727,9.81
72540403315,21.59,-0.04153883619746504,-0.012775810124598492,-0.001064650843716541,0.10791,0.64746,9.86886
72545453820,21.59,-0.046879543708567686,0.002129301687433082,-0.001064650843716541,0.0981,0.44145,9.94734
72550504325,21.59,-0.05859070298944965,-0.001064650843716541,0.0,0.009810000000000001,0.32373,9.751140000000001
72555554830,21.59,-0.05859070298944965,0.004258603374866164,-0.001064650843716541,-0.009810000000000001,0.27468000000000004,9.770760000000001
72560605335,21.59,-0.05220279792715039,0.01811651763570114,0.001064650843716541,-0.05886,0.24525000000000002,9.760950000000001
72565655840,21.59,-0.03728023282259888,0.007452555906015787,0.0,-0.05886,0.5886,9.6138
72570706345,21.59,-0.023439771854283843,-0.0,-0.001064650843716541,-0.02943,0.71613,9.85905
72575756850,21.59,-0.02663372438543347,0.003193952531149623,0.0,0.04905,0.70632,9.84924
72580807355,21.59,-0.04366813788489812,-0.006387905062299246,-0.001064650843716541,0.0,0.57879,9.770760000000001
72585857860,21.59,-0.05965535383316618,-0.004258603374866164,0.0,0.019620000000000002,0.42183,9.68247
72590908365,21.59,-0.06923721142661506,0.0,0.002129301687433082,-0.06867000000000001,0.25506,9.69228
72595958870,21.59,-0.06817256058289851,-0.003193952531149623,-0.001064650843716541,-0.06867000000000001,0.32373,9.67266
72601009375,21.59,-0.04794419455228423,0.003193952531149623,-0.001064650843716541,-0.05886,0.38259000000000004,9.83943
72606059880,21.59,-0.02982767691658309,0.00958185759344887,0.003193952531149623,-0.04905,0.48069000000000006,9.760950000000001
72611110385,21.59,-0.02663372438543347,0.0,0.0,0.0,0.69651,9.69228
72616160890,21.59,-0.031956978604016174,-0.003193952531149623,-0.001064650843716541,0.019620000000000002,0.65727,9.78057
72621211395,21.59,-0.05007349623971732,-0.001064650843716541,0.0,0.04905,0.57879,9.69228
72626261900,21.59,-0.07136651311404815,-0.012775810124598492,0.0,0.02943,0.45126,9.65304
72631312405,21.59,-0.07243116395776468,-0.006387905062299246,0.001064650843716541,0.019620000000000002,0.2943,9.819809999999999
72636362910,21.59,-0.06923721142661506,0.006387905062299246,0.001064650843716541,-0.04905,0.18639,9.888480000000001
72641413415,21.59,-0.054332099614583476,-0.0,-0.001064650843716541,-0.11772,0.32373,9.83943
72646463920,21.59,-0.03089232776029963,-0.00958185759344887,0.0,0.0,0.49050000000000005,9.85905
72651514425,21.59,-0.02982767691658309,-0.021310470166850764,0.001064650843716541,0.0981,0.60822,9.85905
72656564930,21.59,-0.033021629447732716,-0.02663372438543347,-0.003193952531149623,0.1962,0.65727,9.69228
72661615435,21.59,-0.05113814708343386,-0.002129301687433082,0.0,0.22563,0.49050000000000005,9.751140000000001
72666665940,21.59,-0.06710790973918197,0.011711159280881954,0.0,0.13734000000000002,0.2943,9.69228
72671716445,21.59,-0.06817256058289851,0.013840460968315033,0.001064650843716541,0.009810000000000001,0.25506,9.74133
72676766950,21.59,-0.054332099614583476,0.01918116847941768,0.0,-0.02943,0.28449,9.85905
72681817455,21.59,-0.03728023282259888,0.0170518667919846,0.0,-0.04905,0.3924,9.80019
72686867960,21.59,-0.02556907354171693,0.014905111812031574,0.0,-0.04905,0.51012,9.74133
72691918465,21.59,-0.022375121010567305,0.023439771854283843,0.0,-0.02943,0.59841,9.68247
72696968970,21.59,-0.03621558197888234,0.021310470166850764,0.0,-0.0981,0.60822,9.623610000000001
72702019475,21.59,-0.05539675045830002,0.008517206749732328,0.0,-0.11772,0.5395500000000001,9.633420000000001
72707069980,21.59,-0.07030186227033158,-0.005323254218582705,0.0,-0.12753,0.43164,9.79038
72712120485,21.59,-0.0756251164889143,-0.021310470166850764,0.0,-0.14715,0.36297,9.81
72717170990,21.59,-0.06923721142661506,-0.023439771854283843,0.0,-0.0981,0.31392000000000003,9.87867
72722221495,21.59,-0.05752605214573309,-0.02556907354171693,0.0,-0.04905,0.2943,9.888480000000001
72727272000,21.59,-0.05113814708343386,-0.023439771854283843,0.0,0.0,0.33354000000000006,9.770760000000001
72732322505,21.59,-0.05220279792715039,-0.02769837522915001,0.0,0.11772,0.40221,9.72171
72737373010,21.59,-0.054332099614583476,-0.01811651763570114,0.0,0.17658,0.47088,9.770760000000001
72742423515,21.59,-0.05220279792715039,-0.008517206749732328,0.0,0.20601000000000003,0.47088,9.80019
72747474020,21.59,-0.05752605214573309,0.004258603374866164,0.0,0.18639,0.42183,9.819809999999999
72752524525,21.59,-0.05220279792715039,0.007452555906015787,0.0,0.14715,0.31392000000000003,9.888480000000001
72757575030,21.59,-0.05539675045830002,0.011711159280881954,0.0,0.07848000000000001,0.1962,9.84924
72762625535,21.59,-0.05007349623971732,0.012775810124598492,0.0,0.0,0.26487,9.68247
72767676040,21.59,-0.039409534510031964,0.028763026072866547,0.0,-0.009810000000000001,0.37278,9.70209
72772726545,21.59,-0.02982767691658309,0.03728023282259888,0.0,-0.05886,0.52974,9.66285
72777777050,21.59,-0.03089232776029963,0.03089232776029963,0.0,-0.06867000000000001,0.64746,9.69228
72782827555,21.59,-0.03834488366631542,0.01064650843716541,0.0,-0.0981,0.57879,9.81
72787878060,21.59,-0.06284930636431581,-0.003193952531149623,0.0,-0.10791,0.43164,9.770760000000001
72792928565,21.59,-0.07883652231258387,-0.014905111812031574,0.0,-0.14715,0.27468000000000004,9.7119
72797979070,21.59,-0.07349581480148122,-0.01064650843716541,0.0,-0.15696000000000002,0.23544,9.83943
72803029575,21.59,-0.06391395720803235,-0.01811651763570114,0.0,-0.07848000000000001,0.25506,9.80019
72808080080,21.59,-0.05326744877086694,-0.04153883619746504,0.0,0.0,0.36297,9.83943
72813130585,21.59,-0.05220279792715039,-0.03728023282259888,0.0,0.15696000000000002,0.41202000000000005,9.81
72818181090,21.59,-0.054332099614583476,-0.02982767691658309,0.0,0.23544,0.40221,9.65304
72823231595,21.59,-0.05752605214573309,-0.006387905062299246,0.0,0.24525000000000002,0.36297,9.70209
72828282100,21.59,-0.06497860805174888,0.023439771854283843,0.0,0.1962,0.26487,9.79038
72833332605,21.59,-0.05965535383316618,0.022375121010567305,0.0,0.0981,0.20601000000000003,9.751140000000001
72838383110,21.59,-0.05752605214573309,0.012775810124598492,0.0,0.04905,0.21582,9.84924
72843433615,21.59,-0.04581489286485115,0.013840460968315033,0.0,0.0,0.27468000000000004,9.82962
72848484120,21.59,-0.03089232776029963,0.01918116847941768,0.0,-0.019620000000000002,0.43164,9.67266
72853534625,21.59,-0.02663372438543347,0.02769837522915001,0.0,-0.019620000000000002,0.51993,9.7119
72858585130,21.59,-0.03515093113516579,0.022375121010567305,0.0,-0.04905,0.5493600000000001,9.7119
72863635635,21.59,-0.06178465552059926,0.004258603374866164,0.0,-0.06867000000000001,0.44145,9.66285
72868686140,21.59,-0.08096582400001695,-0.00958185759344887,0.0,-0.07848000000000001,0.34335000000000004,9.751140000000001
72873736645,21.59,-0.07883652231258387,-0.012775810124598492,0.0,-0.08829,0.24525000000000002,9.80019
72878787150,21.59,-0.07883652231258387,-0.014905111812031574,0.0,-0.08829,0.21582,9.908100000000001
72883837655,21.59,-0.06178465552059926,-0.01811651763570114,0.0,-0.04905,0.23544,10.006200000000002
72888888160,21.59,-0.05113814708343386,-0.02769837522915001,0.0,0.039240000000000004,0.25506,9.91791
72893938665,21.59,-0.05539675045830002,-0.033021629447732716,0.0,0.11772,0.27468000000000004,9.78057
72898989170,21.59,-0.05113814708343386,-0.028763026072866547,0.0,0.18639,0.33354000000000006,9.68247
72904039675,21.59,-0.05752605214573309,0.0,0.0,0.21582,0.37278,9.7119
72909090180,21.59,-0.05859070298944965,0.013840460968315033,0.0,0.1962,0.33354000000000006,9.80019
72914140685,21.59,-0.05646140130201656,0.013840460968315033,0.0,0.12753,0.24525000000000002,9.89829
72919191190,21.59,-0.054332099614583476,0.008517206749732328,0.0,0.06867000000000001,0.17658,9.86886
72924241695,21.59,-0.044732788728614664,0.011711159280881954,0.0,0.02943,0.20601000000000003,9.7119
72929292200,21.59,-0.039409534510031964,0.021310470166850764,0.0,0.0,0.33354000000000006,9.69228
72934342705,21.59,-0.03728023282259888,0.033021629447732716,0.0,0.0,0.42183,9.73152
72939393210,21.59,-0.0404741853537485,0.024504422698000388,0.0,-0.05886,0.43164,9.70209
72944443715,21.59,-0.05326744877086694,0.012775810124598492,0.0,-0.10791,0.38259000000000004,9.760950000000001
72949494220,21.59,-0.06710790973918197,-0.001064650843716541,0.0,-0.12753,0.33354000000000006,9.751140000000001
72954544725,21.59,-0.07136651311404815,-0.012775810124598492,0.0,-0.10791,0.28449,9.760950000000001
72959595230,21.59,-0.06497860805174888,-0.021310470166850764,0.0,-0.08829,0.30411,9.89829
72964645735,21.59,-0.05965535383316618,-0.033021629447732716,0.0,0.0,0.22563,9.86886
72969696240,21.59,-0.06604325889546543,-0.03089232776029963,0.0,0.10791,0.16677000000000003,9.770760000000001
72974746745,21.59,-0.06178465552059926,-0.023439771854283843,0.0,0.11772,0.1962,9.67266
72979797250,21.59,-0.05859070298944965,-0.008517206749732328,0.0,0.15696000000000002,0.27468000000000004,9.633420000000001
72984847755,21.59,-0.05859070298944965,0.004258603374866164,0.0,0.17658,0.34335000000000004,9.7119
72989898260,21.59,-0.05646140130201656,0.007452555906015787,0.0,0.15696000000000002,0.32373,9.85905
72994948765,21.59,-0.054332099614583476,0.007452555906015787,0.0,0.15696000000000002,0.24525000000000002,9.888480000000001
72999999270,21.59,-0.05859070298944965,0.008517206749732328,0.0,0.07848000000000001,0.14715,9.80019
73005049775,21.59,-0.05646140130201656,0.012775810124598492,0.0,0.02943,0.17658,9.7119
73010100280,21.59,-0.05220279792715039,0.01811651763570114,0.0,0.009810000000000001,0.25506,9.72171
73015150785,21.59,-0.05113814708343386,0.012775810124598492,0.0,0.009810000000000001,0.36297,9.73152
73020201290,21.59,-0.05007349623971732,-0.002129301687433082,0.0,0.039240000000000004,0.38259000000000004,9.83943
73025251795,21.59,-0.06178465552059926,0.0,0.0,0.06867000000000001,0.28449,9.82962
73030302300,21.59,-0.06710790973918197,-0.003193952531149623,0.0,0.04905,0.15696000000000002,9.760950000000001
73035352805,21.59,-0.06817256058289851,0.003193952531149623,0.0,-0.039240000000000004,0.11772,9.888480000000001
73040403310,21.59,-0.06497860805174888,-0.003193952531149623,0.0,-0.039240000000000004,0.12753,9.937529999999999
73045453815,21.59,-0.05326744877086694,-0.01064650843716541,0.0,0.0,0.15696000000000002,9.89829
73050504320,21.59,-0.05326744877086694,-0.011711159280881954,0.0,0.05886,0.17658,9.87867
73055554825,21.59,-0.049008845396000776,-0.005323254218582705,0.0,0.07848000000000001,0.23544,9.74133
73060605330,21.59,-0.04581489286485115,0.001064650843716541,0.0,0.04905,0.31392000000000003,9.67266
73065655835,21.59,-0.05007349623971732,0.003193952531149623,0.0,0.0981,0.37278,9.751140000000001
73070706340,21.59,-0.05965535383316618,-0.003193952531149623,0.0,0.08829,0.32373,9.73152
73075756845,21.59,-0.06391395720803235,-0.012775810124598492,0.0,0.12753,0.26487,9.770760000000001
73080807350,21.59,-0.06710790973918197,-0.004258603374866164,0.0,0.14715,0.12753,9.770760000000001
73085857855,21.59,-0.06923721142661506,-0.001064650843716541,0.0,0.08829,0.08829,9.72171
73090908360,21.59,-0.06497860805174888,-0.006387905062299246,0.0,0.05886,0.10791,9.73152
73095958865,21.59,-0.060720004676882725,-0.011711159280881954,0.0,0.12753,0.20601000000000003,9.79038
73101009370,21.59,-0.049008845396000776,-0.011711159280881954,0.0,0.16677000000000003,0.25506,9.74133
73106059875,21.59,-0.05752605214573309,0.006387905062299246,0.0,0.21582,0.20601000000000003,9.84924
73111110380,21.59,-0.054332099614583476,0.02556907354171693,0.0,0.10791,0.13734000000000002,9.82962
73116160885,21.59,-0.060720004676882725,0.02663372438543347,0.0,0.0,0.0981,9.80019
73121211390,21.59,-0.06284930636431581,0.020245819323134222,0.0,-0.07848000000000001,0.08829,9.82962
73126261895,21.59,-0.05113814708343386,0.004258603374866164,0.0,-0.07848000000000001,0.20601000000000003,9.81
73131312400,21.59,-0.04794419455228423,0.003193952531149623,0.0,-0.02943,0.28449,9.760950000000001
73136362905,21.59,-0.04366813788489812,-0.002129301687433082,0.0,0.02943,0.33354000000000006,9.80019
73141413410,21.59,-0.05220279792715039,-0.004258603374866164,0.0,0.009810000000000001,0.27468000000000004,9.760950000000001
73146463915,21.59,-0.06923721142661506,-0.007452555906015787,0.0,0.0,0.20601000000000003,9.65304
73151514420,21.59,-0.07030186227033158,-0.02556907354171693,0.0,0.02943,0.20601000000000003,9.68247
73156564925,21.59,-0.07990117315630041,-0.020245819323134222,0.0,0.11772,0.14715,9.80019
73161615430,21.59,-0.0756251164889143,-0.012775810124598492,0.0,0.15696000000000002,0.07848000000000001,9.84924
73166665935,21.59,-0.07136651311404815,-0.002129301687433082,0.0,0.0981,0.0,9.83943
73171716440,21.59,-0.06391395720803235,0.004258603374866164,0.0,0.08829,0.0,9.908100000000001
73176766945,21.59,-0.05646140130201656,0.002129301687433082,0.0,0.06867000000000001,0.06867000000000001,9.81
73181817450,21.59,-0.05326744877086694,-0.005323254218582705,0.0,0.0981,0.17658,9.770760000000001
73186867955,21.59,-0.049008845396000776,-0.006387905062299246,0.0,0.16677000000000003,0.25506,9.86886
73191918460,21.59,-0.054332099614583476,0.002129301687433082,0.0,0.16677000000000003,0.23544,9.91791
73196968965,21.59,-0.054332099614583476,0.00958185759344887,0.0,0.13734000000000002,0.13734000000000002,9.87867
73202019470,21.59,-0.054332099614583476,0.020245819323134222,0.0,0.06867000000000001,0.07848000000000001,9.81
73207069975,21.59,-0.06391395720803235,0.01811651763570114,0.0,0.0,0.019620000000000002,9.72171
73212120480,21.59,-0.05859070298944965,0.005323254218582705,0.0,-0.019620000000000002,0.05886,9.751140000000001
73217170985,21.59,-0.060720004676882725,0.002129301687433082,0.0,-0.019620000000000002,0.14715,9.751140000000001
73222221490,21.59,-0.049008845396000776,-0.003193952531149623,0.0,0.009810000000000001,0.27468000000000004,9.751140000000001
73227271995,21.59,-0.046879543708567686,-0.00958185759344887,0.0,0.06867000000000001,0.2943,9.80019
73232322500,21.59,-0.05007349623971732,-0.012775810124598492,0.0,0.11772,0.20601000000000003,9.82962
73237373005,21.59,-0.07136651311404815,-0.008517206749732328,0.0,0.10791,0.07848000000000001,9.7119
73242423510,21.59,-0.08628907821859966,-0.004258603374866164,0.0,0.039240000000000004,-0.009810000000000001,9.73152
73247474015,21.59,-0.07990117315630041,-0.005323254218582705,0.0,0.02943,0.0,9.78057
73252524520,21.59,-0.06604325889546543,-0.00958185759344887,0.0,0.07848000000000001,0.009810000000000001,9.760950000000001
73257575025,21.59,-0.060720004676882725,-0.007452555906015787,0.0,0.0981,0.0981,9.87867
73262625530,21.59,-0.0404741853537485,-0.014905111812031574,0.0,0.13734000000000002,0.20601000000000003,9.81
73267676035,21.59,-0.044732788728614664,-0.004258603374866164,0.0,0.17658,0.15696000000000002,9.937529999999999
73272726540,21.59,-0.05965535383316618,0.006387905062299246,0.0,0.16677000000000003,0.0,9.79038
73277777045,21.59,-0.07136651311404815,0.01811651763570114,0.0,0.08829,0.0,9.72171
73282827550,21.59,-0.07030186227033158,0.015987215948268057,0.0,0.05886,0.05886,9.7119
73287878055,21.59,-0.05539675045830002,0.004258603374866164,0.0,0.05886,0.07848000000000001,9.85905
73292928560,21.59,-0.04366813788489812,0.0,0.0,0.02943,0.15696000000000002,9.760950000000001
73297979065,21.59,-0.04153883619746504,0.001064650843716541,0.0,0.05886,0.1962,9.83943
73303029570,21.59,-0.039409534510031964,0.003193952531149623,0.0,0.039240000000000004,0.17658,9.770760000000001
73308080075,21.59,-0.06284930636431581,0.008517206749732328,0.0,-0.009810000000000001,0.08829,9.73152
73313130580,21.59,-0.0756251164889143,-0.004258603374866164,0.0,0.0,0.019620000000000002,9.69228
73318181085,21.59,-0.08096582400001695,-0.00958185759344887,0.0,-0.009810000000000001,0.019620000000000002,9.819809999999999
73323231590,21.59,-0.07030186227033158,-0.023439771854283843,0.0,0.05886,0.019620000000000002,9.91791
73328282095,21.59,-0.05752605214573309,-0.022375121010567305,0.0,0.0981,0.039240000000000004,9.937529999999999
73333332600,21.59,-0.05539675045830002,-0.012775810124598492,0.0,0.15696000000000002,0.02943,9.94734
73338383105,21.59,-0.05539675045830002,-0.002129301687433082,0.0,0.14715,0.0,9.83943
73343433610,21.59,-0.060720004676882725,0.006387905062299246,0.0,0.12753,-0.02943,9.79038
73348484115,21.59,-0.06284930636431581,0.007452555906015787,0.0,0.11772,0.02943,9.80019
73353534620,21.59,-0.06710790973918197,0.01064650843716541,0.0,0.10791,0.02943,9.82962
73358585125,21.59,-0.05539675045830002,0.0,0.0,0.0981,0.019620000000000002,9.770760000000001
73363635630,21.59,-0.046879543708567686,-0.011711159280881954,0.0,0.06867000000000001,0.16677000000000003,9.82962
73368686135,21.59,-0.04153883619746504,-0.0170518667919846,0.0,0.18639,0.15696000000000002,9.87867
73373736640,21.59,-0.05113814708343386,-0.003193952531149623,0.0,0.20601000000000003,0.07848000000000001,9.908100000000001
73378787145,21.59,-0.06178465552059926,0.012775810124598492,0.0,0.14715,-0.019620000000000002,9.633420000000001
73383837650,21.59,-0.06923721142661506,0.028763026072866547,0.0,0.05886,0.039240000000000004,9.66285
73388888155,21.59,-0.08309512568745003,0.02769837522915001,0.0,0.019620000000000002,0.0,9.72171
73393938660,21.59,-0.06817256058289851,0.004258603374866164,0.0,0.009810000000000001,0.02943,9.770760000000001
73398989165,21.59,-0.05965535383316618,-0.015987215948268057,0.0,0.019620000000000002,0.02943,9.81
73404039670,21.59,-0.049008845396000776,-0.028763026072866547,0.0,0.07848000000000001,0.02943,9.92772
73409090175,21.59,-0.04794419455228423,-0.028763026072866547,0.0,0.13734000000000002,0.019620000000000002,9.98658
73414140680,21.59,-0.06391395720803235,-0.006387905062299246,0.0,0.13734000000000002,0.0,9.97677
73419191185,21.59,-0.06923721142661506,0.003193952531149623,0.0,0.15696000000000002,-0.05886,9.760950000000001
73424241690,21.59,-0.0756251164889143,0.021310470166850764,0.0,0.11772,0.009810000000000001,9.72171
73429292195,21.59,-0.06604325889546543,0.02982767691658309,0.0,0.11772,-0.039240000000000004,9.6138
73434342700,21.59,-0.05752605214573309,0.012775810124598492,0.0,0.02943,0.0,9.73152
73439393205,21.59,-0.05220279792715039,-0.012775810124598492,0.0,0.039240000000000004,0.0,9.82962
73444443710,21.59,-0.046879543708567686,-0.03408628029144926,0.0,0.10791,-0.009810000000000001,9.89829
73449494215,21.59,-0.05326744877086694,-0.0404741853537485,0.0,0.20601000000000003,0.009810000000000001,9.92772
73454544720,21.59,-0.05646140130201656,-0.013840460968315033,0.0,0.22563,-0.019620000000000002,9.91791
73459595225,21.59,-0.05859070298944965,0.022375121010567305,0.0,0.21582,-0.019620000000000002,9.760950000000001
73464645730,21.59,-0.06284930636431581,0.04153883619746504,0.0,0.15696000000000002,0.0,9.73152
73469696235,21.59,-0.060720004676882725,0.039409534510031964,0.0,0.04905,-0.009810000000000001,9.751140000000001
73474746740,21.59,-0.05859070298944965,0.022375121010567305,0.0,-0.019620000000000002,-0.009810000000000001,9.69228
73479797245,21.59,-0.06178465552059926,0.006387905062299246,0.0,-0.02943,-0.019620000000000002,9.819809999999999
73484847750,21.59,-0.06178465552059926,-0.012775810124598492,0.0,-0.019620000000000002,-0.039240000000000004,9.95715
73489898255,21.59,-0.06817256058289851,-0.031956978604016174,0.0,0.039240000000000004,-0.039240000000000004,10.01601
73494948760,21.59,-0.06497860805174888,-0.05326744877086694,0.0,0.13734000000000002,-0.06867000000000001,10.045440000000001
73499999265,21.59,-0.06178465552059926,-0.05965535383316618,0.0,0.25506,-0.06867000000000001,9.937529999999999
73505049770,21.59,-0.05859070298944965,-0.03834488366631542,0.0,0.3924,-0.07848000000000001,9.70209
73510100275,21.59,-0.05220279792715039,-0.001064650843716541,0.0,0.41202000000000005,-0.08829,9.623610000000001
73515150780,21.59,-0.05326744877086694,0.028763026072866547,0.0,0.37278,-0.039240000000000004,9.66285
73520201285,21.59,-0.05752605214573309,0.054332099614583476,0.0,0.25506,-0.039240000000000004,9.73152
73525251790,21.59,-0.060720004676882725,0.05539675045830002,0.0,0.0981,-0.08829,9.84924
73530302295,21.59,-0.05539675045830002,0.046879543708567686,0.0,-0.02943,-0.07848000000000001,9.98658
73535352800,21.59,-0.05326744877086694,0.020245819323134222,0.0,-0.039240000000000004,-0.039240000000000004,9.888480000000001
73540403305,21.59,-0.049008845396000776,-0.004258603374866164,0.0,-0.08829,-0.06867000000000001,9.81
73545453810,21.59,-0.04794419455228423,-0.023439771854283843,0.0,0.019620000000000002,-0.009810000000000001,9.68247
73550504315,21.59,-0.05220279792715039,-0.03834488366631542,0.0,0.0981,-0.02943,9.67266
73555554820,21.59,-0.054332099614583476,-0.033021629447732716,0.0,0.17658,0.0,9.69228
73560605325,21.59,-0.05752605214573309,-0.02663372438543347,0.0,0.26487,-0.039240000000000004,9.80019
73565655830,21.59,-0.06178465552059926,-0.015987215948268057,0.0,0.22563,-0.019620000000000002,9.87867
73570706335,21.59,-0.060720004676882725,-0.006387905062299246,0.0,0.25506,-0.04905,9.99639
73575756840,21.59,-0.06284930636431581,0.012775810124598492,0.0,0.22563,-0.10791,10.006200000000002
73580807345,21.59,-0.05965535383316618,0.0404741853537485,0.0,0.14715,-0.08829,9.87867
73585857850,21.59,-0.06497860805174888,0.06817256058289851,0.0,0.019620000000000002,-0.12753,9.760950000000001
73590908355,21.59,-0.06604325889546543,0.06923721142661506,0.0,-0.0981,-0.14715,9.64323
73595958860,21.59,-0.06284930636431581,0.049008845396000776,0.0,-0.18639,-0.11772,9.56475
73601009365,21.59,-0.05965535383316618,0.020245819323134222,0.0,-0.28449,-0.12753,9.70209
73606059870,21.59,-0.054332099614583476,-0.022375121010567305,0.0,-0.24525000000000002,-0.10791,9.79038
73611110375,21.59,-0.05326744877086694,-0.06284930636431581,0.0,-0.13734000000000002,-0.08829,9.937529999999999
73616160880,21.59,-0.046879543708567686,-0.0852244273748831,0.0,0.04905,-0.0981,9.97677
73621211385,21.59,-0.05113814708343386,-0.10012953918691468,0.0,0.25506,-0.07848000000000001,9.91791
73626261890,21.59,-0.05539675045830002,-0.09054768159346581,0.0,0.45126,-0.0981,9.81
73631312395,21.59,-0.05646140130201656,-0.07456046564519776,0.0,0.64746,0.0,9.74133
73636362900,21.59,-0.06391395720803235,-0.02982767691658309,0.0,0.7848,-0.11772,9.95715
73641413405,21.59,-0.05752605214573309,0.022375121010567305,0.0,0.6768900000000001,-0.18639,9.82962
73646463910,21.59,-0.06497860805174888,0.06604325889546543,0.0,0.51012,-0.17658,9.96696
73651514415,21.59,-0.06391395720803235,0.11079350091660004,0.0,0.30411,-0.18639,10.09449
73656564920,21.59,-0.05859070298944965,0.13849187614575004,0.0,0.019620000000000002,-0.20601000000000003,10.06506
73661615425,21.59,-0.05965535383316618,0.14275047952061623,0.0,-0.26487,-0.1962,9.86886
73666665930,21.59,-0.05965535383316618,0.11292280260403312,0.0,-0.49050000000000005,-0.15696000000000002,9.70209
73671716435,21.59,-0.04581489286485115,0.06817256058289851,0.0,-0.64746,-0.14715,9.496080000000001
73676766940,21.59,-0.04153883619746504,0.01064650843716541,0.0,-0.69651,-0.11772,9.53532
73681817445,21.59,-0.03728023282259888,-0.04794419455228423,0.0,-0.60822,-0.11772,9.64323
73686867950,21.59,-0.03515093113516579,-0.09906488834319814,0.0,-0.42183,-0.11772,9.770760000000001
73691918455,21.59,-0.04260348704118158,-0.12995721610349775,0.0,-0.14715,-0.11772,9.92772
73696968960,21.59,-0.0404741853537485,-0.14594443205176583,0.0,0.11772,-0.0981,9.82962
73702019465,21.59,-0.044732788728614664,-0.1331511686346474,0.0,0.43164,-0.10791,9.80019
73707069970,21.59,-0.049008845396000776,-0.1097288500728835,0.0,0.6670800000000001,0.10791,9.73152
73712120475,21.59,-0.05113814708343386,-0.06710790973918197,0.0,1.01043,-0.05886,9.95715
73717170980,21.59,-0.07030186227033158,-0.00958185759344887,0.0,0.9319500000000001,-0.14715,9.79038
73722221485,21.59,-0.07883652231258387,0.039409534510031964,0.0,0.7749900000000001,-0.20601000000000003,9.73152
73727271990,21.59,-0.07349581480148122,0.07030186227033158,0.0,0.63765,-0.27468000000000004,10.03563
73732322495,21.59,-0.07883652231258387,0.09374163412461543,0.0,0.42183,-0.2943,10.08468
73737373000,21.59,-0.0756251164889143,0.10438814256178083,0.0,0.21582,-0.30411,10.12392
73742423505,21.59,-0.06604325889546543,0.1097288500728835,0.0,-0.02943,-0.2943,9.92772
73747474010,21.59,-0.05539675045830002,0.09587093581204853,0.0,-0.22563,-0.24525000000000002,9.80019
73752524515,21.59,-0.039409534510031964,0.06923721142661506,0.0,-0.36297,-0.25506,9.67266
73757575020,21.59,-0.0404741853537485,0.0404741853537485,0.0,-0.42183,-0.23544,9.73152
73762625525,21.59,-0.04153883619746504,0.001064650843716541,0.0,-0.45126,-0.22563,9.74133
73767676030,21.59,-0.03728023282259888,-0.03408628029144926,0.0,-0.3924,-0.1962,9.82962
73772726535,21.59,-0.033021629447732716,-0.05220279792715039,0.0,-0.2943,-0.20601000000000003,9.888480000000001
73777777040,21.59,-0.021310470166850764,-0.07670722062515077,0.0,-0.14715,-0.14715,9.81
73782827545,21.59,-0.024504422698000388,-0.08628907821859966,0.0,0.019620000000000002,-0.15696000000000002,9.79038
73787878050,21.59,-0.028763026072866547,-0.08735372906231618,0.0,0.22563,-0.14715,9.7119
73792928555,21.59,-0.03515093113516579,-0.060720004676882725,0.0,0.37278,-0.10791,9.64323
73797979060,21.59,-0.04366813788489812,-0.021310470166850764,0.0,0.44145,-0.08829,9.72171
73803029565,21.59,-0.046879543708567686,-0.005323254218582705,0.0,0.43164,-0.07848000000000001,9.72171
73808080070,21.59,-0.05326744877086694,0.008517206749732328,0.0,0.42183,-0.11772,9.81
73813130575,21.59,-0.05965535383316618,0.02663372438543347,0.0,0.36297,-0.14715,9.937529999999999
73818181080,21.59,-0.05752605214573309,0.0404741853537485,0.0,0.24525000000000002,-0.17658,9.92772
73823231585,21.59,-0.05752605214573309,0.05646140130201656,0.0,0.13734000000000002,-0.18639,9.83943
73828282090,21.59,-0.06923721142661506,0.05646140130201656,0.0,0.0,-0.21582,9.72171
73833332595,21.59,-0.07030186227033158,0.039409534510031964,0.0,-0.06867000000000001,-0.22563,9.65304
73838383100,21.59,-0.06178465552059926,0.022375121010567305,0.0,-0.08829,-0.22563,9.67266
73843433605,21.59,-0.05965535383316618,-0.005323254218582705,0.0,-0.0981,-0.26487,9.760950000000001
73848484110,21.59,-0.060720004676882725,-0.028763026072866547,0.0,-0.06867000000000001,-0.25506,9.85905
73853534615,21.59,-0.05539675045830002,-0.04366813788489812,0.0,0.0,-0.28449,9.86886
73858585120,21.59,-0.05326744877086694,-0.05965535383316618,0.0,0.14715,-0.28449,9.85905
73863635625,21.59,-0.05220279792715039,-0.07777187146886733,0.0,0.2943,-0.26487,9.81
73868686130,21.59,-0.05007349623971732,-0.07030186227033158,0.0,0.46107000000000004,-0.2943,9.751140000000001
73873736635,21.59,-0.046879543708567686,-0.05646140130201656,0.0,0.5886,-0.2943,9.819809999999999
73878787140,21.59,-0.04794419455228423,-0.031956978604016174,0.0,0.6670800000000001,-0.26487,9.97677
73883837645,21.59,-0.04153883619746504,0.007452555906015787,0.0,0.63765,-0.33354000000000006,10.025820000000001
73888888150,21.59,-0.044732788728614664,0.044732788728614664,0.0,0.51993,-0.30411,10.143540000000002
73893938655,21.59,-0.05326744877086694,0.0756251164889143,0.0,0.35316,-0.31392000000000003,10.09449
73898989160,21.59,-0.044732788728614664,0.11292280260403312,0.0,0.14715,-0.30411,10.006200000000002
73904039665,21.59,-0.044732788728614664,0.13102186694721432,0.0,-0.13734000000000002,-0.30411,9.96696
73909090170,21.59,-0.04153883619746504,0.11824605682261582,0.0,-0.34335000000000004,-0.24525000000000002,9.819809999999999
73914140675,21.59,-0.04260348704118158,0.08841837990603273,0.0,-0.5591700000000001,-0.27468000000000004,9.760950000000001
73919191180,21.59,-0.049008845396000776,0.04581489286485115,0.0,-0.64746,-0.25506,9.770760000000001
73924241685,21.59,-0.04153883619746504,0.0,0.0,-0.65727,-0.26487,9.74133
73929292190,21.59,-0.03728023282259888,-0.04581489286485115,0.0,-0.57879,-0.25506,9.751140000000001
73934342695,21.59,-0.04153883619746504,-0.09374163412461543,0.0,-0.3924,-0.27468000000000004,9.770760000000001
73939393200,21.59,-0.03834488366631542,-0.12356931104119852,0.0,-0.12753,-0.26487,9.7119
73944443705,21.59,-0.031956978604016174,-0.1352804703220805,0.0,0.17658,-0.25506,9.623610000000001
73949494210,21.59,-0.02982767691658309,-0.12676326357234816,0.0,0.43164,-0.24525000000000002,9.53532
73954544715,21.59,-0.02769837522915001,-0.10332349171806432,0.0,0.6867000000000001,-0.25506,9.57456
73959595220,21.59,-0.03515093113516579,-0.07136651311404815,0.0,0.8142300000000001,-0.1962,9.64323
73964645725,21.59,-0.039409534510031964,-0.031956978604016174,0.0,0.86328,-0.20601000000000003,9.79038
73969696230,21.59,-0.0404741853537485,0.01064650843716541,0.0,0.85347,-0.20601000000000003,9.937529999999999
73974746735,21.59,-0.039409534510031964,0.05965535383316618,0.0,0.70632,-0.24525000000000002,9.94734
73979797240,21.59,-0.05113814708343386,0.09374163412461543,0.0,0.51012,-0.24525000000000002,9.937529999999999
73984847745,21.59,-0.05859070298944965,0.1097288500728835,0.0,0.27468000000000004,-0.25506,9.937529999999999
73989898250,21.59,-0.054332099614583476,0.11505210429146619,0.0,0.039240000000000004,-0.25506,9.819809999999999
73994948755,21.59,-0.054332099614583476,0.11079350091660004,0.0,-0.18639,-0.2943,9.819809999999999
73999999260,21.59,-0.060720004676882725,0.0852244273748831,0.0,-0.36297,-0.30411,9.908100000000001
74005049765,21.59,-0.06710790973918197,0.05539675045830002,0.0,-0.50031,-0.32373,9.96696
74010100270,21.59,-0.07136651311404815,0.0170518667919846,0.0,-0.52974,-0.37278,10.01601
74015150775,21.59,-0.060720004676882725,-0.015987215948268057,0.0,-0.51012,-0.41202000000000005,10.006200000000002
74020201280,21.59,-0.06284930636431581,-0.039409534510031964,0.0,-0.43164,-0.40221,9.95715
74025251785,21.59,-0.05113814708343386,-0.05646140130201656,0.0,-0.32373,-0.44145,9.89829
74030302290,21.59,-0.046879543708567686,-0.060720004676882725,0.0,-0.13734000000000002,-0.43164,9.79038
74035352795,21.59,-0.03834488366631542,-0.06817256058289851,0.0,0.009810000000000001,-0.42183,9.74133
74040403300,21.59,-0.03621558197888234,-0.07883652231258387,0.0,0.16677000000000003,-0.42183,9.69228
74045453805,21.59,-0.02556907354171693,-0.09800023749948161,0.0,0.35316,-0.35316,9.73152
74050504310,21.59,-0.015987215948268057,-0.10012953918691468,0.0,0.5493600000000001,-0.36297,9.74133
74055554815,21.59,-0.007452555906015787,-0.08309512568745003,0.0,0.69651,-0.30411,9.84924
74060605320,21.59,0.001064650843716541,-0.05220279792715039,0.0,0.8142300000000001,-0.30411,9.91791
74065655825,21.59,-0.003193952531149623,-0.00958185759344887,0.0,0.87309,-0.23544,9.82962
74070706330,21.59,-0.014905111812031574,0.03621558197888234,0.0,0.7848,-0.20601000000000003,9.74133
74075756835,21.59,-0.024504422698000388,0.07777187146886733,0.0,0.63765,-0.1962,9.70209
74080807340,21.59,-0.02769837522915001,0.12250466019748199,0.0,0.40221,-0.21582,9.70209
74085857845,21.59,-0.03621558197888234,0.15446163880149816,0.0,0.06867000000000001,-0.18639,9.83943
74090908350,21.59,-0.04581489286485115,0.16191419470751395,0.0,-0.28449,-0.20601000000000003,10.025820000000001
74095958855,21.59,-0.05007349623971732,0.13849187614575004,0.0,-0.5886,-0.23544,9.99639
74101009360,21.59,-0.060720004676882725,0.09800023749948161,0.0,-0.80442,-0.2943,9.87867
74106059865,21.59,-0.07883652231258387,0.03515093113516579,0.0,-0.86328,-0.30411,9.78057
74111110370,21.59,-0.07243116395776468,-0.03728023282259888,0.0,-0.80442,-0.36297,9.6138
74116160875,21.59,-0.06923721142661506,-0.10653489754173388,0.0,-0.56898,-0.3924,9.633420000000001
74121211380,21.59,-0.06178465552059926,-0.1629788455512305,0.0,-0.26487,-0.43164,9.770760000000001
74126261885,21.59,-0.05220279792715039,-0.19600047499896323,0.0,0.0981,-0.47088,9.85905
74131312390,21.59,-0.04581489286485115,-0.20240583335378237,0.0,0.51012,-0.50031,9.95715
74136362895,21.59,-0.039409534510031964,-0.15659094048893124,0.0,0.9319500000000001,-0.50031,9.96696
74141413400,21.59,-0.03728023282259888,-0.07670722062515077,0.0,1.1281500000000002,-0.50031,9.91791
74146463905,21.59,-0.028763026072866547,0.014905111812031574,0.0,1.1183400000000001,-0.46107000000000004,9.908100000000001
74151514410,21.59,-0.012775810124598492,0.10332349171806432,0.0,0.94176,-0.43164,9.80019
74156564915,21.59,-0.012775810124598492,0.1629788455512305,0.0,0.5886,-0.3924,9.751140000000001
74161615420,21.59,-0.01064650843716541,0.18428931571808121,0.0,0.18639,-0.35316,9.79038
74166665925,21.59,-0.006387905062299246,0.1704488547497662,0.0,-0.16677000000000003,-0.2943,9.83943
74171716430,21.59,-0.00958185759344887,0.13421581947836395,0.0,-0.45126,-0.27468000000000004,9.83943
74176766935,21.59,-0.01918116847941768,0.07243116395776468,0.0,-0.65727,-0.28449,9.96696
74181817440,21.59,-0.02769837522915001,0.004258603374866164,0.0,-0.71613,-0.28449,9.94734
74186867945,21.59,-0.028763026072866547,-0.03728023282259888,0.0,-0.5886,-0.28449,9.84924
74191918450,21.59,-0.03089232776029963,-0.07456046564519776,0.0,-0.43164,-0.31392000000000003,9.72171
74196968955,21.59,-0.04366813788489812,-0.08948303074974927,0.0,-0.25506,-0.31392000000000003,9.7119
74202019460,21.59,-0.044732788728614664,-0.10332349171806432,0.0,-0.019620000000000002,-0.33354000000000006,9.74133
74207069965,21.59,-0.049008845396000776,-0.09800023749948161,0.0,0.15696000000000002,-0.38259000000000004,9.770760000000001
74212120470,21.59,-0.05326744877086694,-0.08096582400001695,0.0,0.31392000000000003,-0.41202000000000005,9.83943
74217170975,21.59,-0.05220279792715039,-0.07030186227033158,0.0,0.46107000000000004,-0.45126,9.95715
74222221480,21.59,-0.04260348704118158,-0.05965535383316618,0.0,0.5886,-0.48069000000000006,9.95715
74227271985,21.59,-0.04153883619746504,-0.03728023282259888,0.0,0.6670800000000001,-0.44145,9.888480000000001
74232322490,21.59,-0.02769837522915001,0.003193952531149623,0.0,0.70632,-0.46107000000000004,9.78057
74237372995,21.59,-0.024504422698000388,0.04794419455228423,0.0,0.6180300000000001,-0.45126,9.760950000000001
74242423500,21.59,-0.02556907354171693,0.09374163412461543,0.0,0.42183,-0.41202000000000005,9.79038
74247474005,21.59,-0.024504422698000388,0.1288925652597812,0.0,0.16677000000000003,-0.40221,9.68247
74252524510,21.59,-0.02556907354171693,0.13208651779093086,0.0,-0.0981,-0.37278,9.72171
74257575015,21.59,-0.028763026072866547,0.08948303074974927,0.0,-0.34335000000000004,-0.35316,9.83943
74262625520,21.59,-0.024504422698000388,0.03621558197888234,0.0,-0.44145,-0.34335000000000004,9.84924
74267676025,21.59,-0.01811651763570114,-0.005323254218582705,0.0,-0.42183,-0.33354000000000006,9.819809999999999
74272726530,21.59,-0.015987215948268057,-0.039409534510031964,0.0,-0.34335000000000004,-0.34335000000000004,9.79038
74277777035,21.59,-0.021310470166850764,-0.05859070298944965,0.0,-0.20601000000000003,-0.33354000000000006,9.78057
74282827540,21.59,-0.03089232776029963,-0.054332099614583476,0.0,-0.13734000000000002,-0.34335000000000004,9.81
74287878045,21.59,-0.033021629447732716,-0.03515093113516579,0.0,-0.019620000000000002,-0.36297,9.770760000000001
74292928550,21.59,-0.044732788728614664,-0.023439771854283843,0.0,0.04905,-0.42183,9.770760000000001
74297979055,21.59,-0.05007349623971732,-0.03515093113516579,0.0,0.06867000000000001,-0.42183,9.888480000000001
74303029560,21.59,-0.04153883619746504,-0.054332099614583476,0.0,0.14715,-0.42183,9.94734
74308080065,21.59,-0.0404741853537485,-0.06604325889546543,0.0,0.32373,-0.47088,9.937529999999999
74313130570,21.59,-0.03515093113516579,-0.07243116395776468,0.0,0.45126,-0.46107000000000004,10.006200000000002
74318181075,21.59,-0.02982767691658309,-0.044732788728614664,0.0,0.51012,-0.47088,10.006200000000002
74323231580,21.59,-0.028763026072866547,0.005323254218582705,0.0,0.56898,-0.47088,9.96696
74328282085,21.59,-0.03408628029144926,0.04794419455228423,0.0,0.49050000000000005,-0.50031,9.86886
74333332590,21.59,-0.03408628029144926,0.07456046564519776,0.0,0.31392000000000003,-0.44145,9.751140000000001
74338383095,21.59,-0.02982767691658309,0.09054768159346581,0.0,0.12753,-0.43164,9.66285
74343433600,21.59,-0.01918116847941768,0.08948303074974927,0.0,-0.02943,-0.44145,9.73152
74348484105,21.59,-0.011711159280881954,0.05965535383316618,0.0,-0.17658,-0.40221,9.83943
74353534610,21.59,-0.011711159280881954,0.02556907354171693,0.0,-0.26487,-0.41202000000000005,9.937529999999999
74358585115,21.59,-0.01064650843716541,0.001064650843716541,0.0,-0.27468000000000004,-0.38259000000000004,9.92772
74363635620,21.59,-0.014905111812031574,-0.001064650843716541,0.0,-0.25506,-0.41202000000000005,9.80019
74368686125,21.59,-0.024504422698000388,-0.007452555906015787,0.0,-0.20601000000000003,-0.3924,9.66285
74373736630,21.59,-0.023439771854283843,-0.02769837522915001,0.0,-0.18639,-0.37278,9.623610000000001
74378787135,21.59,-0.02663372438543347,-0.05007349623971732,0.0,-0.04905,-0.37278,9.53532
74383837640,21.59,-0.023439771854283843,-0.06391395720803235,0.0,0.04905,-0.37278,9.65304
74388888145,21.59,-0.015987215948268057,-0.07349581480148122,0.0,0.1962,-0.38259000000000004,9.81
74393938650,21.59,-0.01918116847941768,-0.06497860805174888,0.0,0.35316,-0.3924,9.95715
74398989155,21.59,-0.031956978604016174,-0.044732788728614664,0.0,0.40221,-0.3924,9.96696
74404039660,21.59,-0.03728023282259888,-0.011711159280881954,0.0,0.48069000000000006,-0.42183,9.96696
74409090165,21.59,-0.03834488366631542,0.02556907354171693,0.0,0.44145,-0.42183,9.751140000000001
74414140670,21.59,-0.03515093113516579,0.05220279792715039,0.0,0.32373,-0.43164,9.64323
74419191175,21.59,-0.03408628029144926,0.06497860805174888,0.0,0.17658,-0.42183,9.72171
74424241680,21.59,-0.03089232776029963,0.05859070298944965,0.0,0.04905,-0.44145,9.82962
74429292185,21.59,-0.02982767691658309,0.05326744877086694,0.0,-0.06867000000000001,-0.42183,9.98658
74434342690,21.59,-0.03408628029144926,0.04794419455228423,0.0,-0.20601000000000003,-0.45126,10.1043
74439393195,21.59,-0.03834488366631542,0.03515093113516579,0.0,-0.27468000000000004,-0.47088,10.05525
74444443700,21.59,-0.03834488366631542,0.004258603374866164,0.0,-0.26487,-0.49050000000000005,9.94734
74449494205,21.59,-0.03515093113516579,-0.033021629447732716,0.0,-0.21582,-0.52974,9.85905
74454544710,21.59,-0.02769837522915001,-0.05113814708343386,0.0,-0.0981,-0.51993,9.74133
74459595215,21.59,-0.01811651763570114,-0.05326744877086694,0.0,0.05886,-0.50031,9.770760000000001
74464645720,21.59,-0.01918116847941768,-0.04366813788489812,0.0,0.11772,-0.51012,9.86886
74469696225,21.59,-0.0170518667919846,-0.033021629447732716,0.0,0.14715,-0.52974,9.99639
74474746730,21.59,-0.01811651763570114,-0.03408628029144926,0.0,0.25506,-0.51012,10.03563
74479797235,21.59,-0.013840460968315033,-0.031956978604016174,0.0,0.31392000000000003,-0.51012,9.97677
74484847740,21.59,-0.008517206749732328,-0.014905111812031574,0.0,0.33354000000000006,-0.47088,9.760950000000001
74489898245,21.59,0.004258603374866164,0.008517206749732328,0.0,0.38259000000000004,-0.45126,9.633420000000001
74494948750,21.59,0.00958185759344887,0.0404741853537485,0.0,0.31392000000000003,-0.41202000000000005,9.6138
74499999255,21.59,0.006387905062299246,0.06497860805174888,0.0,0.13734000000000002,-0.36297,9.633420000000001
74505049760,21.59,-0.003193952531149623,0.060720004676882725,0.0,0.009810000000000001,-0.35316,9.79038
74510100265,21.59,-0.020245819323134222,0.04260348704118158,0.0,-0.10791,-0.36297,9.83943
74515150770,21.59,-0.022375121010567305,0.023439771854283843,0.0,-0.1962,-0.35316,9.79038
74520201275,21.59,-0.021310470166850764,0.0,0.0,-0.16677000000000003,-0.38259000000000004,9.78057
74525251780,21.59,-0.0170518667919846,-0.014905111812031574,0.0,-0.0981,-0.38259000000000004,9.80019
74530302285,21.59,-0.013840460968315033,-0.02663372438543347,0.0,-0.07848000000000001,-0.40221,9.72171
74535352790,21.59,-0.022375121010567305,-0.02769837522915001,0.0,0.0,-0.41202000000000005,9.69228
74540403295,21.59,-0.03515093113516579,-0.020245819323134222,0.0,0.02943,-0.44145,9.70209
74545453800,21.59,-0.046879543708567686,-0.01918116847941768,0.0,0.08829,-0.49050000000000005,9.7119
74550504305,21.59,-0.05326744877086694,-0.023439771854283843,0.0,0.12753,-0.51012,9.82962
74555554810,21.59,-0.04153883619746504,-0.021310470166850764,0.0,0.17658,-0.51993,10.01601
74560605315,21.59,-0.028763026072866547,-0.013840460968315033,0.0,0.18639,-0.5395500000000001,10.01601
74565655820,21.59,-0.01811651763570114,-0.001064650843716541,0.0,0.17658,-0.52974,10.01601
74570706325,21.59,-0.015987215948268057,0.003193952531149623,0.0,0.18639,-0.56898,9.888480000000001
74575756830,21.59,-0.02769837522915001,0.013840460968315033,0.0,0.17658,-0.56898,9.72171
74580807335,21.59,-0.02769837522915001,0.020245819323134222,0.0,0.15696000000000002,-0.5591700000000001,9.70209
74585857840,21.59,-0.024504422698000388,0.028763026072866547,0.0,0.06867000000000001,-0.5493600000000001,9.80019
74590908345,21.59,-0.013840460968315033,0.031956978604016174,0.0,0.039240000000000004,-0.52974,9.908100000000001
74595958850,21.59,-0.002129301687433082,0.013840460968315033,0.0,-0.06867000000000001,-0.52974,10.05525
74601009355,21.59,0.004258603374866164,-0.002129301687433082,0.0,-0.06867000000000001,-0.48069000000000006,10.025820000000001
74606059860,21.59,0.005323254218582705,-0.014905111812031574,0.0,0.009810000000000001,-0.49050000000000005,9.84924
74611110365,21.59,0.0,-0.012775810124598492,0.0,0.009810000000000001,-0.44145,9.751140000000001
74616160870,21.59,-0.005323254218582705,0.001064650843716541,0.0,0.05886,-0.44145,9.68247
74621211375,21.59,-0.011711159280881954,0.007452555906015787,0.0,0.04905,-0.42183,9.67266
74626261880,21.59,-0.012775810124598492,-0.007452555906015787,0.0,0.009810000000000001,-0.42183,9.79038
74631312385,21.59,-0.008517206749732328,-0.023439771854283843,0.0,0.02943,-0.43164,9.908100000000001
74636362890,21.59,-0.002129301687433082,-0.03834488366631542,0.0,0.13734000000000002,-0.43164,9.91791
74641413395,21.59,-0.007452555906015787,-0.028763026072866547,0.0,0.20601000000000003,-0.45126,9.87867
74646463900,21.59,-0.01064650843716541,-0.002129301687433082,0.0,0.22563,-0.42183,9.888480000000001
74651514405,21.59,-0.015987215948268057,0.024504422698000388,0.0,0.1962,-0.47088,9.760950000000001
74656564910,21.59,-0.02663372438543347,0.03515093113516579,0.0,0.10791,-0.47088,9.73152
74661615415,21.59,-0.028763026072866547,0.02982767691658309,0.0,0.06867000000000001,-0.45126,9.70209
74666665920,21.59,-0.028763026072866547,0.021310470166850764,0.0,0.0,-0.48069000000000006,9.751140000000001
74671716425,21.59,-0.022375121010567305,0.013840460968315033,0.0,-0.04905,-0.50031,9.92772
74676766930,21.59,-0.012775810124598492,0.004258603374866164,0.0,-0.07848000000000001,-0.51012,10.08468
74681817435,21.59,-0.01811651763570114,0.004258603374866164,0.0,-0.04905,-0.5395500000000001,9.99639
74686867940,21.59,-0.022375121010567305,-0.007452555906015787,0.0,-0.039240000000000004,-0.52974,9.85905
74691918445,21.59,-0.022375121010567305,-0.01064650843716541,0.0,-0.019620000000000002,-0.5395500000000001,9.633420000000001
74696968950,21.59,-0.01811651763570114,-0.008517206749732328,0.0,0.02943,-0.52974,9.53532
74702019455,21.59,-0.006387905062299246,-0.008517206749732328,0.0,0.07848000000000001,-0.52974,9.60399
74707069960,21.59,0.002129301687433082,-0.0170518667919846,0.0,0.06867000000000001,-0.50031,9.81
74712120465,21.59,0.0,-0.0170518667919846,0.0,0.05886,-0.50031,9.908100000000001
74717170970,21.59,-0.001064650843716541,-0.024504422698000388,0.0,0.07848000000000001,-0.51012,10.01601
74722221475,21.59,-0.008517206749732328,-0.015987215948268057,0.0,0.13734000000000002,-0.49050000000000005,9.97677
74727271980,21.59,-0.00958185759344887,-0.002129301687433082,0.0,0.1962,-0.47088,9.81
74732322485,21.59,-0.006387905062299246,0.012775810124598492,0.0,0.15696000000000002,-0.47088,9.760950000000001
74737372990,21.59,0.001064650843716541,0.020245819323134222,0.0,0.13734000000000002,-0.45126,9.7119
74742423495,21.59,0.002129301687433082,0.01811651763570114,0.0,0.06867000000000001,-0.44145,9.60399
74747474000,21.59,-0.003193952531149623,0.014905111812031574,0.0,0.02943,-0.45126,9.69228
74752524505,21.59,-0.008517206749732328,0.008517206749732328,0.0,0.039240000000000004,-0.44145,9.770760000000001
74757575010,21.59,-0.014905111812031574,0.00958185759344887,0.0,-0.009810000000000001,-0.42183,9.84924
74762625515,21.59,-0.011711159280881954,0.007452555906015787,0.0,-0.009810000000000001,-0.46107000000000004,9.95715
74767676020,21.59,-0.01064650843716541,0.001064650843716541,0.0,-0.039240000000000004,-0.48069000000000006,9.89829
74772726525,21.59,-0.014905111812031574,-0.003193952531149623,0.0,-0.04905,-0.47088,9.770760000000001
74777777030,21.59,-0.020245819323134222,-0.006387905062299246,0.0,0.0,-0.48069000000000006,9.80019
74782827535,21.59,-0.020245819323134222,-0.003193952531149623,0.0,0.009810000000000001,-0.51012,9.81
74787878040,21.59,-0.020245819323134222,-0.003193952531149623,0.0,0.0,-0.52974,9.85905
74792928545,21.59,-0.028763026072866547,-0.011711159280881954,0.0,0.02943,-0.5493600000000001,10.006200000000002
74797979050,21.59,-0.01811651763570114,-0.0170518667919846,0.0,0.02943,-0.57879,10.03563
74803029555,21.59,-0.0170518667919846,-0.021310470166850764,0.0,0.07848000000000001,-0.57879,9.96696
74808080060,21.59,-0.00958185759344887,-0.01064650843716541,0.0,0.12753,-0.57879,9.91791
74813130565,21.59,0.001064650843716541,0.002129301687433082,0.0,0.14715,-0.57879,9.80019
74818181070,21.59,0.005323254218582705,0.01064650843716541,0.0,0.16677000000000003,-0.5591700000000001,9.69228
74823231575,21.59,0.0,0.01064650843716541,0.0,0.12753,-0.5591700000000001,9.65304
74828282080,21.59,0.0,0.0170518667919846,0.0,0.07848000000000001,-0.52974,9.623610000000001
74833332585,21.59,0.006387905062299246,0.01918116847941768,0.0,0.04905,-0.47088,9.69228
74838383090,21.59,0.01064650843716541,0.012775810124598492,0.0,0.0,-0.45126,9.82962
74843433595,21.59,0.014905111812031574,0.004258603374866164,0.0,-0.039240000000000004,-0.41202000000000005,9.888480000000001
74848484100,21.59,0.011711159280881954,0.002129301687433082,0.0,-0.019620000000000002,-0.44145,9.81
74853534605,21.59,0.008517206749732328,-0.002129301687433082,0.0,-0.039240000000000004,-0.41202000000000005,9.72171
74858585110,21.59,0.002129301687433082,0.0,0.0,0.0,-0.40221,9.633420000000001
74863635615,21.59,-0.011711159280881954,0.0,0.0,-0.009810000000000001,-0.43164,9.6138
74868686120,21.59,-0.014905111812031574,-0.002129301687433082,0.0,0.0,-0.43164,9.819809999999999
74873736625,21.59,-0.012775810124598492,-0.015987215948268057,0.0,0.019620000000000002,-0.47088,9.95715
74878787130,21.59,-0.012775810124598492,-0.02663372438543347,0.0,0.039240000000000004,-0.48069000000000006,9.98658
74883837635,21.59,-0.01811651763570114,-0.020245819323134222,0.0,0.07848000000000001,-0.51012,10.01601
74888888140,21.59,-0.020245819323134222,-0.004258603374866164,0.0,0.0981,-0.5591700000000001,9.94734
74893938645,21.59,-0.02982767691658309,0.011711159280881954,0.0,0.13734000000000002,-0.56898,9.86886
74898989150,21.59,-0.02769837522915001,0.013840460968315033,0.0,0.0981,-0.5886,9.82962
74904039655,21.59,-0.01811651763570114,0.01064650843716541,0.0,0.04905,-0.56898,9.79038
74909090160,21.59,-0.0170518667919846,0.0,0.0,0.04905,-0.59841,9.79038
74914140665,21.59,-0.004258603374866164,-0.005323254218582705,0.0,0.04905,-0.60822,9.89829
74919191170,21.59,0.004258603374866164,0.0,0.0,0.02943,-0.59841,9.98658
74924241675,21.59,0.007452555906015787,0.012775810124598492,0.0,0.009810000000000001,-0.5886,9.99639
74929292180,21.59,0.004258603374866164,0.01918116847941768,0.0,0.0,-0.56898,9.92772
74934342685,21.59,0.007452555906015787,0.02663372438543347,0.0,-0.04905,-0.52974,9.770760000000001
74939393190,21.59,0.011711159280881954,0.021310470166850764,0.0,-0.07848000000000001,-0.51993,9.623610000000001
74944443695,21.59,0.011711159280881954,0.011711159280881954,0.0,-0.0981,-0.47088,9.633420000000001
74949494200,21.59,0.021310470166850764,0.0,0.0,-0.11772,-0.43164,9.66285
74954544705,21.59,0.020245819323134222,-0.024504422698000388,0.0,-0.06867000000000001,-0.44145,9.760950000000001
74959595210,21.59,0.01918116847941768,-0.03834488366631542,0.0,-0.04905,-0.42183,9.85905
74964645715,21.59,0.011711159280881954,-0.04153883619746504,0.0,0.06867000000000001,-0.43164,9.819809999999999
74969696220,21.59,0.003193952531149623,-0.04366813788489812,0.0,0.1962,-0.44145,9.72171
74974746725,21.59,0.001064650843716541,-0.028763026072866547,0.0,0.24525000000000002,-0.42183,9.66285
74979797230,21.59,0.001064650843716541,-0.00958185759344887,0.0,0.31392000000000003,-0.41202000000000005,9.60399
74984847735,21.59,0.0,0.005323254218582705,0.0,0.28449,-0.42183,9.60399
74989898240,21.59,-0.003193952531149623,0.024504422698000388,0.0,0.23544,-0.43164,9.72171
74994948745,21.59,-0.008517206749732328,0.039409534510031964,0.0,0.13734000000000002,-0.45126,9.81
74999999250,21.59,-0.0170518667919846,0.04581489286485115,0.0,-0.009810000000000001,-0.47088,9.84924
75005049755,21.59,-0.022375121010567305,0.05220279792715039,0.0,-0.07848000000000001,-0.51012,9.92772
75010100260,21.59,-0.020245819323134222,0.04581489286485115,0.0,-0.17658,-0.49050000000000005,9.86886
75015150765,21.59,-0.023439771854283843,0.028763026072866547,0.0,-0.26487,-0.5493600000000001,9.84924
75020201270,21.59,-0.022375121010567305,0.005323254218582705,0.0,-0.26487,-0.52974,9.81
75025251775,21.59,-0.022375121010567305,-0.01064650843716541,0.0,-0.20601000000000003,-0.56898,9.78057
75030302280,21.59,-0.012775810124598492,-0.031956978604016174,0.0,-0.1962,-0.59841,9.87867
75035352785,21.59,-0.013840460968315033,-0.046879543708567686,0.0,-0.10791,-0.64746,10.01601
75040403290,21.59,-0.01064650843716541,-0.05539675045830002,0.0,0.019620000000000002,-0.63765,10.1043
75045453795,21.59,-0.00958185759344887,-0.05965535383316618,0.0,0.12753,-0.6278400000000001,10.08468
75050504300,21.59,0.0,-0.04366813788489812,0.0,0.21582,-0.63765,10.03563
75055554805,21.59,0.012775810124598492,-0.020245819323134222,0.0,0.28449,-0.63765,9.91791
75060605310,21.59,0.014905111812031574,0.0,0.0,0.32373,-0.5886,9.87867
75065655815,21.59,0.024504422698000388,0.0170518667919846,0.0,0.28449,-0.56898,9.87867
75070706320,21.59,0.02556907354171693,0.033021629447732716,0.0,0.18639,-0.5395500000000001,9.82962
75075756825,21.59,0.022375121010567305,0.03834488366631542,0.0,0.12753,-0.52974,9.84924
75080807330,21.59,0.024504422698000388,0.03621558197888234,0.0,0.039240000000000004,-0.49050000000000005,9.89829
75085857835,21.59,0.02663372438543347,0.03621558197888234,0.0,-0.04905,-0.47088,9.87867
75090908340,21.59,0.031956978604016174,0.02982767691658309,0.0,-0.11772,-0.42183,9.87867
75095958845,21.59,0.02663372438543347,0.02663372438543347,0.0,-0.14715,-0.41202000000000005,9.819809999999999
75101009350,21.59,0.024504422698000388,0.01811651763570114,0.0,-0.20601000000000003,-0.41202000000000005,9.68247
75106059855,21.59,0.013840460968315033,0.0,0.0,-0.20601000000000003,-0.42183,9.60399
75111110360,21.59,0.002129301687433082,-0.011711159280881954,0.0,-0.16677000000000003,-0.44145,9.65304
75116160865,21.59,0.002129301687433082,-0.02556907354171693,0.0,-0.12753,-0.46107000000000004,9.78057
75121211370,21.59,0.002129301687433082,-0.02982767691658309,0.0,-0.07848000000000001,-0.46107000000000004,9.937529999999999
75126261875,21.59,0.0,-0.03408628029144926,0.0,-0.019620000000000002,-0.47088,9.97677
75131312380,21.59,-0.003193952531149623,-0.031956978604016174,0.0,0.039240000000000004,-0.51012,9.888480000000001
75136362885,21.59,-0.011711159280881954,-0.03408628029144926,0.0,0.14715,-0.51012,9.78057
75141413390,21.59,-0.007452555906015787,-0.022375121010567305,0.0,0.20601000000000003,-0.5591700000000001,9.66285
75146463895,21.59,-0.001064650843716541,-0.002129301687433082,0.0,0.22563,-0.5395500000000001,9.60399
75151514400,21.59,0.0,0.0170518667919846,0.0,0.20601000000000003,-0.52974,9.64323
75156564905,21.59,0.01064650843716541,0.02769837522915001,0.0,0.13734000000000002,-0.5591700000000001,9.73152
75161615410,21.59,0.01811651763570114,0.022375121010567305,0.0,0.05886,-0.51993,9.78057
75166665915,21.59,0.011711159280881954,0.01918116847941768,0.0,-0.009810000000000001,-0.51993,9.85905
75171716420,21.59,0.013840460968315033,0.01918116847941768,0.0,-0.039240000000000004,-0.51012,9.87867
75176766925,21.59,0.013840460968315033,0.02663372438543347,0.0,-0.07848000000000001,-0.50031,9.81
75181817430,21.59,0.014905111812031574,0.02556907354171693,0.0,-0.12753,-0.48069000000000006,9.819809999999999
75186867935,21.59,0.008517206749732328,0.014905111812031574,0.0,-0.1962,-0.49050000000000005,9.86886
75191918440,21.59,0.005323254218582705,-0.00958185759344887,0.0,-0.1962,-0.50031,9.82962
75196968945,21.59,0.0,-0.031956978604016174,0.0,-0.10791,-0.49050000000000005,9.89829
75202019450,21.59,0.007452555906015787,-0.03515093113516579,0.0,-0.02943,-0.50031,10.006200000000002
75207069955,21.59,0.007452555906015787,-0.03408628029144926,0.0,0.06867000000000001,-0.51993,9.937529999999999
75212120460,21.59,0.007452555906015787,-0.02769837522915001,0.0,0.07848000000000001,-0.5591700000000001,9.96696
75217170965,21.59,0.011711159280881954,-0.0170518667919846,0.0,0.11772,-0.5591700000000001,9.84924
75222221470,21.59,0.007452555906015787,-0.003193952531149623,0.0,0.15696000000000002,-0.52974,9.80019
75227271975,21.59,0.00958185759344887,0.002129301687433082,0.0,0.15696000000000002,-0.51012,9.74133
75232322480,21.59,0.013840460968315033,0.021310470166850764,0.0,0.14715,-0.5395500000000001,9.78057
75237372985,21.59,0.0170518667919846,0.024504422698000388,0.0,0.07848000000000001,-0.51993,9.81
75242423490,21.59,0.01811651763570114,0.020245819323134222,0.0,-0.009810000000000001,-0.49050000000000005,9.908100000000001
75247473995,21.59,0.0170518667919846,0.022375121010567305,0.0,-0.039240000000000004,-0.49050000000000005,9.91791
75252524500,21.59,0.01811651763570114,0.015987215948268057,0.0,-0.06867000000000001,-0.49050000000000005,9.86886
75257575005,21.59,0.014905111812031574,0.007452555906015787,0.0,-0.06867000000000001,-0.50031,9.78057
75262625510,21.59,0.02663372438543347,0.0,0.0,-0.10791,-0.47088,9.623610000000001
75267676015,21.59,0.022375121010567305,-0.013840460968315033,0.0,-0.04905,-0.44145,9.55494
75272726520,21.59,0.02769837522915001,-0.0170518667919846,0.0,-0.009810000000000001,-0.43164,9.60399
75277777025,21.59,0.02769837522915001,-0.006387905062299246,0.0,0.009810000000000001,-0.41202000000000005,9.751140000000001
75282827530,21.59,0.020245819323134222,0.002129301687433082,0.0,-0.009810000000000001,-0.40221,9.85905
75287878035,21.59,0.006387905062299246,0.004258603374866164,0.0,-0.06867000000000001,-0.43164,10.006200000000002
75292928540,21.59,0.006387905062299246,0.005323254218582705,0.0,-0.06867000000000001,-0.44145,9.87867
75297979045,21.59,0.001064650843716541,0.0,0.0,-0.02943,-0.46107000000000004,9.819809999999999
75303029550,21.59,0.003193952531149623,-0.01064650843716541,0.0,-0.039240000000000004,-0.46107000000000004,9.770760000000001
75308080055,21.59,0.011711159280881954,-0.006387905062299246,0.0,0.019620000000000002,-0.48069000000000006,9.78057
75313130560,21.59,0.013840460968315033,-0.003193952531149623,0.0,0.009810000000000001,-0.49050000000000005,9.84924
75318181065,21.59,0.008517206749732328,-0.005323254218582705,0.0,0.0,-0.52974,9.95715
75323231570,21.59,0.003193952531149623,-0.004258603374866164,0.0,-0.009810000000000001,-0.5493600000000001,10.01601
75328282075,21.59,-0.00958185759344887,-0.005323254218582705,0.0,-0.019620000000000002,-0.56898,10.03563
75333332580,21.59,-0.007452555906015787,-0.011711159280881954,0.0,0.039240000000000004,-0.5886,9.95715
75338383085,21.59,0.006387905062299246,-0.01811651763570114,0.0,0.07848000000000001,-0.57879,9.92772
75343433590,21.59,0.024504422698000388,-0.011711159280881954,0.0,0.12753,-0.5591700000000001,9.888480000000001
75348484095,21.59,0.03408628029144926,-0.003193952531149623,0.0,0.13734000000000002,-0.5493600000000001,9.85905
75353534600,21.59,0.04153883619746504,0.013840460968315033,0.0,0.12753,-0.52974,9.84924
75358585105,21.59,0.02982767691658309,0.03408628029144926,0.0,0.039240000000000004,-0.50031,9.81
75363635610,21.59,0.028763026072866547,0.049008845396000776,0.0,-0.06867000000000001,-0.49050000000000005,9.80019
75368686115,21.59,0.0170518667919846,0.049008845396000776,0.0,-0.14715,-0.47088,9.78057
75373736620,21.59,0.02769837522915001,0.02556907354171693,0.0,-0.23544,-0.46107000000000004,9.80019
75378787125,21.59,0.04153883619746504,0.0,0.0,-0.22563,-0.41202000000000005,9.79038
75383837630,21.59,0.05007349623971732,-0.020245819323134222,0.0,-0.1962,-0.41202000000000005,9.760950000000001
75388888135,21.59,0.04581489286485115,-0.02663372438543347,0.0,-0.16677000000000003,-0.41202000000000005,9.770760000000001
75393938640,21.59,0.033021629447732716,-0.01918116847941768,0.0,-0.0981,-0.40221,9.751140000000001
75398989145,21.59,0.011711159280881954,-0.006387905062299246,0.0,-0.02943,-0.41202000000000005,9.69228
75404039650,21.59,0.001064650843716541,-0.012775810124598492,0.0,-0.039240000000000004,-0.40221,9.64323
75409090155,21.59,0.004258603374866164,-0.02663372438543347,0.0,0.0,-0.40221,9.69228
75414140660,21.59,0.01918116847941768,-0.03621558197888234,0.0,0.0981,-0.42183,9.73152
75419191165,21.59,0.02982767691658309,-0.04581489286485115,0.0,0.20601000000000003,-0.41202000000000005,9.87867
75424241670,21.59,0.02982767691658309,-0.031956978604016174,0.0,0.21582,-0.43164,9.89829
75429292175,21.59,0.01918116847941768,0.007452555906015787,0.0,0.24525000000000002,-0.42183,9.87867
75434342680,21.59,0.003193952531149623,0.04581489286485115,0.0,0.16677000000000003,-0.45126,9.770760000000001
75439393185,21.59,-0.01064650843716541,0.0756251164889143,0.0,0.019620000000000002,-0.47088,9.760950000000001
75444443690,21.59,-0.004258603374866164,0.08628907821859966,0.0,-0.15696000000000002,-0.46107000000000004,9.74133
75449494195,21.59,0.008517206749732328,0.06497860805174888,0.0,-0.34335000000000004,-0.50031,9.86886
75454544700,21.59,0.020245819323134222,0.015987215948268057,0.0,-0.38259000000000004,-0.47088,9.95715
75459595205,21.59,0.021310470166850764,-0.024504422698000388,0.0,-0.34335000000000004,-0.48069000000000006,9.97677
75464645710,21.59,0.01811651763570114,-0.05965535383316618,0.0,-0.21582,-0.51012,9.937529999999999
75469696215,21.59,0.01064650843716541,-0.06178465552059926,0.0,-0.08829,-0.51993,9.84924
75474746720,21.59,0.01918116847941768,-0.04366813788489812,0.0,0.04905,-0.52974,9.79038
75479797225,21.59,0.02769837522915001,-0.01811651763570114,0.0,0.10791,-0.47088,9.83943
75484847730,21.59,0.03728023282259888,0.011711159280881954,0.0,0.0981,-0.50031,9.888480000000001
75489898235,21.59,0.03515093113516579,0.022375121010567305,0.0,0.0,-0.47088,9.87867
75494948740,21.59,0.028763026072866547,0.01811651763570114,0.0,-0.02943,-0.46107000000000004,9.84924
75499999245,21.59,0.02982767691658309,0.002129301687433082,0.0,-0.02943,-0.44145,9.888480000000001
75505049750,21.59,0.03408628029144926,-0.0170518667919846,0.0,0.0,-0.44145,9.91791
75510100255,21.59,0.033021629447732716,-0.03515093113516579,0.0,0.05886,-0.45126,9.92772
75515150760,21.59,0.04581489286485115,-0.03408628029144926,0.0,0.15696000000000002,-0.43164,9.95715
75520201265,21.59,0.04794419455228423,-0.007452555906015787,0.0,0.18639,-0.41202000000000005,9.888480000000001
75525251770,21.59,0.03834488366631542,0.02556907354171693,0.0,0.13734000000000002,-0.41202000000000005,9.81
75530302275,21.59,0.031956978604016174,0.05859070298944965,0.0,0.04905,-0.3924,9.73152
75535352780,21.59,0.020245819323134222,0.07670722062515077,0.0,-0.10791,-0.40221,9.72171
75540403285,21.59,0.012775810124598492,0.07777187146886733,0.0,-0.26487,-0.38259000000000004,9.74133
75545453790,21.59,0.023439771854283843,0.06604325889546543,0.0,-0.41202000000000005,-0.3924,9.760950000000001
75550504295,21.59,0.03089232776029963,0.03515093113516579,0.0,-0.51012,-0.41202000000000005,9.84924
75555554800,21.59,0.02769837522915001,-0.023439771854283843,0.0,-0.49050000000000005,-0.43164,9.83943
75560605305,21.59,0.02556907354171693,-0.07349581480148122,0.0,-0.34335000000000004,-0.41202000000000005,9.819809999999999
75565655810,21.59,0.024504422698000388,-0.09800023749948161,0.0,-0.10791,-0.45126,9.69228
75570706315,21.59,0.01811651763570114,-0.08948303074974927,0.0,0.05886,-0.43164,9.64323
75575756820,21.59,0.028763026072866547,-0.07136651311404815,0.0,0.24525000000000002,-0.44145,9.623610000000001
75580807325,21.59,0.028763026072866547,-0.054332099614583476,0.0,0.32373,-0.45126,9.81
75585857830,21.59,0.03089232776029963,-0.044732788728614664,0.0,0.44145,-0.42183,9.937529999999999
75590908335,21.59,0.03834488366631542,-0.003193952531149623,0.0,0.43164,-0.41202000000000005,9.94734
75595958840,21.59,0.039409534510031964,0.05859070298944965,0.0,0.35316,-0.41202000000000005,9.888480000000001
75601009345,21.59,0.033021629447732716,0.11611675513518273,0.0,0.14715,-0.41202000000000005,9.82962
75606059850,21.59,0.03089232776029963,0.1374272253020335,0.0,-0.14715,-0.3924,9.770760000000001
75611110355,21.59,0.022375121010567305,0.12676326357234816,0.0,-0.3924,-0.38259000000000004,9.74133
75616160860,21.59,0.01918116847941768,0.09374163412461543,0.0,-0.5886,-0.35316,9.74133
75621211365,21.59,0.02982767691658309,0.046879543708567686,0.0,-0.70632,-0.35316,9.73152
75626261870,21.59,0.03621558197888234,-0.014905111812031574,0.0,-0.69651,-0.38259000000000004,9.83943
75631312375,21.59,0.031956978604016174,-0.0756251164889143,0.0,-0.57879,-0.40221,9.89829
75636362880,21.59,0.033021629447732716,-0.12144000935376545,0.0,-0.33354000000000006,-0.41202000000000005,9.937529999999999
75641413385,21.59,0.021310470166850764,-0.14381513036433274,0.0,-0.04905,-0.43164,9.94734
75646463890,21.59,0.014905111812031574,-0.14487978120804929,0.0,0.28449,-0.47088,9.87867
75651514395,21.59,0.021310470166850764,-0.1171814059788993,0.0,0.51993,-0.47088,9.888480000000001
75656564900,21.59,0.02769837522915001,-0.07243116395776468,0.0,0.72594,-0.46107000000000004,9.85905
75661615405,21.59,0.03834488366631542,-0.02663372438543347,0.0,0.7749900000000001,-0.46107000000000004,9.937529999999999
75666665910,21.59,0.049008845396000776,0.024504422698000388,0.0,0.75537,-0.45126,9.96696
75671716415,21.59,0.04366813788489812,0.08203047484373349,0.0,0.5591700000000001,-0.43164,10.06506
75676766920,21.59,0.04153883619746504,0.13208651779093086,0.0,0.28449,-0.40221,9.95715
75681817425,21.59,0.04366813788489812,0.15765559133264778,0.0,-0.009810000000000001,-0.38259000000000004,9.85905
75686867930,21.59,0.04366813788489812,0.15446163880149816,0.0,-0.31392000000000003,-0.35316,9.72171
75691918435,21.59,0.04581489286485115,0.13421581947836395,0.0,-0.59841,-0.35316,9.69228
75696968940,21.59,0.049008845396000776,0.09054768159346581,0.0,-0.7749900000000001,-0.31392000000000003,9.65304
75702019445,21.59,0.05326744877086694,0.04260348704118158,0.0,-0.8829,-0.32373,9.67266
75707069950,21.59,0.046879543708567686,-0.006387905062299246,0.0,-0.9123300000000001,-0.31392000000000003,9.7119
75712120455,21.59,0.03728023282259888,-0.06284930636431581,0.0,-0.75537,-0.33354000000000006,9.770760000000001
75717170960,21.59,0.03089232776029963,-0.11292280260403312,0.0,-0.5493600000000001,-0.33354000000000006,9.751140000000001
75722221465,21.59,0.031956978604016174,-0.1416858286768997,0.0,-0.23544,-0.36297,9.70209
75727271970,21.59,0.03089232776029963,-0.14913838458291545,0.0,0.07848000000000001,-0.38259000000000004,9.69228
75732322475,21.59,0.033021629447732716,-0.13955652698946658,0.0,0.36297,-0.3924,9.80019
75737372980,21.59,0.03834488366631542,-0.11931070766633237,0.0,0.60822,-0.3924,9.81
75742423485,21.59,0.039409534510031964,-0.07349581480148122,0.0,0.7749900000000001,-0.41202000000000005,9.79038
75747473990,21.59,0.03621558197888234,-0.00958185759344887,0.0,0.80442,-0.3924,9.84924
75752524495,21.59,0.03408628029144926,0.05220279792715039,0.0,0.73575,-0.37278,9.92772
75757575000,21.59,0.03408628029144926,0.09693558665576507,0.0,0.50031,-0.38259000000000004,9.95715
75762625505,21.59,0.031956978604016174,0.12569861272863161,0.0,0.22563,-0.35316,9.937529999999999
75767676010,21.59,0.03621558197888234,0.1288925652597812,0.0,-0.04905,-0.34335000000000004,9.888480000000001
75772726515,21.59,0.03515093113516579,0.11185815176031658,0.0,-0.27468000000000004,-0.33354000000000006,9.86886
75777777020,21.59,0.03834488366631542,0.08415977653116657,0.0,-0.43164,-0.37278,9.85905
75782827525,21.59,0.033021629447732716,0.04153883619746504,0.0,-0.5493600000000001,-0.33354000000000006,9.83943
75787878030,21.59,0.028763026072866547,0.0,0.0,-0.57879,-0.37278,9.908100000000001
75792928535,21.59,0.033021629447732716,-0.0404741853537485,0.0,-0.50031,-0.37278,9.95715
75797979040,21.59,0.03515093113516579,-0.06497860805174888,0.0,-0.36297,-0.41202000000000005,9.95715
75803029545,21.59,0.033021629447732716,-0.0756251164889143,0.0,-0.21582,-0.43164,9.92772
75808080050,21.59,0.028763026072866547,-0.07883652231258387,0.0,0.0,-0.41202000000000005,9.91791
75813130555,21.59,0.04153883619746504,-0.0756251164889143,0.0,0.13734000000000002,-0.41202000000000005,9.85905
75818181060,21.59,0.05220279792715039,-0.06391395720803235,0.0,0.2943,-0.40221,9.80019
75823231565,21.59,0.05539675045830002,-0.049008845396000776,0.0,0.35316,-0.38259000000000004,9.72171
75828282070,21.59,0.05539675045830002,-0.028763026072866547,0.0,0.44145,-0.36297,9.770760000000001
75833332575,21.59,0.060720004676882725,0.0,0.0,0.48069000000000006,-0.34335000000000004,9.82962
75838383080,21.59,0.06284930636431581,0.033021629447732716,0.0,0.40221,-0.31392000000000003,9.819809999999999
75843433585,21.59,0.06391395720803235,0.05965535383316618,0.0,0.24525000000000002,-0.27468000000000004,9.751140000000001
75848484090,21.59,0.06391395720803235,0.07243116395776468,0.0,0.10791,-0.23544,9.72171
75853534595,21.59,0.06284930636431581,0.08203047484373349,0.0,-0.019620000000000002,-0.23544,9.72171
75858585100,21.59,0.05752605214573309,0.0852244273748831,0.0,-0.22563,-0.1962,9.73152
75863635605,21.59,0.05007349623971732,0.08628907821859966,0.0,-0.40221,-0.20601000000000003,9.760950000000001
75868686110,21.59,0.03728023282259888,0.07030186227033158,0.0,-0.5493600000000001,-0.21582,9.85905
75873736615,21.59,0.03089232776029963,0.05326744877086694,0.0,-0.65727,-0.24525000000000002,9.91791
75878787120,21.59,0.022375121010567305,0.039409534510031964,0.0,-0.75537,-0.25506,10.025820000000001
75883837625,21.59,0.02663372438543347,0.006387905062299246,0.0,-0.7848,-0.2943,10.025820000000001
75888888130,21.59,0.021310470166850764,-0.033021629447732716,0.0,-0.71613,-0.33354000000000006,9.99639
75893938635,21.59,0.01811651763570114,-0.05859070298944965,0.0,-0.5886,-0.37278,9.937529999999999
75898989140,21.59,0.02556907354171693,-0.07883652231258387,0.0,-0.41202000000000005,-0.41202000000000005,9.86886
75904039645,21.59,0.02769837522915001,-0.09693558665576507,0.0,-0.20601000000000003,-0.42183,9.83943
75909090150,21.59,0.03089232776029963,-0.11611675513518273,0.0,0.02943,-0.42183,9.80019
75914140655,21.59,0.03728023282259888,-0.11185815176031658,0.0,0.27468000000000004,-0.46107000000000004,9.83943
75919191160,21.59,0.05326744877086694,-0.10012953918691468,0.0,0.47088,-0.42183,9.91791
75924241665,21.59,0.06604325889546543,-0.08203047484373349,0.0,0.60822,-0.40221,9.91791
75929292170,21.59,0.07349581480148122,-0.044732788728614664,0.0,0.79461,-0.35316,9.82962
75934342675,21.59,0.08096582400001695,-0.002129301687433082,0.0,0.75537,-0.33354000000000006,9.79038
75939393180,21.59,0.07777187146886733,0.03089232776029963,0.0,0.70632,-0.25506,9.7119
75944443685,21.59,0.08203047484373349,0.07030186227033158,0.0,0.5886,-0.20601000000000003,9.6138
75949494190,21.59,0.08735372906231618,0.09587093581204853,0.0,0.38259000000000004,-0.15696000000000002,9.56475
75954544695,21.59,0.08415977653116657,0.11079350091660004,0.0,0.14715,-0.11772,9.633420000000001
75959595200,21.59,0.0756251164889143,0.11079350091660004,0.0,-0.11772,-0.05886,9.770760000000001
75964645705,21.59,0.06923721142661506,0.10866419922916695,0.0,-0.32373,-0.0981,9.81
75969696210,21.59,0.05007349623971732,0.09161233243718235,0.0,-0.52974,-0.0981,9.770760000000001
75974746715,21.59,0.02982767691658309,0.06391395720803235,0.0,-0.65727,-0.08829,9.74133
75979797220,21.59,0.023439771854283843,0.01811651763570114,0.0,-0.73575,-0.15696000000000002,9.72171
75984847725,21.59,0.01918116847941768,-0.02556907354171693,0.0,-0.6670800000000001,-0.17658,9.78057
75989898230,21.59,0.013840460968315033,-0.05539675045830002,0.0,-0.5493600000000001,-0.21582,9.85905
75994948735,21.59,0.015987215948268057,-0.06923721142661506,0.0,-0.44145,-0.30411,9.97677
75999999240,21.59,0.01064650843716541,-0.07883652231258387,0.0,-0.26487,-0.37278,10.03563
76005049745,21.59,0.002129301687433082,-0.07883652231258387,0.0,-0.10791,-0.37278,9.99639
76010100250,21.59,0.011711159280881954,-0.06604325889546543,0.0,0.0981,-0.42183,9.94734
76015150755,21.59,0.022375121010567305,-0.06284930636431581,0.0,0.1962,-0.46107000000000004,9.89829
76020201260,21.59,0.0404741853537485,-0.046879543708567686,0.0,0.32373,-0.43164,9.87867
76025251765,21.59,0.05859070298944965,-0.02556907354171693,0.0,0.37278,-0.42183,9.908100000000001
76030302270,21.59,0.07030186227033158,-0.00958185759344887,0.0,0.40221,-0.40221,9.888480000000001
76035352775,21.59,0.07243116395776468,0.003193952531149623,0.0,0.37278,-0.34335000000000004,9.83943
76040403280,21.59,0.08309512568745003,0.01811651763570114,0.0,0.37278,-0.30411,9.82962
76045453785,21.59,0.08841837990603273,0.02769837522915001,0.0,0.27468000000000004,-0.22563,9.79038
76050504290,21.59,0.09054768159346581,0.03834488366631542,0.0,0.20601000000000003,-0.16677000000000003,9.72171
76055554795,21.59,0.10119419003063122,0.05220279792715039,0.0,0.12753,-0.11772,9.70209
76060605300,21.59,0.10332349171806432,0.05113814708343386,0.0,0.019620000000000002,-0.07848000000000001,9.74133
76065655805,21.59,0.08415977653116657,0.05113814708343386,0.0,-0.06867000000000001,-0.039240000000000004,9.68247
76070706310,21.59,0.07777187146886733,0.05965535383316618,0.0,-0.1962,-0.019620000000000002,9.72171
76075756815,21.59,0.060720004676882725,0.07030186227033158,0.0,-0.36297,-0.009810000000000001,9.81
76080807320,21.59,0.046879543708567686,0.06497860805174888,0.0,-0.50031,-0.039240000000000004,9.83943
76085857825,21.59,0.039409534510031964,0.04581489286485115,0.0,-0.5886,-0.08829,9.84924
76090908330,21.59,0.02769837522915001,0.012775810124598492,0.0,-0.6180300000000001,-0.13734000000000002,9.86886
76095958835,21.59,0.023439771854283843,-0.03089232776029963,0.0,-0.5886,-0.14715,9.79038
76101009340,21.59,0.021310470166850764,-0.06923721142661506,0.0,-0.46107000000000004,-0.18639,9.79038
76106059845,21.59,0.01918116847941768,-0.1097288500728835,0.0,-0.25506,-0.24525000000000002,9.81
76111110350,21.59,0.015987215948268057,-0.14062117783318315,0.0,0.039240000000000004,-0.2943,9.770760000000001
76116160855,21.59,0.024504422698000388,-0.14594443205176583,0.0,0.35316,-0.33354000000000006,9.87867
76121211360,21.59,0.03089232776029963,-0.13208651779093086,0.0,0.64746,-0.34335000000000004,9.937529999999999
76126261865,21.59,0.044732788728614664,-0.08203047484373349,0.0,0.8142300000000001,-0.36297,9.908100000000001
76131312370,21.59,0.06497860805174888,-0.007452555906015787,0.0,0.8829,-0.2943,9.87867
76136362875,21.59,0.07136651311404815,0.06391395720803235,0.0,0.75537,-0.27468000000000004,9.86886
76141413380,21.59,0.07456046564519776,0.1278279144160647,0.0,0.52974,-0.22563,9.74133
76146463885,21.59,0.07777187146886733,0.17364280728091586,0.0,0.18639,-0.20601000000000003,9.79038
76151514390,21.59,0.07349581480148122,0.18428931571808121,0.0,-0.21582,-0.13734000000000002,9.819809999999999
76156564895,21.59,0.07136651311404815,0.15126768627034853,0.0,-0.52974,-0.12753,9.81
76161615400,21.59,0.07670722062515077,0.09693558665576507,0.0,-0.74556,-0.0981,9.92772
76166665905,21.59,0.07670722062515077,0.021310470166850764,0.0,-0.85347,-0.06867000000000001,9.937529999999999
76171716410,21.59,0.07349581480148122,-0.05220279792715039,0.0,-0.7651800000000001,-0.05886,9.83943
76176766915,21.59,0.06178465552059926,-0.09906488834319814,0.0,-0.57879,-0.06867000000000001,9.85905
76181817420,21.59,0.05859070298944965,-0.12250466019748199,0.0,-0.27468000000000004,-0.11772,9.760950000000001
76186867925,21.59,0.05220279792715039,-0.11824605682261582,0.0,-0.02943,-0.0981,9.67266
76191918430,21.59,0.04581489286485115,-0.09800023749948161,0.0,0.18639,-0.12753,9.72171
76196968935,21.59,0.04581489286485115,-0.07670722062515077,0.0,0.35316,-0.13734000000000002,9.81
76202019440,21.59,0.04153883619746504,-0.04581489286485115,0.0,0.44145,-0.14715,9.819809999999999
76207069945,21.59,0.044732788728614664,-0.011711159280881954,0.0,0.46107000000000004,-0.16677000000000003,9.84924
76212120450,21.59,0.05007349623971732,0.008517206749732328,0.0,0.46107000000000004,-0.14715,9.81
76217170955,21.59,0.05007349623971732,0.03089232776029963,0.0,0.40221,-0.18639,9.74133
76222221460,21.59,0.05859070298944965,0.04153883619746504,0.0,0.33354000000000006,-0.18639,9.751140000000001
76227271965,21.59,0.05859070298944965,0.060720004676882725,0.0,0.20601000000000003,-0.14715,9.72171
76232322470,21.59,0.060720004676882725,0.08203047484373349,0.0,0.019620000000000002,-0.12753,9.770760000000001
76237372975,21.59,0.06178465552059926,0.09480628496833199,0.0,-0.16677000000000003,-0.11772,9.819809999999999
76242423480,21.59,0.05646140130201656,0.09267698328089889,0.0,-0.32373,-0.08829,9.82962
76247473985,21.59,0.05113814708343386,0.05965535383316618,0.0,-0.50031,-0.10791,9.83943
76252524490,21.59,0.05220279792715039,0.015987215948268057,0.0,-0.56898,-0.11772,9.888480000000001
76257574995,21.59,0.05965535383316618,-0.02663372438543347,0.0,-0.48069000000000006,-0.10791,9.82962
76262625500,21.59,0.05752605214573309,-0.07243116395776468,0.0,-0.41202000000000005,-0.12753,9.82962
76267676005,21.59,0.05965535383316618,-0.09161233243718235,0.0,-0.21582,-0.11772,9.83943
76272726510,21.59,0.060720004676882725,-0.09267698328089889,0.0,0.039240000000000004,-0.15696000000000002,9.86886
76277777015,21.59,0.05965535383316618,-0.08309512568745003,0.0,0.20601000000000003,-0.10791,9.84924
76282827520,21.59,0.05859070298944965,-0.05326744877086694,0.0,0.33354000000000006,-0.12753,9.84924
76287878025,21.59,0.05220279792715039,-0.01064650843716541,0.0,0.37278,-0.12753,9.819809999999999
76292928530,21.59,0.05859070298944965,0.013840460968315033,0.0,0.34335000000000004,-0.0981,9.770760000000001
76297979035,21.59,0.060720004676882725,0.023439771854283843,0.0,0.28449,-0.07848000000000001,9.760950000000001
76303029540,21.59,0.06923721142661506,0.02663372438543347,0.0,0.24525000000000002,-0.07848000000000001,9.760950000000001
76308080045,21.59,0.07243116395776468,0.03089232776029963,0.0,0.1962,-0.039240000000000004,9.770760000000001
76313130550,21.59,0.06923721142661506,0.039409534510031964,0.0,0.11772,-0.02943,9.84924
76318181055,21.59,0.06817256058289851,0.054332099614583476,0.0,0.0,-0.02943,9.83943
76323231560,21.59,0.05752605214573309,0.0756251164889143,0.0,-0.14715,-0.02943,9.83943
76328282065,21.59,0.05007349623971732,0.06710790973918197,0.0,-0.28449,-0.039240000000000004,9.84924
76333332570,21.59,0.05220279792715039,0.033021629447732716,0.0,-0.42183,-0.02943,9.78057
76338383075,21.59,0.05646140130201656,0.001064650843716541,0.0,-0.3924,-0.039240000000000004,9.7119
76343433580,21.59,0.054332099614583476,-0.03408628029144926,0.0,-0.33354000000000006,-0.05886,9.751140000000001
76348484085,21.59,0.06178465552059926,-0.06391395720803235,0.0,-0.23544,-0.04905,9.770760000000001
76353534590,21.59,0.05646140130201656,-0.07349581480148122,0.0,-0.06867000000000001,-0.06867000000000001,9.85905
76358585095,21.59,0.05220279792715039,-0.05539675045830002,0.0,0.05886,-0.07848000000000001,9.89829
76363635600,21.59,0.05220279792715039,-0.02982767691658309,0.0,0.15696000000000002,-0.05886,9.819809999999999
76368686105,21.59,0.05113814708343386,-0.008517206749732328,0.0,0.1962,-0.0981,9.73152
76373736610,21.59,0.05646140130201656,-0.003193952531149623,0.0,0.17658,-0.06867000000000001,9.64323
76378787115,21.59,0.06391395720803235,0.001064650843716541,0.0,0.23544,-0.039240000000000004,9.64323
76383837620,21.59,0.06923721142661506,-0.004258603374866164,0.0,0.1962,-0.02943,9.73152
76388888125,21.59,0.07349581480148122,0.005323254218582705,0.0,0.15696000000000002,0.0,9.83943
76393938630,21.59,0.06817256058289851,0.03089232776029963,0.0,0.13734000000000002,0.0,9.937529999999999
76398989135,21.59,0.06391395720803235,0.039409534510031964,0.0,0.009810000000000001,0.0,9.96696
76404039640,21.59,0.054332099614583476,0.0404741853537485,0.0,-0.06867000000000001,0.0,9.95715
76409090145,21.59,0.05113814708343386,0.03728023282259888,0.0,-0.14715,-0.02943,9.84924
76414140650,21.59,0.05646140130201656,0.022375121010567305,0.0,-0.1962,-0.009810000000000001,9.751140000000001
76419191155,21.59,0.05220279792715039,0.008517206749732328,0.0,-0.1962,0.0,9.760950000000001
76424241660,21.59,0.06178465552059926,-0.002129301687433082,0.0,-0.18639,-0.019620000000000002,9.79038
76429292165,21.59,0.06284930636431581,-0.020245819323134222,0.0,-0.14715,-0.009810000000000001,9.85905
76434342670,21.59,0.05326744877086694,-0.031956978604016174,0.0,-0.10791,-0.019620000000000002,9.98658
76439393175,21.59,0.05539675045830002,-0.03834488366631542,0.0,0.0,-0.02943,9.92772
76444443680,21.59,0.046879543708567686,-0.028763026072866547,0.0,0.07848000000000001,-0.02943,9.87867
76449494185,21.59,0.05859070298944965,-0.014905111812031574,0.0,0.10791,-0.02943,9.760950000000001
76454544690,21.59,0.06923721142661506,0.0,0.0,0.12753,0.0,9.65304
76459595195,21.59,0.06817256058289851,-0.001064650843716541,0.0,0.13734000000000002,0.009810000000000001,9.70209
76464645700,21.59,0.06923721142661506,-0.003193952531149623,0.0,0.12753,0.009810000000000001,9.770760000000001
76469696205,21.59,0.06923721142661506,0.00958185759344887,0.0,0.10791,0.009810000000000001,9.82962
76474746710,21.59,0.06391395720803235,0.021310470166850764,0.0,0.05886,0.0,9.89829
76479797215,21.59,0.05539675045830002,0.021310470166850764,0.0,-0.009810000000000001,0.02943,9.89829
76484847720,21.59,0.05752605214573309,0.024504422698000388,0.0,-0.04905,0.019620000000000002,9.85905
76489898225,21.59,0.06284930636431581,0.0170518667919846,0.0,-0.07848000000000001,0.039240000000000004,9.79038
76494948730,21.59,0.06710790973918197,0.013840460968315033,0.0,-0.08829,0.019620000000000002,9.760950000000001
76499999235,21.59,0.06391395720803235,0.022375121010567305,0.0,-0.12753,0.039240000000000004,9.73152
76505049740,21.59,0.05752605214573309,0.011711159280881954,0.0,-0.15696000000000002,0.039240000000000004,9.74133
76510100245,21.59,0.05326744877086694,-0.007452555906015787,0.0,-0.17658,0.039240000000000004,9.770760000000001
76515150750,21.59,0.05326744877086694,-0.028763026072866547,0.0,-0.0981,0.05886,9.760950000000001
76520201255,21.59,0.05220279792715039,-0.03728023282259888,0.0,-0.019620000000000002,0.009810000000000001,9.80019
76525251760,21.59,0.06284930636431581,-0.033021629447732716,0.0,0.04905,0.039240000000000004,9.86886
76530302265,21.59,0.07030186227033158,-0.008517206749732328,0.0,0.07848000000000001,0.04905,9.819809999999999
76535352770,21.59,0.06604325889546543,0.002129301687433082,0.0,0.07848000000000001,0.04905,9.760950000000001
76540403275,21.59,0.05859070298944965,0.003193952531149623,0.0,0.0981,0.039240000000000004,9.72171
76545453780,21.59,0.05113814708343386,0.0,0.0,0.10791,0.05886,9.64323
76550504285,21.59,0.054332099614583476,0.004258603374866164,0.0,0.07848000000000001,0.06867000000000001,9.79038
76555554790,21.59,0.05859070298944965,0.008517206749732328,0.0,0.039240000000000004,0.04905,9.91791
76560605295,21.59,0.06817256058289851,0.00958185759344887,0.0,0.019620000000000002,0.04905,10.01601
76565655800,21.59,0.06817256058289851,0.007452555906015787,0.0,-0.039240000000000004,0.02943,10.045440000000001
76570706305,21.59,0.060720004676882725,0.01064650843716541,0.0,-0.02943,0.02943,9.91791
76575756810,21.59,0.05752605214573309,0.013840460968315033,0.0,0.0,0.039240000000000004,9.67266
76580807315,21.59,0.05539675045830002,0.008517206749732328,0.0,-0.04905,0.02943,9.68247
76585857820,21.59,0.06178465552059926,0.005323254218582705,0.0,-0.05886,0.04905,9.72171
76590908325,21.59,0.06817256058289851,-0.001064650843716541,0.0,-0.05886,0.06867000000000001,9.770760000000001
76595958830,21.59,0.07349581480148122,-0.014905111812031574,0.0,-0.039240000000000004,0.10791,9.87867
76601009335,21.59,0.06923721142661506,-0.015987215948268057,0.0,-0.02943,0.10791,9.888480000000001
76606059840,21.59,0.06710790973918197,-0.006387905062299246,0.0,0.009810000000000001,0.08829,9.819809999999999
76611110345,21.59,0.06604325889546543,0.002129301687433082,0.0,0.019620000000000002,0.10791,9.760950000000001
76616160850,21.59,0.06604325889546543,0.00958185759344887,0.0,0.009810000000000001,0.13734000000000002,9.7119
76621211355,21.59,0.06710790973918197,0.0170518667919846,0.0,-0.009810000000000001,0.13734000000000002,9.633420000000001
76626261860,21.59,0.06604325889546543,0.012775810124598492,0.0,-0.019620000000000002,0.14715,9.69228
76631312365,21.59,0.06178465552059926,0.008517206749732328,0.0,-0.05886,0.14715,9.819809999999999
76636362870,21.59,0.06178465552059926,-0.005323254218582705,0.0,-0.06867000000000001,0.12753,9.86886
76641413375,21.59,0.05646140130201656,-0.021310470166850764,0.0,-0.039240000000000004,0.10791,9.908100000000001
76646463880,21.59,0.054332099614583476,-0.022375121010567305,0.0,0.009810000000000001,0.14715,9.96696
76651514385,21.59,0.060720004676882725,-0.015987215948268057,0.0,0.05886,0.0981,9.819809999999999
76656564890,21.59,0.05220279792715039,-0.01064650843716541,0.0,0.08829,0.0981,9.760950000000001
76661615395,21.59,0.054332099614583476,-0.002129301687433082,0.0,0.10791,0.12753,9.67266
76666665900,21.59,0.05965535383316618,0.0,0.0,0.10791,0.0981,9.623610000000001
76671716405,21.59,0.06391395720803235,0.003193952531149623,0.0,0.10791,0.12753,9.7119
76676766910,21.59,0.06497860805174888,0.007452555906015787,0.0,0.05886,0.15696000000000002,9.79038
76681817415,21.59,0.06710790973918197,0.012775810124598492,0.0,0.039240000000000004,0.12753,9.84924
76686867920,21.59,0.05965535383316618,0.015987215948268057,0.0,0.019620000000000002,0.14715,9.91791
76691918425,21.59,0.05965535383316618,0.01064650843716541,0.0,-0.009810000000000001,0.14715,9.819809999999999
76696968930,21.59,0.06497860805174888,0.01064650843716541,0.0,0.009810000000000001,0.17658,9.70209
76702019435,21.59,0.06284930636431581,0.006387905062299246,0.0,-0.019620000000000002,0.16677000000000003,9.7119
76707069940,21.59,0.06923721142661506,0.003193952531149623,0.0,-0.04905,0.15696000000000002,9.751140000000001
76712120445,21.59,0.05752605214573309,-0.003193952531149623,0.0,-0.06867000000000001,0.1962,9.82962
76717170950,21.59,0.05326744877086694,-0.008517206749732328,0.0,-0.05886,0.14715,9.937529999999999
76722221455,21.59,0.05752605214573309,-0.01064650843716541,0.0,-0.04905,0.15696000000000002,9.888480000000001
76727271960,22.09,0.054332099614583476,-0.00958185759344887,0.0,0.0,0.17658,9.85905
76732322465,22.09,0.05965535383316618,-0.011711159280881954,0.0,0.019620000000000002,0.12753,9.87867
76737372970,22.09,0.06178465552059926,-0.012775810124598492,0.0,0.0,0.14715,9.770760000000001
76742423475,22.09,0.05965535383316618,-0.014905111812031574,0.0,0.0981,0.13734000000000002,9.67266
76747473980,22.09,0.060720004676882725,-0.01811651763570114,0.0,0.10791,0.17658,9.623610000000001
76752524485,22.09,0.06604325889546543,-0.012775810124598492,0.0,0.17658,0.20601000000000003,9.64323
76757574990,22.09,0.07243116395776468,0.0,0.0,0.16677000000000003,0.26487,9.770760000000001
76762625495,22.09,0.07030186227033158,0.01064650843716541,0.0,0.15696000000000002,0.25506,9.937529999999999
76767676000,22.09,0.06284930636431581,0.02556907354171693,0.0,0.06867000000000001,0.1962,9.937529999999999
76772726505,22.09,0.05326744877086694,0.031956978604016174,0.0,0.0,0.20601000000000003,9.79038
76777777010,22.09,0.04794419455228423,0.033021629447732716,0.0,-0.039240000000000004,0.18639,9.770760000000001
76782827515,22.09,0.05326744877086694,0.03515093113516579,0.0,-0.0981,0.20601000000000003,9.760950000000001
76787878020,22.09,0.05752605214573309,0.023439771854283843,0.0,-0.16677000000000003,0.18639,9.770760000000001
76792928525,22.09,0.05965535383316618,0.005323254218582705,0.0,-0.1962,0.20601000000000003,9.85905
76797979030,22.09,0.06604325889546543,-0.0170518667919846,0.0,-0.13734000000000002,0.23544,9.87867
76803029535,22.09,0.06604325889546543,-0.03728023282259888,0.0,-0.13734000000000002,0.22563,9.819809999999999
76808080040,22.09,0.06391395720803235,-0.03834488366631542,0.0,-0.039240000000000004,0.24525000000000002,9.82962
76813130545,22.09,0.05965535383316618,-0.02769837522915001,0.0,0.06867000000000001,0.23544,9.83943
76818181050,22.09,0.05752605214573309,-0.015987215948268057,0.0,0.12753,0.20601000000000003,9.72171
76823231555,22.09,0.05859070298944965,-0.008517206749732328,0.0,0.15696000000000002,0.26487,9.64323
76828282060,22.09,0.06817256058289851,-0.006387905062299246,0.0,0.13734000000000002,0.35316,9.67266
76833332565,22.09,0.06178465552059926,0.0,0.0,0.15696000000000002,0.38259000000000004,9.770760000000001
76838383070,22.09,0.05539675045830002,0.007452555906015787,0.0,0.18639,0.30411,9.82962
76843433575,22.09,0.046879543708567686,0.022375121010567305,0.0,0.0981,0.13734000000000002,9.84924
76848484080,22.09,0.03621558197888234,0.033021629447732716,0.0,0.02943,0.15696000000000002,9.81
76853534585,22.09,0.0404741853537485,0.03408628029144926,0.0,-0.05886,0.14715,9.87867
76858585090,22.09,0.05220279792715039,0.024504422698000388,0.0,-0.07848000000000001,0.15696000000000002,9.79038
76863635595,22.09,0.060720004676882725,0.012775810124598492,0.0,-0.08829,0.1962,9.79038
76868686100,22.09,0.07456046564519776,-0.006387905062299246,0.0,-0.13734000000000002,0.21582,9.82962
76873736605,22.09,0.07777187146886733,-0.01918116847941768,0.0,-0.06867000000000001,0.32373,9.80019
76878787110,22.09,0.06604325889546543,-0.02769837522915001,0.0,-0.009810000000000001,0.2943,9.87867
76883837615,22.09,0.05752605214573309,-0.028763026072866547,0.0,0.05886,0.28449,9.79038
76888888120,22.09,0.049008845396000776,-0.021310470166850764,0.0,0.11772,0.32373,9.72171
76893938625,22.09,0.05646140130201656,-0.01064650843716541,0.0,0.14715,0.28449,9.78057
76898989130,22.09,0.05859070298944965,0.0,0.0,0.15696000000000002,0.31392000000000003,9.760950000000001
76904039635,22.09,0.05752605214573309,0.008517206749732328,0.0,0.15696000000000002,0.25506,9.72171
76909090140,22.09,0.05113814708343386,0.00958185759344887,0.0,0.08829,0.20601000000000003,9.65304
76914140645,22.09,0.05220279792715039,0.012775810124598492,0.0,0.05886,0.25506,9.68247
76919191150,22.09,0.05113814708343386,0.022375121010567305,0.0,0.0,0.28449,9.84924
76924241655,22.09,0.054332099614583476,0.020245819323134222,0.0,-0.009810000000000001,0.28449,9.86886
76929292160,22.09,0.05752605214573309,0.013840460968315033,-0.005323254218582705,-0.07848000000000001,0.20601000000000003,10.01601
76934342665,22.09,0.06178465552059926,0.0,0.0,-0.08829,0.20601000000000003,9.89829
76939393170,22.09,0.06284930636431581,-0.008517206749732328,0.0,-0.07848000000000001,0.2943,9.78057
76944443675,22.09,0.06604325889546543,-0.004258603374866164,0.0,-0.009810000000000001,0.38259000000000004,9.78057
76949494180,22.09,0.06817256058289851,-0.001064650843716541,0.0,0.019620000000000002,0.40221,9.72171
76954544685,22.09,0.05646140130201656,0.002129301687433082,0.0,0.05886,0.36297,9.751140000000001
76959595190,22.09,0.04794419455228423,-0.005323254218582705,-0.002129301687433082,0.019620000000000002,0.31392000000000003,9.751140000000001
76964645695,22.09,0.04366813788489812,-0.013840460968315033,-0.001064650843716541,0.02943,0.26487,9.751140000000001
76969696200,22.09,0.046879543708567686,-0.013840460968315033,0.0,0.06867000000000001,0.31392000000000003,9.770760000000001
76974746705,22.09,0.05752605214573309,-0.01064650843716541,0.001064650843716541,0.08829,0.33354000000000006,9.80019
76979797210,22.09,0.05965535383316618,0.002129301687433082,0.0,0.10791,0.31392000000000003,9.78057
76984847715,22.09,0.05859070298944965,0.005323254218582705,0.0,0.11772,0.32373,9.67266
76989898220,22.09,0.05539675045830002,0.004258603374866164,-0.002129301687433082,0.07848000000000001,0.31392000000000003,9.67266
76994948725,22.09,0.04794419455228423,0.01064650843716541,-0.001064650843716541,0.07848000000000001,0.34335000000000004,9.623610000000001
76999999230,22.09,0.05220279792715039,0.013840460968315033,0.0,0.04905,0.37278,9.72171
77005049735,22.09,0.05220279792715039,0.020245819323134222,0.001064650843716541,0.02943,0.35316,9.888480000000001
77010100240,22.09,0.05007349623971732,0.015987215948268057,-0.004258603374866164,-0.039240000000000004,0.28449,9.91791
77015150745,22.09,0.04794419455228423,0.002129301687433082,-0.003193952531149623,-0.05886,0.21582,9.84924
77020201250,22.09,0.05539675045830002,-0.008517206749732328,-0.001064650843716541,-0.06867000000000001,0.26487,9.80019
77025251755,22.09,0.05859070298944965,-0.00958185759344887,-0.002129301687433082,0.0,0.34335000000000004,9.69228
77030302260,22.09,0.060720004676882725,-0.012775810124598492,0.0,0.019620000000000002,0.40221,9.751140000000001
77035352765,22.09,0.05752605214573309,-0.012775810124598492,-0.001064650843716541,0.10791,0.46107000000000004,9.74133
77040403270,22.09,0.05220279792715039,-0.0170518667919846,0.0,0.12753,0.38259000000000004,9.80019
77045453775,22.09,0.044732788728614664,-0.015987215948268057,0.0,0.12753,0.33354000000000006,9.770760000000001
77050504280,22.09,0.04581489286485115,-0.004258603374866164,-0.002129301687433082,0.14715,0.28449,9.770760000000001
77055554785,22.09,0.046879543708567686,0.007452555906015787,-0.001064650843716541,0.12753,0.2943,9.760950000000001
77060605290,22.09,0.049008845396000776,0.0170518667919846,-0.001064650843716541,0.0981,0.30411,9.770760000000001
77065655795,22.09,0.05859070298944965,0.023439771854283843,-0.002129301687433082,0.08829,0.32373,9.78057
77070706300,22.09,0.06497860805174888,0.02663372438543347,0.0,0.02943,0.37278,9.70209
77075756805,22.09,0.06284930636431581,0.01811651763570114,-0.002129301687433082,-0.04905,0.42183,9.760950000000001
77080807310,22.09,0.05646140130201656,0.011711159280881954,-0.001064650843716541,-0.039240000000000004,0.45126,9.83943
77085857815,22.09,0.05326744877086694,0.0,0.0,-0.019620000000000002,0.43164,9.81
77090908320,22.09,0.05007349623971732,-0.013840460968315033,0.001064650843716541,-0.02943,0.41202000000000005,9.819809999999999
77095958825,22.09,0.04581489286485115,-0.022375121010567305,0.0,0.0,0.33354000000000006,9.78057
77101009330,22.09,0.044732788728614664,-0.023439771854283843,0.0,0.009810000000000001,0.36297,9.68247
77106059835,22.09,0.049008845396000776,-0.033021629447732716,0.0,0.10791,0.41202000000000005,9.72171
77111110340,22.09,0.046879543708567686,-0.022375121010567305,-0.005323254218582705,0.25506,0.42183,9.74133
77116160845,22.09,0.044732788728614664,-0.006387905062299246,-0.002129301687433082,0.28449,0.36297,9.73152
77121211350,22.09,0.04366813788489812,0.01064650843716541,-0.003193952531149623,0.21582,0.28449,9.73152
77126261855,22.09,0.046879543708567686,0.02663372438543347,0.0,0.12753,0.28449,9.760950000000001
77131312360,22.09,0.05326744877086694,0.033021629447732716,0.0,0.02943,0.27468000000000004,9.770760000000001
77136362865,22.09,0.06284930636431581,0.02769837522915001,0.0,0.0,0.40221,9.81
77141413370,22.09,0.07243116395776468,0.01811651763570114,0.0,-0.009810000000000001,0.50031,9.81
77146463875,22.09,0.06710790973918197,0.015987215948268057,-0.003193952531149623,-0.019620000000000002,0.5395500000000001,9.7119
77151514380,22.09,0.05965535383316618,0.0170518667919846,0.0,-0.019620000000000002,0.51993,9.7119
77156564885,22.09,0.04794419455228423,0.011711159280881954,0.0,-0.11772,0.49050000000000005,9.66285
77161615390,22.09,0.03621558197888234,-0.001064650843716541,0.0,-0.10791,0.41202000000000005,9.74133
77166665895,22.09,0.02982767691658309,-0.022375121010567305,-0.001064650843716541,-0.039240000000000004,0.40221,9.83943
77171716400,22.09,0.031956978604016174,-0.039409534510031964,0.001064650843716541,0.0,0.38259000000000004,9.937529999999999
77176766905,22.09,0.03728023282259888,-0.03089232776029963,0.0,0.07848000000000001,0.30411,9.888480000000001
77181817410,22.09,0.04581489286485115,-0.011711159280881954,-0.002129301687433082,0.12753,0.2943,9.819809999999999
77186867915,22.09,0.05007349623971732,0.0,-0.002129301687433082,0.0981,0.30411,9.760950000000001
77191918420,22.09,0.054332099614583476,-0.007452555906015787,0.0,0.11772,0.40221,9.7119
77196968925,22.09,0.05859070298944965,-0.00958185759344887,0.0,0.17658,0.51012,9.74133
77202019430,22.09,0.04794419455228423,0.002129301687433082,-0.001064650843716541,0.24525000000000002,0.49050000000000005,9.81
77207069935,22.09,0.05965535383316618,0.00958185759344887,0.0,0.16677000000000003,0.5395500000000001,9.68247
77212120440,22.09,0.05965535383316618,0.02663372438543347,-0.002129301687433082,0.12753,0.45126,9.751140000000001
77217170945,22.09,0.05326744877086694,0.02769837522915001,0.0,0.039240000000000004,0.43164,9.751140000000001
77222221450,22.09,0.049008845396000776,0.015987215948268057,-0.002129301687433082,0.0,0.42183,9.65304
77227271955,22.09,0.044732788728614664,0.008517206749732328,-0.002129301687433082,-0.019620000000000002,0.43164,9.72171
77232322460,22.09,0.04366813788489812,0.005323254218582705,0.0,-0.02943,0.47088,9.7119
77237372965,22.09,0.05007349623971732,0.003193952531149623,0.0,-0.05886,0.51993,9.73152
77242423470,22.09,0.049008845396000776,0.001064650843716541,0.0,-0.009810000000000001,0.52974,9.85905
77247473975,22.09,0.05220279792715039,-0.013840460968315033,0.002129301687433082,0.0,0.50031,9.84924
77252524480,22.09,0.039409534510031964,-0.023439771854283843,0.0,0.04905,0.38259000000000004,9.82962
77257574985,22.09,0.028763026072866547,-0.021310470166850764,0.001064650843716541,0.06867000000000001,0.31392000000000003,9.819809999999999
77262625490,22.09,0.03621558197888234,-0.0170518667919846,-0.001064650843716541,0.05886,0.35316,9.66285
77267675995,22.09,0.04794419455228423,-0.001064650843716541,-0.001064650843716541,0.11772,0.46107000000000004,9.760950000000001
77272726500,22.09,0.05965535383316618,-0.001064650843716541,0.003193952531149623,0.14715,0.51993,9.84924
77277777005,22.09,0.05646140130201656,0.004258603374866164,-0.004258603374866164,0.17658,0.51993,9.78057
77282827510,22.09,0.04581489286485115,0.00958185759344887,0.0,0.14715,0.44145,9.80019
77287878015,22.09,0.04366813788489812,0.013840460968315033,0.001064650843716541,0.05886,0.42183,9.7119
77292928520,22.09,0.04581489286485115,0.011711159280881954,-0.005323254218582705,0.0,0.43164,9.69228
77297979025,22.09,0.05007349623971732,0.008517206749732328,0.002129301687433082,0.009810000000000001,0.51012,9.79038
77303029530,22.09,0.054332099614583476,-0.002129301687433082,0.0,0.04905,0.59841,9.73152
77308080035,22.09,0.05539675045830002,0.002129301687433082,-0.001064650843716541,0.0981,0.59841,9.770760000000001
77313130540,22.09,0.046879543708567686,0.004258603374866164,0.002129301687433082,0.05886,0.51012,9.66285
77318181045,22.09,0.0404741853537485,0.004258603374866164,0.0,0.009810000000000001,0.47088,9.66285
77323231550,22.09,0.02982767691658309,0.0,-0.001064650843716541,0.009810000000000001,0.47088,9.751140000000001
77328282055,22.09,0.024504422698000388,-0.02556907354171693,-0.001064650843716541,0.05886,0.46107000000000004,9.819809999999999
77333332560,22.09,0.031956978604016174,-0.03408628029144926,-0.003193952531149623,0.14715,0.51993,9.89829
77338383065,22.09,0.04366813788489812,-0.014905111812031574,0.0,0.22563,0.41202000000000005,9.94734
77343433570,22.09,0.05007349623971732,0.003193952531149623,0.0,0.1962,0.36297,9.83943
77348484075,22.09,0.05646140130201656,0.0170518667919846,-0.002129301687433082,0.13734000000000002,0.3924,9.74133
77353534580,22.09,0.05220279792715039,0.033021629447732716,0.0,0.06867000000000001,0.35316,9.72171
77358585085,22.09,0.05113814708343386,0.03089232776029963,0.0,-0.019620000000000002,0.45126,9.69228
77363635590,22.09,0.05752605214573309,0.02556907354171693,0.0,-0.02943,0.59841,9.80019
77368686095,22.09,0.060720004676882725,0.011711159280881954,0.001064650843716541,-0.04905,0.70632,9.82962
77373736600,22.09,0.05859070298944965,-0.01064650843716541,-0.003193952531149623,-0.02943,0.7848,9.82962
77378787105,22.09,0.05220279792715039,-0.02556907354171693,-0.003193952531149623,0.0981,0.73575,9.83943
77383837610,22.09,0.03834488366631542,-0.01811651763570114,0.0,0.14715,0.49050000000000005,9.6138
77388888115,22.09,0.01918116847941768,-0.006387905062299246,-0.001064650843716541,0.0981,0.31392000000000003,9.52551
77393938620,22.09,0.01811651763570114,0.014905111812031574,0.001064650843716541,0.04905,0.31392000000000003,9.59418
77398989125,22.09,0.02556907354171693,0.00958185759344887,0.003193952531149623,0.0,0.37278,9.74133
77404039630,22.09,0.044732788728614664,-0.01064650843716541,0.001064650843716541,0.039240000000000004,0.60822,9.89829
77409090135,22.09,0.06178465552059926,-0.02769837522915001,0.0,0.11772,0.7651800000000001,10.01601
77414140640,22.09,0.05539675045830002,-0.02982767691658309,-0.001064650843716541,0.28449,0.63765,9.94734
77419191145,22.09,0.039409534510031964,-0.02556907354171693,-0.001064650843716541,0.26487,0.50031,9.73152
77424241650,22.09,0.02769837522915001,0.008517206749732328,-0.004258603374866164,0.22563,0.30411,9.69228
77429292155,22.09,0.01918116847941768,0.039409534510031964,-0.002129301687433082,0.10791,0.21582,9.67266
77434342660,22.09,0.03728023282259888,0.04153883619746504,-0.002129301687433082,0.019620000000000002,0.37278,9.770760000000001
77439393165,22.09,0.05965535383316618,0.0404741853537485,0.0,-0.05886,0.56898,9.86886
77444443670,22.09,0.08203047484373349,0.023439771854283843,0.001064650843716541,-0.08829,0.7848,9.86886
77449494175,22.09,0.07990117315630041,-0.01064650843716541,-0.001064650843716541,0.0,0.9123300000000001,9.84924
77454544680,22.09,0.05539675045830002,-0.03515093113516579,0.002129301687433082,0.11772,0.80442,9.80019
77459595185,22.09,0.01811651763570114,-0.04260348704118158,0.0,0.15696000000000002,0.5591700000000001,9.56475
77464645690,22.09,0.002129301687433082,-0.031956978604016174,-0.001064650843716541,0.1962,0.38259000000000004,9.56475
77469696195,22.09,0.007452555906015787,0.0,0.0,0.1962,0.32373,9.6138
77474746700,22.09,0.02769837522915001,0.024504422698000388,0.0,0.10791,0.31392000000000003,9.72171
77479797205,22.09,0.05007349623971732,0.021310470166850764,-0.002129301687433082,0.05886,0.49050000000000005,9.81
77484847710,22.09,0.06923721142661506,0.015987215948268057,0.002129301687433082,0.08829,0.60822,9.81
77489898215,22.09,0.06497860805174888,0.007452555906015787,0.0,0.10791,0.74556,9.7119
77494948720,22.09,0.05113814708343386,0.0,0.0,0.10791,0.7848,9.7119
77499999225,22.09,0.03515093113516579,-0.011711159280881954,-0.001064650843716541,0.13734000000000002,0.73575,9.79038
77505049730,22.09,0.0170518667919846,-0.02769837522915001,-0.003193952531149623,0.17658,0.6278400000000001,9.81
77510100235,22.09,0.0170518667919846,-0.033021629447732716,-0.001064650843716541,0.20601000000000003,0.48069000000000006,9.86886
77515150740,22.09,0.023439771854283843,-0.02556907354171693,-0.006387905062299246,0.2943,0.40221,9.82962
77520201245,22.09,0.033021629447732716,0.002129301687433082,-0.002129301687433082,0.2943,0.31392000000000003,9.7119
77525251750,22.09,0.039409534510031964,0.03834488366631542,-0.001064650843716541,0.1962,0.34335000000000004,9.72171
77530302255,22.09,0.05113814708343386,0.054332099614583476,0.002129301687433082,0.04905,0.46107000000000004,9.78057
77535352760,22.09,0.05539675045830002,0.05326744877086694,0.0,-0.06867000000000001,0.56898,9.86886
77540403265,22.09,0.06604325889546543,0.03089232776029963,0.0,-0.12753,0.70632,9.99639
77545453770,22.09,0.06710790973918197,0.003193952531149623,-0.001064650843716541,-0.13734000000000002,0.7848,9.91791
77550504275,22.09,0.05965535383316618,-0.02769837522915001,-0.001064650843716541,-0.039240000000000004,0.8240400000000001,9.81
77555554780,22.09,0.044732788728614664,-0.04260348704118158,0.001064650843716541,0.10791,0.79461,9.67266
77560605285,22.09,0.02982767691658309,-0.044732788728614664,0.0,0.21582,0.6867000000000001,9.47646
77565655790,22.09,0.012775810124598492,-0.03089232776029963,0.002129301687433082,0.28449,0.57879,9.40779
77570706295,22.09,0.006387905062299246,-0.013840460968315033,-0.001064650843716541,0.28449,0.47088,9.57456
77575756800,22.09,0.01064650843716541,0.014905111812031574,0.0,0.25506,0.38259000000000004,9.78057
77580807305,22.09,0.02769837522915001,0.031956978604016174,0.0,0.11772,0.31392000000000003,9.83943
77585857810,22.09,0.049008845396000776,0.03621558197888234,-0.001064650843716541,0.0,0.40221,9.98658
77590908315,22.09,0.060720004676882725,0.03089232776029963,-0.003193952531149623,-0.06867000000000001,0.51012,9.86886
77595958820,22.09,0.0756251164889143,0.03515093113516579,0.0,-0.08829,0.6670800000000001,9.751140000000001
77601009325,22.09,0.07030186227033158,0.02663372438543347,0.002129301687433082,-0.12753,0.8338500000000001,9.64323
77606059830,22.09,0.06391395720803235,0.0170518667919846,0.001064650843716541,-0.10791,0.9319500000000001,9.69228
77611110335,22.09,0.0404741853537485,-0.004258603374866164,0.001064650843716541,-0.10791,0.90252,9.67266
77616160840,22.09,0.01918116847941768,-0.0404741853537485,0.0,-0.04905,0.8338500000000001,9.70209
77621211345,22.09,0.003193952531149623,-0.07349581480148122,-0.001064650843716541,0.13734000000000002,0.7651800000000001,9.78057
77626261850,22.09,-0.005323254218582705,-0.08735372906231618,-0.001064650843716541,0.30411,0.5886,9.82962
77631312355,22.09,-0.011711159280881954,-0.08096582400001695,0.001064650843716541,0.49050000000000005,0.33354000000000006,9.81
77636362860,22.09,-0.007452555906015787,-0.05859070298944965,-0.001064650843716541,0.60822,0.30411,9.74133
77641413365,22.09,0.015987215948268057,-0.022375121010567305,0.0,0.5886,0.25506,9.78057
77646463870,22.09,0.039409534510031964,0.015987215948268057,-0.002129301687433082,0.59841,0.25506,9.751140000000001
77651514375,22.09,0.05965535383316618,0.049008845396000776,-0.001064650843716541,0.49050000000000005,0.47088,9.80019
77656564880,22.09,0.07883652231258387,0.07777187146886733,-0.002129301687433082,0.34335000000000004,0.56898,9.89829
77661615385,22.09,0.08948303074974927,0.09587093581204853,0.0,0.10791,0.71613,9.888480000000001
77666665890,22.09,0.0852244273748831,0.10545279340549739,0.0,-0.11772,0.73575,9.80019
77671716395,22.09,0.07030186227033158,0.09480628496833199,0.0,-0.34335000000000004,0.79461,9.72171
77676766900,22.09,0.06604325889546543,0.06923721142661506,0.0,-0.46107000000000004,0.8829,9.633420000000001
77681817405,22.09,0.05539675045830002,0.03408628029144926,-0.001064650843716541,-0.51993,0.9221400000000001,9.60399
77686867910,22.09,0.03515093113516579,-0.003193952531149623,0.0,-0.50031,0.9319500000000001,9.60399
77691918415,22.09,0.022375121010567305,-0.046879543708567686,-0.002129301687433082,-0.3924,0.86328,9.69228
77696968920,22.09,0.008517206749732328,-0.07670722062515077,0.001064650843716541,-0.22563,0.74556,9.68247
77702019425,22.09,-0.013840460968315033,-0.09480628496833199,0.001064650843716541,-0.04905,0.59841,9.69228
77707069930,22.09,-0.01811651763570114,-0.10225884087434776,0.0,0.0981,0.51012,9.819809999999999
77712120435,22.09,-0.00958185759344887,-0.09267698328089889,0.0,0.35316,0.43164,9.81
77717170940,22.09,0.004258603374866164,-0.06710790973918197,0.001064650843716541,0.5395500000000001,0.41202000000000005,9.83943
77722221445,22.09,0.020245819323134222,-0.04366813788489812,0.0,0.63765,0.43164,9.770760000000001
77727271950,22.09,0.03621558197888234,-0.012775810124598492,0.0,0.6670800000000001,0.46107000000000004,9.751140000000001
77732322455,22.09,0.044732788728614664,0.023439771854283843,-0.002129301687433082,0.65727,0.48069000000000006,9.73152
77737372960,22.09,0.054332099614583476,0.05539675045830002,-0.002129301687433082,0.46107000000000004,0.5591700000000001,9.74133
77742423465,22.09,0.060720004676882725,0.07883652231258387,0.0,0.28449,0.6180300000000001,9.79038
77747473970,22.09,0.06178465552059926,0.07883652231258387,0.0,0.0981,0.6768900000000001,9.83943
77752524475,22.09,0.060720004676882725,0.07136651311404815,-0.005323254218582705,-0.04905,0.75537,9.81
77757574980,22.09,0.06391395720803235,0.06497860805174888,-0.004258603374866164,-0.17658,0.8240400000000001,9.770760000000001
77762625485,22.09,0.05752605214573309,0.05859070298944965,-0.001064650843716541,-0.24525000000000002,0.8142300000000001,9.65304
77767675990,22.09,0.04366813788489812,0.04153883619746504,0.0,-0.36297,0.8142300000000001,9.6138
77772726495,22.09,0.02556907354171693,0.001064650843716541,0.002129301687433082,-0.38259000000000004,0.80442,9.633420000000001
77777777000,22.09,0.01918116847941768,-0.024504422698000388,0.0,-0.35316,0.7848,9.72171
77782827505,22.09,0.011711159280881954,-0.044732788728614664,-0.001064650843716541,-0.23544,0.73575,9.751140000000001
77787878010,22.09,0.004258603374866164,-0.06710790973918197,0.0,-0.12753,0.69651,9.81
77792928515,22.09,0.006387905062299246,-0.08309512568745003,0.0,0.0981,0.6180300000000001,9.84924
77797979020,22.09,0.01064650843716541,-0.07136651311404815,0.001064650843716541,0.26487,0.5886,9.751140000000001
77803029525,22.09,0.011711159280881954,-0.0404741853537485,0.0,0.40221,0.51993,9.64323
77808080030,22.09,0.0170518667919846,-0.01064650843716541,-0.001064650843716541,0.41202000000000005,0.49050000000000005,9.64323
77813130535,22.09,0.02663372438543347,0.0170518667919846,0.0,0.34335000000000004,0.49050000000000005,9.73152
77818181040,22.09,0.03728023282259888,0.031956978604016174,0.001064650843716541,0.23544,0.60822,9.760950000000001
77823231545,22.09,0.05007349623971732,0.039409534510031964,0.0,0.17658,0.71613,9.85905
77828282050,22.09,0.05007349623971732,0.04153883619746504,-0.003193952531149623,0.08829,0.72594,9.96696
77833332555,22.09,0.04581489286485115,0.03515093113516579,-0.002129301687433082,0.0,0.6867000000000001,9.87867
77838383060,22.09,0.0404741853537485,0.02982767691658309,-0.001064650843716541,-0.11772,0.6670800000000001,9.81
77843433565,22.09,0.03408628029144926,0.012775810124598492,-0.002129301687433082,-0.12753,0.74556,9.7119
77848484070,22.09,0.03728023282259888,-0.005323254218582705,-0.001064650843716541,-0.07848000000000001,0.79461,9.80019
77853534575,22.09,0.03089232776029963,-0.012775810124598492,-0.001064650843716541,0.0,0.80442,9.80019
77858585080,22.09,0.022375121010567305,-0.024504422698000388,0.001064650843716541,0.02943,0.79461,9.82962
77863635585,22.09,0.015987215948268057,-0.049008845396000776,-0.002129301687433082,0.12753,0.7848,9.92772
77868686090,22.09,0.011711159280881954,-0.06817256058289851,-0.001064650843716541,0.27468000000000004,0.64746,9.937529999999999
77873736595,22.09,0.002129301687433082,-0.06497860805174888,0.003193952531149623,0.43164,0.51012,9.92772
77878787100,22.09,0.00958185759344887,-0.06284930636431581,0.0,0.5395500000000001,0.51993,9.819809999999999
77883837605,22.09,0.022375121010567305,-0.046879543708567686,0.0,0.6768900000000001,0.5493600000000001,9.72171
77888888110,22.09,0.033021629447732716,-0.0170518667919846,-0.001064650843716541,0.7651800000000001,0.5886,9.64323
77893938615,22.09,0.046879543708567686,0.02663372438543347,-0.002129301687433082,0.74556,0.59841,9.58437
77898989120,22.09,0.060720004676882725,0.07456046564519776,0.0,0.51993,0.6180300000000001,9.54513
77904039625,22.09,0.06391395720803235,0.11292280260403312,-0.004258603374866164,0.23544,0.6278400000000001,9.53532
77909090130,22.09,0.06178465552059926,0.1331511686346474,-0.001064650843716541,-0.06867000000000001,0.6867000000000001,9.68247
77914140635,22.09,0.06391395720803235,0.1416858286768997,-0.002129301687433082,-0.35316,0.73575,9.67266
77919191140,22.09,0.06391395720803235,0.13102186694721432,0.0,-0.6670800000000001,0.90252,9.633420000000001
77924241645,22.09,0.06497860805174888,0.08841837990603273,0.0,-0.85347,1.03986,9.67266
77929292150,22.09,0.054332099614583476,0.03089232776029963,-0.001064650843716541,-0.8829,1.0987200000000001,9.55494
77934342655,22.09,0.03515093113516579,-0.02769837522915001,-0.001064650843716541,-0.8142300000000001,1.03005,9.52551
77939393160,22.09,0.006387905062299246,-0.08841837990603273,0.0,-0.59841,1.05948,9.42741
77944443665,22.09,-0.013840460968315033,-0.1331511686346474,0.002129301687433082,-0.32373,1.01043,9.50589
77949494170,22.09,-0.039409534510031964,-0.15233233711406508,0.003193952531149623,-0.019620000000000002,0.90252,9.68247
77954544675,22.09,-0.054332099614583476,-0.15446163880149816,0.001064650843716541,0.35316,0.6867000000000001,9.80019
77959595180,22.09,-0.049008845396000776,-0.1480737337391989,0.002129301687433082,0.65727,0.52974,9.82962
77964645685,22.09,-0.04581489286485115,-0.1171814059788993,0.0,0.89271,0.32373,9.83943
77969696190,22.09,-0.031956978604016174,-0.06497860805174888,-0.001064650843716541,1.01043,0.20601000000000003,9.81
77974746695,22.09,-0.004258603374866164,-0.002129301687433082,0.0,0.9810000000000001,0.14715,9.770760000000001
77979797200,22.09,0.031956978604016174,0.04794419455228423,0.0,0.85347,0.26487,9.89829
77984847705,22.09,0.06604325889546543,0.08415977653116657,0.0,0.6867000000000001,0.43164,10.074869999999999
77989898210,22.09,0.08948303074974927,0.11079350091660004,0.0,0.44145,0.60822,10.182780000000001
77994948715,22.09,0.09906488834319814,0.12356931104119852,0.001064650843716541,0.15696000000000002,0.7848,10.074869999999999
77999999220,22.09,0.10119419003063122,0.12250466019748199,-0.003193952531149623,-0.0981,0.9319500000000001,9.908100000000001
78005049725,22.09,0.09267698328089889,0.1171814059788993,-0.001064650843716541,-0.26487,1.08891,9.770760000000001
78010100230,22.09,0.060720004676882725,0.09054768159346581,-0.002129301687433082,-0.45126,1.10853,9.69228
78015150735,22.09,0.04260348704118158,0.04794419455228423,-0.002129301687433082,-0.56898,1.04967,9.623610000000001
78020201240,22.09,0.01918116847941768,0.008517206749732328,0.0,-0.59841,0.9123300000000001,9.60399
78025251745,22.09,-0.001064650843716541,-0.02663372438543347,-0.003193952531149623,-0.5493600000000001,0.75537,9.623610000000001
78030302250,22.09,-0.007452555906015787,-0.05220279792715039,0.003193952531149623,-0.48069000000000006,0.64746,9.70209
78035352755,22.09,-0.006387905062299246,-0.0756251164889143,0.0,-0.34335000000000004,0.6768900000000001,9.73152
78040403260,22.09,0.004258603374866164,-0.09480628496833199,0.0,-0.11772,0.7651800000000001,9.74133
78045453765,22.09,0.012775810124598492,-0.10012953918691468,-0.003193952531149623,0.18639,0.80442,9.73152
78050504270,22.09,0.013840460968315033,-0.08735372906231618,-0.001064650843716541,0.41202000000000005,0.8240400000000001,9.623610000000001
78055554775,22.09,0.007452555906015787,-0.06284930636431581,0.001064650843716541,0.63765,0.74556,9.46665
78060605280,22.09,-0.002129301687433082,-0.039409534510031964,-0.001064650843716541,0.69651,0.71613,9.40779
78065655785,22.09,-0.005323254218582705,-0.01811651763570114,-0.001064650843716541,0.74556,0.69651,9.5157
78070706290,22.09,0.004258603374866164,0.007452555906015787,-0.003193952531149623,0.72594,0.6180300000000001,9.67266
78075756795,22.09,0.020245819323134222,0.03728023282259888,0.001064650843716541,0.57879,0.5886,9.751140000000001
78080807300,22.09,0.031956978604016174,0.05752605214573309,-0.003193952531149623,0.38259000000000004,0.5886,9.770760000000001
78085857805,22.09,0.04581489286485115,0.07030186227033158,-0.003193952531149623,0.1962,0.6180300000000001,9.751140000000001
78090908310,22.09,0.046879543708567686,0.09480628496833199,-0.001064650843716541,0.039240000000000004,0.6278400000000001,9.73152
78095958815,22.09,0.044732788728614664,0.1097288500728835,-0.002129301687433082,-0.1962,0.73575,9.72171
78101009320,22.09,0.05007349623971732,0.10438814256178083,0.001064650843716541,-0.40221,0.8338500000000001,9.74133
78106059825,22.09,0.04581489286485115,0.0852244273748831,0.0,-0.5886,0.9810000000000001,9.819809999999999
78111110330,22.09,0.04260348704118158,0.03728023282259888,-0.001064650843716541,-0.6867000000000001,1.02024,9.908100000000001
78116160835,22.09,0.03089232776029963,-0.021310470166850764,0.001064650843716541,-0.6278400000000001,1.02024,9.85905
78121211340,22.09,0.011711159280881954,-0.07670722062515077,-0.002129301687433082,-0.47088,1.00062,9.74133
78126261845,22.09,-0.013840460968315033,-0.1097288500728835,0.0,-0.20601000000000003,0.8829,9.70209
78131312350,22.09,-0.028763026072866547,-0.13849187614575004,0.003193952531149623,0.06867000000000001,0.8240400000000001,9.68247
78136362855,22.09,-0.04794419455228423,-0.1416858286768997,0.0,0.41202000000000005,0.73575,9.80019
78141413360,22.09,-0.04366813788489812,-0.13208651779093086,0.0,0.75537,0.5886,9.86886
78146463865,22.09,-0.02982767691658309,-0.09161233243718235,0.0,0.9613800000000001,0.38259000000000004,9.82962
78151514370,22.09,-0.014905111812031574,-0.023439771854283843,-0.001064650843716541,0.94176,0.21582,9.83943
78156564875,22.09,0.022375121010567305,0.05752605214573309,-0.004258603374866164,0.71613,0.10791,9.69228
78161615380,22.09,0.05859070298944965,0.12356931104119852,-0.002129301687433082,0.37278,0.34335000000000004,9.66285
78166665885,22.09,0.08735372906231618,0.15978489302008084,-0.003193952531149623,0.10791,0.6670800000000001,9.82962
78171716390,22.09,0.10119419003063122,0.16191419470751395,-0.003193952531149623,-0.18639,1.04967,9.80019
78176766895,22.09,0.10545279340549739,0.13102186694721432,0.0,-0.38259000000000004,1.40283,9.78057
78181817400,22.09,0.0852244273748831,0.07670722062515077,0.0,-0.51012,1.50093,9.67266
78186867905,22.09,0.03515093113516579,0.011711159280881954,0.0,-0.56898,1.34397,9.623610000000001
78191918410,22.09,-0.00958185759344887,-0.05326744877086694,-0.004258603374866164,-0.47088,1.06929,9.46665
78196968915,22.09,-0.04366813788489812,-0.0852244273748831,0.0,-0.30411,0.7749900000000001,9.50589
78202019420,22.09,-0.05539675045830002,-0.09693558665576507,0.005323254218582705,-0.16677000000000003,0.5886,9.58437
78207069925,22.09,-0.05007349623971732,-0.09374163412461543,0.0,0.0,0.47088,9.7119
78212120430,22.09,-0.031956978604016174,-0.07030186227033158,-0.001064650843716541,0.15696000000000002,0.43164,9.83943
78217170935,22.09,-0.004258603374866164,-0.060720004676882725,0.001064650843716541,0.27468000000000004,0.56898,9.83943
78222221440,22.09,0.012775810124598492,-0.04260348704118158,0.0,0.47088,0.64746,9.96696
78227271945,22.09,0.023439771854283843,-0.023439771854283843,0.0,0.5395500000000001,0.6867000000000001,9.89829
78232322450,22.09,0.020245819323134222,-0.004258603374866164,0.0,0.51993,0.6867000000000001,9.84924
78237372955,22.09,0.024504422698000388,0.015987215948268057,-0.001064650843716541,0.49050000000000005,0.6867000000000001,9.82962
78242423460,22.09,0.02982767691658309,0.044732788728614664,-0.001064650843716541,0.36297,0.73575,9.81
78247473965,22.09,0.03728023282259888,0.06391395720803235,-0.003193952531149623,0.24525000000000002,0.71613,9.68247
78252524470,22.09,0.04366813788489812,0.08415977653116657,-0.002129301687433082,0.0,0.79461,9.66285
78257574975,22.09,0.044732788728614664,0.09161233243718235,-0.002129301687433082,-0.13734000000000002,0.8240400000000001,9.66285
78262625480,22.09,0.04153883619746504,0.07777187146886733,0.0,-0.31392000000000003,0.95157,9.623610000000001
78267675985,22.09,0.02769837522915001,0.0404741853537485,0.0,-0.40221,1.05948,9.65304
78272726490,22.09,0.01918116847941768,0.0,-0.001064650843716541,-0.37278,1.06929,9.74133
78277776995,22.09,0.004258603374866164,-0.05007349623971732,-0.003193952531149623,-0.26487,1.00062,9.7119
78282827500,22.09,-0.01064650843716541,-0.08096582400001695,0.002129301687433082,-0.08829,0.9319500000000001,9.751140000000001
78287878005,22.09,-0.01918116847941768,-0.08415977653116657,0.002129301687433082,0.0981,0.73575,9.67266
78292928510,22.09,-0.03089232776029963,-0.05859070298944965,0.0,0.18639,0.50031,9.623610000000001
78297979015,22.09,-0.022375121010567305,-0.028763026072866547,0.0,0.24525000000000002,0.43164,9.623610000000001
78303029520,22.09,-0.012775810124598492,-0.004258603374866164,-0.002129301687433082,0.20601000000000003,0.48069000000000006,9.7119
78308080025,22.09,0.008517206749732328,0.006387905062299246,0.002129301687433082,0.17658,0.65727,9.85905
78313130530,22.09,0.03089232776029963,0.003193952531149623,-0.002129301687433082,0.24525000000000002,0.8142300000000001,9.96696
78318181035,22.09,0.03515093113516579,-0.005323254218582705,0.0,0.28449,0.95157,9.937529999999999
78323231540,22.09,0.033021629447732716,-0.006387905062299246,-0.004258603374866164,0.34335000000000004,0.9613800000000001,9.79038
78328282045,22.09,0.02769837522915001,0.013840460968315033,-0.003193952531149623,0.30411,0.86328,9.6138
78333332550,22.09,0.014905111812031574,0.046879543708567686,0.0,0.21582,0.71613,9.44703
78338383055,22.09,0.0,0.06817256058289851,-0.001064650843716541,0.0,0.65727,9.43722
78343433560,22.09,0.003193952531149623,0.07136651311404815,-0.004258603374866164,-0.18639,0.73575,9.57456
78348484065,22.09,0.01918116847941768,0.049008845396000776,0.002129301687433082,-0.2943,0.8829,9.74133
78353534570,22.09,0.024504422698000388,0.01064650843716541,0.0,-0.28449,1.0791000000000002,9.819809999999999
78358585075,22.09,0.01918116847941768,-0.02769837522915001,0.0,-0.21582,1.0987200000000001,9.89829
78363635580,22.09,0.002129301687433082,-0.05220279792715039,-0.004258603374866164,-0.06867000000000001,0.9319500000000001,9.81
78368686085,22.09,-0.0170518667919846,-0.04366813788489812,-0.001064650843716541,0.02943,0.70632,9.65304
78373736590,22.09,-0.02982767691658309,-0.02982767691658309,-0.003193952531149623,0.039240000000000004,0.5493600000000001,9.60399
78378787095,22.09,-0.021310470166850764,-0.006387905062299246,0.002129301687433082,0.019620000000000002,0.50031,9.66285
78383837600,22.09,-0.008517206749732328,-0.0,-0.001064650843716541,0.019620000000000002,0.63765,9.72171
78388888105,22.09,0.00958185759344887,-0.015987215948268057,0.003193952531149623,0.0981,0.85347,9.89829
78393938610,22.09,0.01918116847941768,-0.02982767691658309,-0.003193952531149623,0.20601000000000003,0.9908100000000001,9.92772
78398989115,22.09,0.015987215948268057,-0.03515093113516579,-0.001064650843716541,0.35316,0.95157,9.89829
78404039620,22.09,-0.001064650843716541,-0.023439771854283843,-0.004258603374866164,0.36297,0.7651800000000001,9.81
78409090125,22.09,-0.01811651763570114,0.002129301687433082,0.0,0.34335000000000004,0.48069000000000006,9.72171
78414140630,22.09,-0.015987215948268057,0.02556907354171693,-0.003193952531149623,0.18639,0.43164,9.64323
78419191135,22.09,0.004258603374866164,0.03834488366631542,0.002129301687433082,0.05886,0.5395500000000001,9.73152
78424241640,22.09,0.03408628029144926,0.04581489286485115,0.001064650843716541,-0.009810000000000001,0.79461,9.79038
78429292145,22.09,0.05007349623971732,0.03621558197888234,0.001064650843716541,-0.02943,1.06929,9.78057
78434342650,22.09,0.044732788728614664,0.02663372438543347,-0.003193952531149623,-0.009810000000000001,1.13796,9.81
78439393155,22.09,0.02663372438543347,0.020245819323134222,-0.001064650843716541,-0.05886,1.03986,9.68247
78444443660,22.09,-0.002129301687433082,0.013840460968315033,-0.002129301687433082,-0.11772,0.8240400000000001,9.58437
78449494165,22.09,-0.01811651763570114,0.002129301687433082,0.0,-0.20601000000000003,0.6670800000000001,9.623610000000001
78454544670,22.09,-0.0170518667919846,-0.00958185759344887,0.004258603374866164,-0.21582,0.6670800000000001,9.623610000000001
78459595175,22.09,-0.006387905062299246,-0.024504422698000388,0.0,-0.14715,0.7848,9.69228
78464645680,22.09,0.011711159280881954,-0.04153883619746504,0.0,0.019620000000000002,0.9908100000000001,9.74133
78469696185,22.09,0.014905111812031574,-0.04366813788489812,0.002129301687433082,0.20601000000000003,1.02024,9.68247
78474746690,22.09,-0.002129301687433082,-0.03621558197888234,0.0,0.28449,0.89271,9.60399
78479797195,22.09,-0.02556907354171693,-0.01811651763570114,-0.001064650843716541,0.30411,0.73575,9.59418
78484847700,22.09,-0.03728023282259888,-0.005323254218582705,0.001064650843716541,0.22563,0.57879,9.68247
78489898205,22.09,-0.033021629447732716,-0.001064650843716541,-0.001064650843716541,0.15696000000000002,0.51993,9.82962
78494948710,22.09,-0.005323254218582705,0.011711159280881954,-0.001064650843716541,0.17658,0.5395500000000001,10.01601
78499999215,22.09,0.01918116847941768,0.022375121010567305,-0.002129301687433082,0.14715,0.6670800000000001,9.908100000000001
78505049720,22.09,0.03515093113516579,0.033021629447732716,0.0,0.07848000000000001,0.8142300000000001,9.82962
78510100225,22.09,0.03515093113516579,0.04260348704118158,0.0,0.019620000000000002,0.9123300000000001,9.74133
78515150730,22.09,0.0170518667919846,0.046879543708567686,0.0,-0.08829,0.89271,9.64323
78520201235,22.09,0.003193952531149623,0.024504422698000388,0.001064650843716541,-0.15696000000000002,0.90252,9.72171
78525251740,22.09,-0.006387905062299246,-0.008517206749732328,0.001064650843716541,-0.16677000000000003,0.9221400000000001,9.84924
78530302245,22.09,-0.006387905062299246,-0.02982767691658309,0.0,-0.06867000000000001,0.8829,9.888480000000001
78535352750,22.09,0.0,-0.04260348704118158,-0.003193952531149623,0.02943,0.79461,9.80019
78540403255,22.09,-0.002129301687433082,-0.03515093113516579,0.0,0.12753,0.71613,9.633420000000001
78545453760,22.09,-0.008517206749732328,-0.013840460968315033,0.0,0.1962,0.64746,9.40779
78550504265,22.09,-0.012775810124598492,-0.001064650843716541,0.0,0.14715,0.72594,9.4176
78555554770,22.09,-0.013840460968315033,0.006387905062299246,-0.002129301687433082,0.13734000000000002,0.86328,9.53532
78560605275,22.09,0.0,0.00958185759344887,0.001064650843716541,0.17658,0.9319500000000001,9.7119
78565655780,22.09,0.004258603374866164,0.004258603374866164,-0.001064650843716541,0.17658,0.9319500000000001,9.770760000000001
78570706285,22.09,0.006387905062299246,0.012775810124598492,-0.003193952531149623,0.0981,0.8142300000000001,9.74133
78575756790,22.09,0.002129301687433082,0.024504422698000388,0.0,0.019620000000000002,0.6867000000000001,9.5157
78580807295,22.09,-0.00958185759344887,0.031956978604016174,0.0,-0.08829,0.69651,9.40779
78585857800,22.09,-0.00958185759344887,0.02982767691658309,0.0,-0.11772,0.8142300000000001,9.45684
78590908305,22.09,-0.007452555906015787,0.01918116847941768,0.001064650843716541,-0.11772,1.02024,9.57456
78595958810,22.09,0.0,-0.003193952531149623,0.0,-0.13734000000000002,1.1183400000000001,9.760950000000001
78601009315,22.09,-0.004258603374866164,-0.022375121010567305,0.0,-0.04905,1.03005,9.96696
78606059820,22.09,-0.024504422698000388,-0.03408628029144926,0.0,0.0,0.7651800000000001,9.89829
78611110325,22.09,-0.0404741853537485,-0.03621558197888234,0.0,0.019620000000000002,0.48069000000000006,9.82962
78616160830,22.09,-0.049008845396000776,-0.031956978604016174,0.001064650843716541,0.0,0.3924,9.84924
78621211335,22.09,-0.03408628029144926,-0.022375121010567305,0.001064650843716541,0.05886,0.43164,9.85905
78626261840,22.09,-0.007452555906015787,-0.015987215948268057,0.002129301687433082,0.13734000000000002,0.64746,9.96696
78631312345,22.09,0.01811651763570114,-0.007452555906015787,0.0,0.22563,0.85347,10.05525
78636362850,22.09,0.024504422698000388,-0.004258603374866164,0.0,0.27468000000000004,0.95157,9.98658
78641413355,22.09,0.0170518667919846,0.0,0.001064650843716541,0.28449,0.85347,9.84924
78646463860,22.09,-0.003193952531149623,0.01064650843716541,0.0,0.24525000000000002,0.73575,9.7119
78651514365,22.09,-0.01811651763570114,0.02769837522915001,-0.002129301687433082,0.13734000000000002,0.60822,9.57456
78656564870,22.09,-0.011711159280881954,0.03728023282259888,-0.001064650843716541,0.02943,0.65727,9.65304
78661615375,22.09,0.008517206749732328,0.03728023282259888,0.0,-0.05886,0.8142300000000001,9.70209
78666665880,22.09,0.021310470166850764,0.02769837522915001,0.001064650843716541,-0.05886,1.00062,9.68247
78671716385,22.09,0.021310470166850764,0.013840460968315033,-0.001064650843716541,-0.039240000000000004,1.08891,9.58437
78676766890,22.09,0.005323254218582705,0.004258603374866164,0.0,-0.04905,1.02024,9.53532
78681817395,22.09,-0.020245819323134222,0.00958185759344887,-0.001064650843716541,-0.06867000000000001,0.87309,9.45684
78686867900,22.09,-0.04581489286485115,0.008517206749732328,0.001064650843716541,-0.12753,0.69651,9.57456
78691918405,22.09,-0.04581489286485115,-0.006387905062299246,0.001064650843716541,-0.20601000000000003,0.60822,9.751140000000001
78696968910,22.09,-0.03408628029144926,-0.02663372438543347,0.0,-0.15696000000000002,0.63765,9.83943
78702019415,22.09,-0.0170518667919846,-0.04260348704118158,0.0,-0.02943,0.7848,9.86886
78707069920,22.09,0.0,-0.04581489286485115,0.0,0.10791,0.89271,9.81
78712120425,22.09,-0.001064650843716541,-0.031956978604016174,0.0,0.27468000000000004,0.8829,9.64323
78717170930,22.09,-0.01064650843716541,-0.013840460968315033,0.0,0.32373,0.80442,9.56475
78722221435,22.09,-0.02982767691658309,0.008517206749732328,0.0,0.23544,0.74556,9.53532
78727271940,22.09,-0.03408628029144926,0.014905111812031574,0.0,0.15696000000000002,0.6867000000000001,9.623610000000001
78732322445,22.09,-0.028763026072866547,0.01811651763570114,0.0,0.08829,0.6768900000000001,9.85905
78737372950,22.09,-0.013840460968315033,0.02556907354171693,0.0,0.019620000000000002,0.6670800000000001,9.95715
78742423455,22.09,-0.004258603374866164,0.02556907354171693,0.0,-0.02943,0.64746,9.89829
78747473960,22.09,0.005323254218582705,0.0170518667919846,0.0,-0.10791,0.71613,9.81
78752524465,22.09,-0.001064650843716541,0.013840460968315033,0.0,-0.10791,0.7749900000000001,9.770760000000001
78757574970,22.09,-0.008517206749732328,0.002129301687433082,0.0,-0.07848000000000001,0.87309,9.67266
78762625475,22.09,-0.012775810124598492,-0.012775810124598492,0.0,-0.039240000000000004,0.9613800000000001,9.79038
78767675980,22.09,-0.01064650843716541,-0.0170518667919846,0.0,0.019620000000000002,0.89271,9.89829
78772726485,22.09,-0.021310470166850764,-0.013840460968315033,0.0,0.039240000000000004,0.75537,9.84924
78777776990,22.09,-0.02556907354171693,-0.014905111812031574,0.0,0.02943,0.63765,9.751140000000001
78782827495,22.09,-0.02769837522915001,-0.014905111812031574,0.0,0.039240000000000004,0.5591700000000001,9.64323
78787878000,22.09,-0.02769837522915001,-0.002129301687433082,0.0,0.06867000000000001,0.5886,9.64323
78792928505,22.09,-0.015987215948268057,0.001064650843716541,0.0,0.06867000000000001,0.69651,9.751140000000001
78797979010,22.09,-0.005323254218582705,0.01064650843716541,0.0,0.0981,0.86328,9.81
78803029515,22.09,0.004258603374866164,0.011711159280881954,0.0,0.07848000000000001,0.84366,9.87867
78808080020,22.09,-0.001064650843716541,0.008517206749732328,0.0,0.039240000000000004,0.8142300000000001,9.760950000000001
78813130525,22.09,-0.003193952531149623,0.020245819323134222,0.0,0.0,0.80442,9.633420000000001
78818181030,22.09,-0.006387905062299246,0.023439771854283843,0.0,-0.07848000000000001,0.75537,9.55494
78823231535,22.09,-0.013840460968315033,0.023439771854283843,0.0,-0.13734000000000002,0.8142300000000001,9.52551
78828282040,22.09,-0.01811651763570114,0.008517206749732328,0.0,-0.12753,0.84366,9.55494
78833332545,22.09,-0.021310470166850764,-0.012775810124598492,0.0,-0.0981,0.9613800000000001,9.57456
78838383050,22.09,-0.023439771854283843,-0.03515093113516579,0.0,0.019620000000000002,1.02024,9.64323
78843433555,22.09,-0.03408628029144926,-0.03834488366631542,0.0,0.12753,0.90252,9.7119
78848484060,22.09,-0.04260348704118158,-0.03408628029144926,0.0,0.17658,0.69651,9.70209
78853534565,22.09,-0.04794419455228423,-0.0170518667919846,0.0,0.16677000000000003,0.51993,9.68247
78858585070,22.09,-0.046879543708567686,0.003193952531149623,0.0,0.10791,0.44145,9.65304
78863635575,22.09,-0.02982767691658309,0.01811651763570114,0.0,0.04905,0.51012,9.70209
78868686080,22.09,-0.011711159280881954,0.020245819323134222,0.0,0.019620000000000002,0.70632,9.79038
78873736585,22.09,-0.001064650843716541,0.022375121010567305,0.0,0.02943,0.87309,9.83943
78878787090,22.09,0.0,0.0170518667919846,0.0,0.019620000000000002,0.9810000000000001,9.84924
78883837595,22.09,-0.004258603374866164,0.011711159280881954,0.0,-0.009810000000000001,0.9319500000000001,9.87867
78888888100,22.09,-0.020245819323134222,0.007452555906015787,0.0,-0.02943,0.7749900000000001,9.79038
78893938605,22.09,-0.03515093113516579,0.003193952531149623,0.0,-0.10791,0.5886,9.69228
78898989110,22.09,-0.04153883619746504,0.0,0.0,-0.14715,0.57879,9.72171
78904039615,22.09,-0.031956978604016174,0.003193952531149623,0.0,-0.10791,0.59841,9.760950000000001
78909090120,22.09,-0.01811651763570114,-0.003193952531149623,0.0,-0.0981,0.74556,9.81
78914140625,22.09,-0.006387905062299246,-0.01811651763570114,0.0,-0.009810000000000001,0.94176,9.819809999999999
78919191130,22.09,-0.011711159280881954,-0.031956978604016174,0.0,0.10791,1.00062,9.78057
78924241635,22.09,-0.021310470166850764,-0.03621558197888234,0.0,0.21582,0.9123300000000001,9.73152
78929292140,22.09,-0.03621558197888234,-0.013840460968315033,0.0,0.24525000000000002,0.6768900000000001,9.65304
78934342645,22.09,-0.05113814708343386,0.013840460968315033,0.0,0.11772,0.43164,9.56475
78939393150,22.09,-0.04366813788489812,0.028763026072866547,0.0,0.0,0.41202000000000005,9.59418
78944443655,22.09,-0.020245819323134222,0.033021629447732716,0.0,-0.12753,0.6180300000000001,9.69228
78949494160,22.09,0.003193952531149623,0.023439771854283843,0.0,-0.08829,0.9123300000000001,9.79038
78954544665,22.09,0.014905111812031574,0.007452555906015787,0.0,-0.019620000000000002,1.0791000000000002,9.82962
78959595170,22.09,0.001064650843716541,0.002129301687433082,0.0,0.0,1.03986,9.751140000000001
78964645675,22.09,-0.02556907354171693,0.004258603374866164,0.0,-0.009810000000000001,0.8240400000000001,9.57456
78969696180,22.09,-0.05113814708343386,0.002129301687433082,0.0,-0.07848000000000001,0.64746,9.496080000000001
78974746685,22.09,-0.06178465552059926,-0.004258603374866164,0.0,-0.13734000000000002,0.59841,9.6138
78979797190,22.09,-0.05326744877086694,-0.012775810124598492,0.0,-0.08829,0.6278400000000001,9.81
78984847695,22.09,-0.03834488366631542,-0.024504422698000388,0.0,-0.009810000000000001,0.6867000000000001,9.89829
78989898200,22.09,-0.02663372438543347,-0.02663372438543347,0.0,0.05886,0.69651,9.96696
78994948705,22.09,-0.021310470166850764,-0.022375121010567305,0.0,0.13734000000000002,0.6867000000000001,9.82962
78999999210,22.09,-0.02556907354171693,-0.01064650843716541,0.0,0.15696000000000002,0.65727,9.72171
79005049715,22.09,-0.03515093113516579,0.007452555906015787,0.0,0.12753,0.63765,9.73152
79010100220,22.09,-0.03408628029144926,0.01918116847941768,0.0,0.05886,0.60822,9.79038
79015150725,22.09,-0.02769837522915001,0.01918116847941768,0.0,0.0,0.59841,9.888480000000001
79020201230,22.09,-0.020245819323134222,0.02556907354171693,0.0,-0.05886,0.64746,9.819809999999999
79025251735,22.09,-0.007452555906015787,0.021310470166850764,0.0,-0.11772,0.74556,9.751140000000001
79030302240,22.09,-0.003193952531149623,0.008517206749732328,0.0,-0.11772,0.9123300000000001,9.67266
79035352745,22.09,-0.011711159280881954,-0.004258603374866164,0.0,-0.02943,0.94176,9.69228
79040403250,22.09,-0.031956978604016174,-0.012775810124598492,0.0,0.0,0.8142300000000001,9.65304
79045453755,22.09,-0.049008845396000776,-0.01918116847941768,0.0,0.02943,0.65727,9.58437
79050504260,22.09,-0.05326744877086694,-0.013840460968315033,0.0,0.019620000000000002,0.59841,9.66285
79055554765,22.09,-0.04581489286485115,0.0,0.0,-0.02943,0.57879,9.70209
79060605270,22.09,-0.03089232776029963,-0.001064650843716541,0.0,-0.019620000000000002,0.6180300000000001,9.79038
79065655775,22.09,-0.021310470166850764,-0.01064650843716541,0.0,0.02943,0.65727,9.79038
79070706280,22.09,-0.0170518667919846,-0.01064650843716541,0.0,0.05886,0.6867000000000001,9.64323
79075756785,22.09,-0.024504422698000388,-0.002129301687433082,0.0,0.07848000000000001,0.7651800000000001,9.59418
79080807290,22.09,-0.024504422698000388,0.01064650843716541,0.0,0.05886,0.8338500000000001,9.58437
79085857795,22.09,-0.033021629447732716,0.008517206749732328,0.0,0.06867000000000001,0.80442,9.68247
79090908300,22.09,-0.044732788728614664,-0.002129301687433082,0.0,0.02943,0.73575,9.78057
79095958805,22.09,-0.04794419455228423,-0.006387905062299246,0.0,0.009810000000000001,0.59841,9.74133
79101009310,22.09,-0.044732788728614664,0.001064650843716541,0.0,0.0,0.51993,9.74133
79106059815,22.09,-0.03621558197888234,0.01811651763570114,0.0,-0.04905,0.5395500000000001,9.72171
79111110320,22.09,-0.031956978604016174,0.021310470166850764,0.0,-0.12753,0.63765,9.770760000000001
79116160825,22.09,-0.028763026072866547,0.002129301687433082,0.0,-0.11772,0.7749900000000001,9.760950000000001
79121211330,22.09,-0.02663372438543347,-0.015987215948268057,0.0,-0.019620000000000002,0.86328,9.81
79126261835,22.09,-0.028763026072866547,-0.00958185759344887,0.0,0.04905,0.8240400000000001,9.83943
79131312340,22.09,-0.039409534510031964,0.004258603374866164,0.0,0.009810000000000001,0.6180300000000001,9.81
79136362845,22.09,-0.05326744877086694,0.01064650843716541,0.0,-0.08829,0.50031,9.79038
79141413350,22.09,-0.054332099614583476,0.004258603374866164,0.0,-0.13734000000000002,0.43164,9.82962
79146463855,22.09,-0.046879543708567686,-0.011711159280881954,0.0,-0.14715,0.51012,9.86886
79151514360,22.09,-0.02982767691658309,-0.021310470166850764,0.0,-0.039240000000000004,0.6768900000000001,9.89829
79156564865,22.09,-0.015987215948268057,-0.01811651763570114,0.0,0.06867000000000001,0.79461,9.908100000000001
79161615370,22.09,-0.014905111812031574,-0.00958185759344887,0.0,0.12753,0.8142300000000001,9.81
79166665875,22.09,-0.023439771854283843,-0.003193952531149623,0.0,0.12753,0.79461,9.73152
79171716380,22.09,-0.03728023282259888,0.003193952531149623,0.0,0.08829,0.6180300000000001,9.623610000000001
79176766885,22.09,-0.05113814708343386,0.00958185759344887,0.0,0.05886,0.49050000000000005,9.59418
79181817390,22.09,-0.05326744877086694,0.01811651763570114,0.0,-0.009810000000000001,0.47088,9.66285
79186867895,22.09,-0.03089232776029963,0.02556907354171693,0.0,-0.06867000000000001,0.6180300000000001,9.72171
79191918400,22.09,-0.00958185759344887,0.022375121010567305,0.0,-0.0981,0.7651800000000001,9.78057
79196968905,22.09,-0.008517206749732328,0.01064650843716541,0.0,-0.08829,0.86328,9.73152
79202019410,22.09,-0.01811651763570114,-0.005323254218582705,0.0,-0.04905,0.84366,9.623610000000001
79207069915,22.09,-0.03621558197888234,-0.01064650843716541,0.0,-0.009810000000000001,0.80442,9.45684
79212120420,22.09,-0.054332099614583476,-0.003193952531149623,0.0,-0.019620000000000002,0.6867000000000001,9.5157
79217170925,22.09,-0.06178465552059926,0.004258603374866164,0.0,-0.02943,0.5886,9.59418
79222221430,22.09,-0.06284930636431581,-0.001064650843716541,0.0,-0.10791,0.51993,9.68247
79227271935,22.09,-0.046879543708567686,-0.008517206749732328,0.0,-0.06867000000000001,0.5886,9.751140000000001
79232322440,22.09,-0.03515093113516579,-0.007452555906015787,0.0,-0.039240000000000004,0.63765,9.79038
79237372945,22.09,-0.03728023282259888,-0.00958185759344887,0.0,-0.019620000000000002,0.64746,9.760950000000001
79242423450,22.09,-0.039409534510031964,-0.00958185759344887,0.0,0.009810000000000001,0.6768900000000001,9.74133
79247473955,22.09,-0.04153883619746504,-0.008517206749732328,0.0,0.02943,0.6867000000000001,9.7119
79252524460,22.09,-0.05007349623971732,0.0,0.0,0.019620000000000002,0.59841,9.82962
79257574965,22.09,-0.05752605214573309,0.004258603374866164,0.0,0.0,0.49050000000000005,9.89829
79262625470,22.09,-0.05539675045830002,0.011711159280881954,0.0,-0.08829,0.41202000000000005,9.96696
79267675975,22.09,-0.039409534510031964,0.005323254218582705,0.0,-0.14715,0.47088,9.94734
79272726480,22.09,-0.02556907354171693,-0.00958185759344887,0.0,-0.06867000000000001,0.6278400000000001,9.96696
79277776985,22.09,-0.024504422698000388,-0.021310470166850764,0.0,0.0,0.6867000000000001,9.91791
79282827490,22.09,-0.028763026072866547,-0.02556907354171693,0.0,0.11772,0.72594,9.81
79287877995,22.09,-0.033021629447732716,0.0,0.0,0.13734000000000002,0.64746,9.73152
79292928500,22.09,-0.046879543708567686,0.02556907354171693,0.0,0.039240000000000004,0.51993,9.67266
79297979005,22.09,-0.05007349623971732,0.02556907354171693,0.0,-0.06867000000000001,0.49050000000000005,9.72171
79303029510,22.09,-0.04153883619746504,0.015987215948268057,0.0,-0.12753,0.50031,9.82962
79308080015,22.09,-0.031956978604016174,0.01064650843716541,0.0,-0.13734000000000002,0.57879,9.751140000000001
79313130520,22.09,-0.03089232776029963,0.003193952531149623,0.0,-0.08829,0.6867000000000001,9.69228
79318181025,22.09,-0.024504422698000388,0.005323254218582705,0.0,-0.0981,0.74556,9.69228
79323231530,22.09,-0.020245819323134222,0.01064650843716541,0.0,-0.0981,0.79461,9.58437
79328282035,22.09,-0.03621558197888234,0.008517206749732328,0.0,-0.0981,0.71613,9.56475
79333332540,22.09,-0.05007349623971732,-0.003193952531149623,0.0,-0.12753,0.6278400000000001,9.52551
79338383045,22.09,-0.06284930636431581,-0.00958185759344887,0.0,-0.06867000000000001,0.59841,9.56475
79343433550,22.09,-0.06284930636431581,-0.02556907354171693,0.0,-0.04905,0.60822,9.64323
79348484055,22.09,-0.05113814708343386,-0.02663372438543347,0.0,0.019620000000000002,0.64746,9.7119
79353534560,22.09,-0.05113814708343386,-0.02769837522915001,0.0,0.10791,0.6867000000000001,9.69228
79358585065,22.09,-0.05326744877086694,-0.03621558197888234,0.0,0.1962,0.5886,9.751140000000001
79363635570,22.09,-0.06604325889546543,-0.011711159280881954,0.0,0.20601000000000003,0.42183,9.760950000000001
79368686075,22.09,-0.06497860805174888,0.023439771854283843,0.0,0.07848000000000001,0.28449,9.70209
79373736580,22.09,-0.06284930636431581,0.039409534510031964,0.0,-0.04905,0.33354000000000006,9.770760000000001
79378787085,22.09,-0.04153883619746504,0.028763026072866547,0.0,-0.15696000000000002,0.40221,10.025820000000001
79383837590,22.09,-0.023439771854283843,0.006387905062299246,0.0,-0.16677000000000003,0.60822,10.03563
79388888095,22.09,-0.0170518667919846,-0.01064650843716541,0.0,-0.0981,0.7848,10.05525
79393938600,22.09,-0.0170518667919846,-0.015987215948268057,0.0,0.02943,0.74556,9.95715
79398989105,22.09,-0.0404741853537485,-0.004258603374866164,0.0,0.009810000000000001,0.60822,9.70209
79404039610,22.09,-0.05326744877086694,0.00958185759344887,0.0,-0.04905,0.47088,9.67266
79409090115,22.09,-0.06178465552059926,0.022375121010567305,0.0,-0.13734000000000002,0.36297,9.65304
79414140620,22.09,-0.06391395720803235,0.012775810124598492,0.0,-0.21582,0.38259000000000004,9.78057
79419191125,22.09,-0.05007349623971732,0.0,0.0,-0.1962,0.48069000000000006,9.937529999999999
79424241630,22.09,-0.024504422698000388,-0.015987215948268057,0.0,-0.0981,0.6867000000000001,9.92772
79429292135,22.09,-0.01811651763570114,-0.033021629447732716,0.0,0.02943,0.8142300000000001,9.83943
79434342640,22.09,-0.02769837522915001,-0.04153883619746504,0.0,0.14715,0.7749900000000001,9.66285
79439393145,22.09,-0.046879543708567686,-0.015987215948268057,0.0,0.26487,0.56898,9.496080000000001
79444443650,22.09,-0.06710790973918197,0.023439771854283843,0.0,0.13734000000000002,0.3924,9.37836
79449494155,22.09,-0.06923721142661506,0.05326744877086694,0.0,-0.039240000000000004,0.37278,9.45684
79454544660,22.09,-0.05539675045830002,0.06817256058289851,0.0,-0.17658,0.41202000000000005,9.74133
79459595165,22.09,-0.039409534510031964,0.05007349623971732,0.0,-0.32373,0.50031,9.83943
79464645670,22.09,-0.02769837522915001,0.015987215948268057,0.0,-0.3924,0.65727,9.87867
79469696175,22.09,-0.02556907354171693,-0.023439771854283843,0.0,-0.30411,0.8142300000000001,9.79038
79474746680,22.09,-0.039409534510031964,-0.05752605214573309,0.0,-0.11772,0.8142300000000001,9.760950000000001
79479797185,22.09,-0.06391395720803235,-0.06710790973918197,0.0,0.039240000000000004,0.70632,9.69228
79484847690,22.09,-0.07777187146886733,-0.049008845396000776,0.0,0.17658,0.50031,9.64323
79489898195,22.09,-0.0852244273748831,-0.011711159280881954,0.0,0.11772,0.21582,9.70209
79494948700,22.09,-0.0852244273748831,0.020245819323134222,0.0,0.009810000000000001,0.11772,9.78057
79499999205,22.09,-0.06178465552059926,0.0404741853537485,0.0,-0.13734000000000002,0.13734000000000002,9.92772
79505049710,22.09,-0.03834488366631542,0.04260348704118158,0.0,-0.22563,0.27468000000000004,9.95715
79510100215,22.09,-0.014905111812031574,0.0,0.0,-0.22563,0.65727,9.92772
79515150720,22.09,-0.003193952531149623,-0.03621558197888234,0.0,-0.039240000000000004,1.01043,9.99639
79520201225,22.09,-0.013840460968315033,-0.049008845396000776,0.0,0.17658,0.95157,10.006200000000002
79525251730,22.09,-0.04581489286485115,-0.03408628029144926,0.0,0.30411,0.6180300000000001,9.6138
79530302235,22.09,-0.08309512568745003,-0.003193952531149623,0.0,0.1962,0.32373,9.46665
79535352740,22.09,-0.0852244273748831,0.02982767691658309,0.0,0.02943,0.11772,9.496080000000001
79540403245,22.09,-0.07456046564519776,0.05113814708343386,0.0,-0.11772,0.14715,9.69228
79545453750,22.09,-0.049008845396000776,0.05646140130201656,0.0,-0.20601000000000003,0.32373,9.87867
79550504255,22.09,-0.01811651763570114,0.05326744877086694,0.0,-0.30411,0.51012,9.96696
79555554760,22.09,-0.001064650843716541,0.031956978604016174,0.0,-0.34335000000000004,0.6768900000000001,9.99639
79560605265,22.09,-0.013840460968315033,0.00958185759344887,0.0,-0.36297,0.79461,9.86886
79565655770,22.09,-0.03089232776029963,-0.013840460968315033,0.0,-0.2943,0.6768900000000001,9.770760000000001
79570706275,22.09,-0.060720004676882725,-0.044732788728614664,0.0,-0.22563,0.6278400000000001,9.59418
79575756780,22.09,-0.08203047484373349,-0.06178465552059926,0.0,-0.0981,0.56898,9.59418
79580807285,22.09,-0.08628907821859966,-0.06178465552059926,0.0,0.06867000000000001,0.46107000000000004,9.69228
79585857790,22.09,-0.07777187146886733,-0.05752605214573309,0.0,0.14715,0.44145,9.73152
79590908295,22.09,-0.07456046564519776,-0.049008845396000776,0.0,0.28449,0.3924,9.770760000000001
79595958800,22.09,-0.06284930636431581,-0.031956978604016174,0.0,0.36297,0.2943,9.81
79601009305,22.09,-0.06710790973918197,-0.006387905062299246,0.0,0.31392000000000003,0.23544,9.80019
79606059810,22.09,-0.046879543708567686,0.02556907354171693,0.0,0.24525000000000002,0.17658,9.78057
79611110315,22.09,-0.03515093113516579,0.07456046564519776,0.0,0.08829,0.20601000000000003,9.87867
79616160820,22.09,-0.01811651763570114,0.09693558665576507,0.0,-0.13734000000000002,0.30411,9.83943
79621211325,22.09,-0.001064650843716541,0.10759954838545042,0.0,-0.37278,0.5493600000000001,9.74133
79626261830,22.09,-0.002129301687433082,0.08841837990603273,0.0,-0.50031,0.75537,9.74133
79631312335,22.09,-0.004258603374866164,0.0404741853537485,0.0,-0.59841,0.95157,9.74133
79636362840,22.09,-0.03515093113516579,-0.007452555906015787,0.0,-0.49050000000000005,0.9221400000000001,9.73152
79641413345,22.09,-0.06391395720803235,-0.05007349623971732,0.0,-0.46107000000000004,0.70632,9.73152
79646463850,22.09,-0.09800023749948161,-0.08415977653116657,0.0,-0.30411,0.51012,9.7119
79651514355,22.09,-0.11292280260403312,-0.10438814256178083,0.0,-0.12753,0.33354000000000006,9.81
79656564860,22.09,-0.10759954838545042,-0.11292280260403312,0.0,0.05886,0.16677000000000003,9.91791
79661615365,22.09,-0.10119419003063122,-0.10759954838545042,0.0,0.31392000000000003,0.23544,9.937529999999999
79666665870,22.09,-0.07670722062515077,-0.08735372906231618,0.0,0.56898,0.18639,9.86886
79671716375,22.09,-0.05859070298944965,-0.03621558197888234,0.0,0.6670800000000001,0.15696000000000002,9.74133
79676766880,22.09,-0.04794419455228423,0.004258603374866164,0.0,0.63765,0.22563,9.64323
79681817385,22.09,-0.03089232776029963,0.05113814708343386,0.0,0.5395500000000001,0.16677000000000003,9.74133
79686867890,22.09,-0.02556907354171693,0.09693558665576507,0.0,0.27468000000000004,0.27468000000000004,9.82962
79691918395,22.09,-0.01064650843716541,0.11611675513518273,0.0,0.009810000000000001,0.38259000000000004,9.87867
79696968900,22.09,0.001064650843716541,0.11931070766633237,0.0,-0.1962,0.52974,9.84924
79702019405,22.09,-0.002129301687433082,0.11079350091660004,0.0,-0.45126,0.6278400000000001,9.79038
79707069910,22.09,-0.01064650843716541,0.08309512568745003,0.0,-0.57879,0.72594,9.633420000000001
79712120415,22.09,-0.02769837522915001,0.05646140130201656,0.0,-0.6670800000000001,0.7749900000000001,9.623610000000001
79717170920,22.09,-0.05007349623971732,0.015987215948268057,0.0,-0.71613,0.73575,9.623610000000001
79722221425,22.09,-0.07243116395776468,-0.03089232776029963,0.0,-0.6867000000000001,0.59841,9.74133
79727271930,22.09,-0.09480628496833199,-0.07990117315630041,0.0,-0.56898,0.43164,9.81
79732322435,22.09,-0.10438814256178083,-0.11505210429146619,0.0,-0.37278,0.30411,9.91791
79737372940,22.09,-0.10332349171806432,-0.12463396188491506,0.0,-0.0981,0.18639,10.006200000000002
79742423445,22.09,-0.08735372906231618,-0.12144000935376545,0.0,0.14715,0.22563,9.888480000000001
79747473950,22.09,-0.07243116395776468,-0.09693558665576507,0.0,0.45126,0.27468000000000004,9.87867
79752524455,22.09,-0.06710790973918197,-0.06497860805174888,0.0,0.6180300000000001,0.27468000000000004,9.819809999999999
79757574960,22.09,-0.05539675045830002,-0.024504422698000388,0.0,0.69651,0.1962,9.68247
79762625465,22.09,-0.05220279792715039,0.02663372438543347,0.0,0.60822,0.12753,9.73152
79767675970,22.09,-0.0404741853537485,0.07456046564519776,0.0,0.38259000000000004,0.12753,9.81
79772726475,22.09,-0.02663372438543347,0.09161233243718235,0.0,0.12753,0.25506,9.91791
79777776980,22.09,-0.014905111812031574,0.09693558665576507,0.0,-0.04905,0.34335000000000004,9.97677
79782827485,22.09,-0.002129301687433082,0.0756251164889143,0.0,-0.18639,0.49050000000000005,9.86886
79787877990,22.09,-0.002129301687433082,0.05326744877086694,0.0,-0.2943,0.6768900000000001,9.68247
79792928495,22.09,-0.01811651763570114,0.039409534510031964,0.0,-0.30411,0.7749900000000001,9.60399
79797979000,22.09,-0.03728023282259888,0.01918116847941768,0.0,-0.32373,0.74556,9.54513
79803029505,22.09,-0.06497860805174888,-0.004258603374866164,0.0,-0.36297,0.60822,9.54513
79808080010,22.09,-0.08735372906231618,-0.022375121010567305,0.0,-0.33354000000000006,0.36297,9.65304
79813130515,22.09,-0.10438814256178083,-0.0404741853537485,0.0,-0.31392000000000003,0.1962,9.74133
79818181020,22.09,-0.09587093581204853,-0.05752605214573309,0.0,-0.23544,0.13734000000000002,9.84924
79823231525,22.09,-0.08415977653116657,-0.06178465552059926,0.0,-0.12753,0.13734000000000002,9.91791
79828282030,22.09,-0.06284930636431581,-0.07136651311404815,0.0,0.06867000000000001,0.27468000000000004,9.87867
79833332535,22.09,-0.05220279792715039,-0.06604325889546543,0.0,0.2943,0.40221,9.87867
79838383040,22.09,-0.05113814708343386,-0.04794419455228423,0.0,0.46107000000000004,0.38259000000000004,9.83943
79843433545,22.09,-0.05539675045830002,-0.0170518667919846,0.0,0.49050000000000005,0.32373,9.66285
79848484050,22.09,-0.05859070298944965,0.01918116847941768,0.0,0.44145,0.22563,9.7119
79853534555,22.09,-0.05646140130201656,0.05220279792715039,0.0,0.25506,0.12753,9.760950000000001
79858585060,22.09,-0.054332099614583476,0.06923721142661506,0.0,0.039240000000000004,0.10791,9.87867
79863635565,22.09,-0.03834488366631542,0.07670722062515077,0.0,-0.10791,0.18639,9.888480000000001
79868686070,22.09,-0.013840460968315033,0.07990117315630041,0.0,-0.26487,0.35316,9.760950000000001
79873736575,22.09,-0.007452555906015787,0.07777187146886733,0.0,-0.38259000000000004,0.52974,9.7119
79878787080,22.09,-0.00958185759344887,0.06178465552059926,0.0,-0.49050000000000005,0.64746,9.68247
79883837585,22.09,-0.03408628029144926,0.0404741853537485,0.0,-0.57879,0.5886,9.67266
79888888090,22.09,-0.06817256058289851,0.01918116847941768,0.0,-0.63765,0.3924,9.68247
79893938595,22.09,-0.0852244273748831,0.003193952531149623,0.0,-0.69651,0.2943,9.70209
79898989100,22.09,-0.08415977653116657,-0.023439771854283843,0.0,-0.6768900000000001,0.22563,9.85905
79904039605,22.09,-0.07990117315630041,-0.05326744877086694,0.0,-0.5886,0.24525000000000002,9.98658
79909090110,22.09,-0.07136651311404815,-0.09906488834319814,0.0,-0.40221,0.2943,10.045440000000001
79914140615,22.09,-0.07136651311404815,-0.12676326357234816,0.0,-0.08829,0.36297,9.99639
79919191120,22.09,-0.07670722062515077,-0.13102186694721432,0.0,0.21582,0.38259000000000004,9.908100000000001
79924241625,22.09,-0.0852244273748831,-0.1097288500728835,0.0,0.5493600000000001,0.26487,9.888480000000001
79929292130,22.09,-0.09374163412461543,-0.07349581480148122,0.0,0.69651,0.16677000000000003,9.819809999999999
79934342635,22.09,-0.09054768159346581,-0.0404741853537485,0.0,0.71613,0.019620000000000002,9.86886
79939393140,22.09,-0.07349581480148122,-0.011711159280881954,0.0,0.70632,-0.08829,9.87867
79944443645,22.09,-0.05220279792715039,0.02556907354171693,0.0,0.59841,-0.07848000000000001,9.85905
79949494150,22.09,-0.02982767691658309,0.06604325889546543,0.0,0.44145,0.019620000000000002,9.770760000000001
79954544655,22.09,-0.007452555906015787,0.09906488834319814,0.0,0.26487,0.08829,9.81
79959595160,22.09,0.013840460968315033,0.10759954838545042,0.0,0.04905,0.37278,9.66285
79964645665,22.09,0.0170518667919846,0.10332349171806432,0.0,-0.12753,0.5493600000000001,9.72171
79969696170,22.09,-0.003193952531149623,0.09267698328089889,0.0,-0.30411,0.6768900000000001,9.80019
79974746675,22.09,-0.01918116847941768,0.07349581480148122,0.0,-0.43164,0.60822,9.633420000000001
79979797180,22.09,-0.03728023282259888,0.05539675045830002,0.0,-0.56898,0.57879,9.58437
79984847685,22.09,-0.06497860805174888,0.02556907354171693,0.0,-0.63765,0.43164,9.56475
79989898190,22.09,-0.07883652231258387,-0.02556907354171693,0.0,-0.60822,0.36297,9.58437
79994948695,22.09,-0.08628907821859966,-0.05859070298944965,0.0,-0.49050000000000005,0.27468000000000004,9.6138
79999999200,22.09,-0.08948303074974927,-0.07136651311404815,0.0,-0.36297,0.24525000000000002,9.66285
80005049705,22.09,-0.08735372906231618,-0.07349581480148122,0.0,-0.20601000000000003,0.21582,9.770760000000001
80010100210,22.09,-0.07990117315630041,-0.08309512568745003,0.0,-0.02943,0.22563,9.888480000000001
80015150715,22.09,-0.08096582400001695,-0.0756251164889143,0.0,0.13734000000000002,0.10791,9.89829
80020201220,22.09,-0.08096582400001695,-0.05220279792715039,0.0,0.23544,0.039240000000000004,9.87867
80025251725,22.09,-0.07136651311404815,-0.01918116847941768,0.0,0.25506,0.039240000000000004,9.770760000000001
80030302230,22.09,-0.054332099614583476,0.006387905062299246,0.0,0.22563,0.06867000000000001,9.81
80035352735,22.09,-0.044732788728614664,0.024504422698000388,0.0,0.20601000000000003,0.17658,9.888480000000001
80040403240,22.09,-0.04260348704118158,0.028763026072866547,0.0,0.15696000000000002,0.22563,9.95715
80045453745,22.09,-0.0404741853537485,0.02769837522915001,0.0,0.07848000000000001,0.22563,10.03563
80050504250,22.09,-0.04260348704118158,0.022375121010567305,0.0,0.009810000000000001,0.24525000000000002,9.96696
80055554755,22.09,-0.046879543708567686,0.022375121010567305,0.0,-0.04905,0.20601000000000003,9.97677
80060605260,22.09,-0.049008845396000776,0.011711159280881954,0.0,-0.02943,0.17658,10.01601
80065655765,22.09,-0.05113814708343386,-0.015987215948268057,0.0,-0.009810000000000001,0.23544,9.91791
80070706270,22.09,-0.05113814708343386,-0.024504422698000388,0.0,0.02943,0.1962,9.87867
80075756775,22.09,-0.05007349623971732,-0.015987215948268057,0.0,0.08829,0.18639,9.80019
80080807280,22.09,-0.04581489286485115,0.004258603374866164,0.0,0.07848000000000001,0.18639,9.67266
80085857785,22.09,-0.044732788728614664,0.033021629447732716,0.0,0.02943,0.18639,9.65304
80090908290,22.09,-0.046879543708567686,0.049008845396000776,0.0,-0.07848000000000001,0.14715,9.7119
80095958795,22.09,-0.046879543708567686,0.05220279792715039,0.0,-0.1962,0.1962,9.70209
80101009300,22.09,-0.04260348704118158,0.049008845396000776,0.0,-0.30411,0.22563,9.72171
80106059805,22.09,-0.03515093113516579,0.05007349623971732,0.0,-0.41202000000000005,0.26487,9.70209
80111110310,22.09,-0.033021629447732716,0.02663372438543347,0.0,-0.45126,0.36297,9.64323
80116160815,22.09,-0.04366813788489812,-0.00958185759344887,0.0,-0.42183,0.38259000000000004,9.68247
80121211320,22.09,-0.05859070298944965,-0.046879543708567686,0.0,-0.35316,0.41202000000000005,9.6138
80126261825,22.09,-0.07349581480148122,-0.06604325889546543,0.0,-0.1962,0.40221,9.68247
80131312330,22.09,-0.09267698328089889,-0.08841837990603273,0.0,-0.02943,0.31392000000000003,9.82962
80136362835,22.09,-0.09800023749948161,-0.09800023749948161,0.0,0.20601000000000003,0.17658,9.84924
80141413340,22.09,-0.10438814256178083,-0.09374163412461543,0.0,0.38259000000000004,0.04905,9.92772
80146463845,22.09,-0.09374163412461543,-0.06497860805174888,0.0,0.49050000000000005,-0.08829,9.87867
80151514350,22.09,-0.08841837990603273,-0.022375121010567305,0.0,0.51012,-0.0981,9.83943
80156564855,22.09,-0.07136651311404815,0.033021629447732716,0.0,0.49050000000000005,-0.12753,9.819809999999999
80161615360,22.09,-0.054332099614583476,0.0756251164889143,0.0,0.31392000000000003,-0.0981,9.85905
80166665865,22.09,-0.04260348704118158,0.09587093581204853,0.0,0.11772,-0.039240000000000004,9.84924
80171716370,22.09,-0.024504422698000388,0.0852244273748831,0.0,-0.05886,0.039240000000000004,9.82962
80176766875,22.09,-0.015987215948268057,0.06497860805174888,0.0,-0.26487,0.12753,9.81
80181817380,22.09,-0.001064650843716541,0.04153883619746504,0.0,-0.32373,0.20601000000000003,9.85905
80186867885,22.09,-0.001064650843716541,0.00958185759344887,0.0,-0.35316,0.5591700000000001,9.89829
80191918390,22.09,-0.023439771854283843,-0.01064650843716541,0.0,-0.23544,0.47088,10.06506
80196968895,22.09,-0.03834488366631542,-0.01918116847941768,0.0,-0.23544,0.32373,9.79038
80202019400,22.09,-0.08096582400001695,-0.01918116847941768,0.0,-0.20601000000000003,0.20601000000000003,9.60399
80207069905,22.09,-0.08415977653116657,-0.013840460968315033,0.0,-0.1962,0.11772,9.66285
80212120410,22.09,-0.07883652231258387,-0.0170518667919846,0.0,-0.21582,0.04905,9.81
80217170915,22.09,-0.07670722062515077,-0.02769837522915001,0.0,-0.15696000000000002,0.02943,9.937529999999999
80222221420,22.09,-0.06497860805174888,-0.05007349623971732,0.0,-0.039240000000000004,0.039240000000000004,9.97677
80227271925,22.09,-0.05220279792715039,-0.06497860805174888,0.0,0.07848000000000001,0.10791,9.85905
80232322430,22.09,-0.05326744877086694,-0.07243116395776468,0.0,0.2943,0.1962,9.80019
80237372935,22.09,-0.05752605214573309,-0.04794419455228423,0.0,0.49050000000000005,0.13734000000000002,9.72171
80242423440,22.09,-0.05539675045830002,0.0,0.0,0.50031,0.04905,9.56475
80247473945,22.09,-0.049008845396000776,0.04366813788489812,0.0,0.35316,0.07848000000000001,9.52551
80252524450,22.09,-0.04366813788489812,0.07349581480148122,0.0,0.16677000000000003,0.06867000000000001,9.760950000000001
80257574955,22.09,-0.04366813788489812,0.09161233243718235,0.0,0.0,0.04905,9.80019
80262625460,22.09,-0.04794419455228423,0.08735372906231618,0.0,-0.1962,0.0981,9.78057
80267675965,22.09,-0.054332099614583476,0.05965535383316618,0.0,-0.34335000000000004,0.10791,9.92772
80272726470,22.09,-0.03834488366631542,0.022375121010567305,0.0,-0.42183,0.0981,9.73152
80277776975,22.09,-0.04260348704118158,-0.015987215948268057,0.0,-0.37278,0.26487,9.751140000000001
80282827480,22.09,-0.03089232776029963,-0.05220279792715039,0.0,-0.25506,0.37278,9.86886
80287877985,22.09,-0.05859070298944965,-0.046879543708567686,0.0,-0.11772,0.20601000000000003,10.074869999999999
80292928490,22.09,-0.07136651311404815,-0.03728023282259888,0.0,-0.039240000000000004,-0.039240000000000004,9.70209
80297978995,22.09,-0.08948303074974927,-0.01811651763570114,0.0,-0.039240000000000004,0.07848000000000001,9.64323
80303029500,22.09,-0.09693558665576507,-0.008517206749732328,0.0,-0.009810000000000001,-0.04905,9.86886
80308080005,22.09,-0.07670722062515077,-0.024504422698000388,0.0,0.0,-0.05886,9.751140000000001
80313130510,22.09,-0.07456046564519776,-0.033021629447732716,0.0,0.10791,0.039240000000000004,9.82962
80318181015,22.09,-0.04794419455228423,-0.04794419455228423,0.0,0.20601000000000003,-0.019620000000000002,9.94734
80323231520,22.09,-0.039409534510031964,-0.03621558197888234,0.0,0.25506,0.0981,9.89829
80328282025,22.09,-0.03515093113516579,-0.008517206749732328,0.0,0.34335000000000004,-0.019620000000000002,9.89829
80333332530,22.09,-0.044732788728614664,0.033021629447732716,0.0,0.25506,0.05886,9.760950000000001
80338383035,22.09,-0.05326744877086694,0.06178465552059926,0.0,0.13734000000000002,0.02943,9.70209
80343433540,22.09,-0.044732788728614664,0.07883652231258387,0.0,-0.04905,0.06867000000000001,9.81
80348484045,22.09,-0.05113814708343386,0.07136651311404815,0.0,-0.16677000000000003,0.08829,9.80019
80353534550,22.09,-0.03621558197888234,0.03408628029144926,0.0,-0.2943,0.13734000000000002,9.81
80358585055,22.09,-0.03621558197888234,-0.002129301687433082,0.0,-0.31392000000000003,0.14715,9.85905
80363635560,22.09,-0.03621558197888234,-0.024504422698000388,0.0,-0.20601000000000003,0.22563,9.86886
80368686065,22.09,-0.05646140130201656,-0.02556907354171693,0.0,-0.10791,0.08829,9.98658
80373736570,22.09,-0.06284930636431581,-0.01811651763570114,0.0,-0.12753,0.039240000000000004,9.72171
80378787075,22.09,-0.06710790973918197,-0.002129301687433082,0.0,-0.11772,0.019620000000000002,9.7119
80383837580,22.09,-0.07670722062515077,-0.013840460968315033,0.0,-0.10791,0.039240000000000004,9.65304
80388888085,22.09,-0.06604325889546543,-0.033021629447732716,0.0,-0.009810000000000001,0.019620000000000002,9.66285
80393938590,22.09,-0.05646140130201656,-0.04366813788489812,0.0,0.05886,0.009810000000000001,9.67266
80398989095,22.09,-0.05220279792715039,-0.044732788728614664,0.0,0.16677000000000003,0.12753,9.81
80404039600,22.09,-0.046879543708567686,-0.03408628029144926,0.0,0.23544,0.039240000000000004,9.96696
80409090105,22.09,-0.060720004676882725,-0.002129301687433082,0.0,0.23544,-0.02943,9.94734
80414140610,22.09,-0.06817256058289851,0.014905111812031574,0.0,0.20601000000000003,-0.05886,9.770760000000001
80419191115,22.09,-0.0756251164889143,0.033021629447732716,0.0,0.14715,-0.009810000000000001,9.87867
80424241620,22.09,-0.06710790973918197,0.04794419455228423,0.0,0.06867000000000001,-0.07848000000000001,9.68247
80429292125,22.09,-0.05326744877086694,0.04794419455228423,0.0,-0.05886,0.0,9.770760000000001
80434342630,22.09,-0.04153883619746504,0.02663372438543347,0.0,-0.13734000000000002,-0.009810000000000001,9.79038
80439393135,22.09,-0.03089232776029963,0.006387905062299246,0.0,-0.18639,-0.009810000000000001,9.908100000000001
80444443640,22.09,-0.04581489286485115,-0.004258603374866164,0.0,-0.1962,0.0,9.91791
80449494145,22.09,-0.05007349623971732,-0.00958185759344887,0.0,-0.16677000000000003,-0.009810000000000001,9.96696
80454544650,22.09,-0.05220279792715039,-0.005323254218582705,0.0,-0.08829,0.019620000000000002,9.81
80459595155,22.09,-0.05220279792715039,-0.01064650843716541,0.0,-0.08829,0.019620000000000002,9.74133
80464645660,22.09,-0.046879543708567686,-0.024504422698000388,0.0,-0.02943,0.02943,9.70209
80469696165,22.09,-0.04153883619746504,-0.02982767691658309,0.0,0.039240000000000004,0.039240000000000004,9.65304
80474746670,22.09,-0.0404741853537485,-0.020245819323134222,0.0,0.07848000000000001,0.04905,9.74133
80479797175,22.09,-0.046879543708567686,0.0,0.0,0.07848000000000001,0.02943,9.84924
80484847680,22.09,-0.05965535383316618,0.002129301687433082,0.0,0.06867000000000001,0.009810000000000001,9.83943
80489898185,22.09,-0.06604325889546543,-0.001064650843716541,0.0,0.039240000000000004,-0.009810000000000001,9.92772
80494948690,22.09,-0.06710790973918197,0.002129301687433082,0.0,0.04905,-0.009810000000000001,9.89829
80499999195,22.09,-0.06178465552059926,0.015987215948268057,0.0,0.04905,-0.02943,9.81
80505049700,22.09,-0.054332099614583476,0.02769837522915001,0.0,-0.019620000000000002,-0.02943,9.74133
80510100205,22.09,-0.05539675045830002,0.02556907354171693,0.0,-0.08829,-0.04905,9.770760000000001
80515150710,22.09,-0.05859070298944965,0.004258603374866164,0.0,-0.11772,-0.06867000000000001,9.79038
80520201215,22.09,-0.06497860805174888,-0.028763026072866547,0.0,-0.06867000000000001,-0.05886,9.760950000000001
80525251720,22.09,-0.06391395720803235,-0.05007349623971732,0.0,0.0,-0.04905,9.888480000000001
80530302225,22.09,-0.05326744877086694,-0.03621558197888234,0.0,0.11772,-0.05886,9.87867
80535352730,22.09,-0.04153883619746504,-0.01918116847941768,0.0,0.16677000000000003,-0.039240000000000004,9.908100000000001
80540403235,22.09,-0.04153883619746504,0.004258603374866164,0.0,0.14715,-0.07848000000000001,9.888480000000001
80545453740,22.09,-0.044732788728614664,0.02556907354171693,0.0,0.10791,-0.04905,9.72171
80550504245,22.09,-0.054332099614583476,0.03621558197888234,0.0,0.06867000000000001,-0.019620000000000002,9.633420000000001
80555554750,22.09,-0.05539675045830002,0.04153883619746504,0.0,-0.04905,-0.009810000000000001,9.66285
80560605255,22.09,-0.05220279792715039,0.03728023282259888,0.0,-0.10791,-0.04905,9.69228
80565655760,22.09,-0.049008845396000776,0.020245819323134222,0.0,-0.16677000000000003,-0.02943,9.89829
80570706265,22.09,-0.04260348704118158,0.0,0.0,-0.20601000000000003,-0.019620000000000002,10.025820000000001
80575756770,22.09,-0.04366813788489812,-0.01064650843716541,0.0,-0.17658,-0.04905,9.97677
80580807275,22.09,-0.05113814708343386,-0.022375121010567305,0.0,-0.11772,-0.04905,9.908100000000001
80585857780,22.09,-0.06284930636431581,-0.028763026072866547,0.0,-0.08829,-0.05886,9.79038
80590908285,22.09,-0.06391395720803235,-0.028763026072866547,0.0,0.02943,-0.06867000000000001,9.66285
80595958790,22.09,-0.06391395720803235,-0.02982767691658309,0.0,0.07848000000000001,-0.07848000000000001,9.69228
80601009295,22.09,-0.05646140130201656,-0.021310470166850764,0.0,0.12753,-0.08829,9.819809999999999
80606059800,22.09,-0.054332099614583476,-0.012775810124598492,0.0,0.15696000000000002,-0.07848000000000001,9.91791
80611110305,22.09,-0.05220279792715039,-0.006387905062299246,0.0,0.16677000000000003,-0.12753,10.03563
80616160810,22.09,-0.05646140130201656,0.002129301687433082,0.0,0.17658,-0.11772,9.937529999999999
80621211315,22.09,-0.05646140130201656,0.0170518667919846,0.0,0.12753,-0.12753,9.80019
80626261820,22.09,-0.05539675045830002,0.03728023282259888,0.0,0.08829,-0.0981,9.64323
80631312325,22.09,-0.04794419455228423,0.05220279792715039,0.0,0.0,-0.0981,9.6138
80636362830,22.09,-0.044732788728614664,0.04366813788489812,0.0,-0.11772,-0.05886,9.6138
80641413335,22.09,-0.046879543708567686,0.0170518667919846,0.0,-0.18639,-0.06867000000000001,9.751140000000001
80646463840,22.09,-0.044732788728614664,-0.014905111812031574,0.0,-0.17658,-0.039240000000000004,9.89829
80651514345,22.09,-0.04794419455228423,-0.028763026072866547,0.0,-0.0981,-0.06867000000000001,9.94734
80656564850,22.09,-0.049008845396000776,-0.02663372438543347,0.0,-0.07848000000000001,-0.0981,9.96696
80661615355,22.09,-0.05326744877086694,-0.0170518667919846,0.0,-0.019620000000000002,-0.07848000000000001,9.888480000000001
80666665860,22.09,-0.05539675045830002,-0.01918116847941768,0.0,0.02943,-0.10791,9.80019
80671716365,22.09,-0.060720004676882725,-0.022375121010567305,0.0,0.07848000000000001,-0.10791,9.72171
80676766870,22.09,-0.05539675045830002,-0.01918116847941768,0.0,0.15696000000000002,-0.07848000000000001,9.70209
80681817375,22.09,-0.05326744877086694,-0.00958185759344887,0.0,0.16677000000000003,-0.12753,9.68247
80686867880,22.09,-0.05752605214573309,0.007452555906015787,0.0,0.13734000000000002,-0.12753,9.89829
80691918385,22.09,-0.05539675045830002,0.01811651763570114,0.0,0.07848000000000001,-0.14715,9.99639
80696968890,22.09,-0.05859070298944965,0.012775810124598492,0.0,0.02943,-0.15696000000000002,9.91791
80702019395,22.09,-0.05965535383316618,0.0,0.0,0.019620000000000002,-0.13734000000000002,9.82962
80707069900,22.09,-0.05007349623971732,0.004258603374866164,0.0,0.039240000000000004,-0.15696000000000002,9.68247
80712120405,22.09,-0.044732788728614664,0.01918116847941768,0.0,0.009810000000000001,-0.0981,9.6138
80717170910,22.09,-0.039409534510031964,0.020245819323134222,0.0,0.0,-0.13734000000000002,9.65304
80722221415,22.09,-0.04581489286485115,0.014905111812031574,0.0,-0.06867000000000001,-0.15696000000000002,9.770760000000001
80727271920,22.09,-0.05220279792715039,-0.004258603374866164,0.0,-0.06867000000000001,-0.12753,9.87867
80732322425,22.09,-0.05646140130201656,-0.011711159280881954,0.0,-0.07848000000000001,-0.12753,9.96696
80737372930,22.09,-0.05326744877086694,-0.005323254218582705,0.0,-0.039240000000000004,-0.11772,9.91791
80742423435,22.09,-0.049008845396000776,-0.002129301687433082,0.0,-0.019620000000000002,-0.13734000000000002,9.91791
80747473940,22.09,-0.04581489286485115,-0.002129301687433082,0.0,-0.019620000000000002,-0.16677000000000003,9.819809999999999
80752524445,22.09,-0.04581489286485115,-0.004258603374866164,0.0,0.0,-0.13734000000000002,9.79038
80757574950,22.09,-0.05220279792715039,-0.012775810124598492,0.0,0.009810000000000001,-0.14715,9.65304
80762625455,22.09,-0.060720004676882725,-0.00958185759344887,0.0,0.06867000000000001,-0.16677000000000003,9.69228
80767675960,22.09,-0.06391395720803235,-0.004258603374866164,0.0,0.06867000000000001,-0.17658,9.84924
80772726465,22.09,-0.05220279792715039,-0.008517206749732328,0.0,0.05886,-0.17658,9.92772
80777776970,22.09,-0.04794419455228423,-0.006387905062299246,0.0,0.06867000000000001,-0.17658,9.97677
80782827475,22.09,-0.04794419455228423,-0.00958185759344887,0.0,0.0981,-0.16677000000000003,9.86886
80787877980,22.09,-0.049008845396000776,-0.005323254218582705,0.0,0.13734000000000002,-0.16677000000000003,9.70209
80792928485,22.09,-0.046879543708567686,0.0170518667919846,0.0,0.13734000000000002,-0.15696000000000002,9.6138
80797978990,22.09,-0.046879543708567686,0.02663372438543347,0.0,0.06867000000000001,-0.11772,9.60399
80803029495,22.09,-0.04581489286485115,0.023439771854283843,0.0,0.0,-0.16677000000000003,9.69228
80808080000,22.09,-0.04581489286485115,0.01064650843716541,0.0,-0.019620000000000002,-0.15696000000000002,9.86886
80813130505,22.09,-0.049008845396000776,0.001064650843716541,0.0,-0.07848000000000001,-0.16677000000000003,9.95715
80818181010,22.09,-0.05007349623971732,0.0,0.0,-0.039240000000000004,-0.15696000000000002,9.937529999999999
80823231515,22.09,-0.04581489286485115,-0.00958185759344887,0.0,-0.019620000000000002,-0.17658,9.96696
80828282020,22.09,-0.05007349623971732,-0.012775810124598492,0.0,-0.009810000000000001,-0.17658,9.84924
80833332525,22.09,-0.054332099614583476,-0.014905111812031574,0.0,0.04905,-0.18639,9.751140000000001
80838383030,22.09,-0.05326744877086694,-0.024504422698000388,0.0,0.0981,-0.1962,9.70209
80843433535,22.09,-0.05752605214573309,-0.005323254218582705,0.0,0.14715,-0.20601000000000003,9.70209
80848484040,22.09,-0.05539675045830002,0.00958185759344887,0.0,0.0981,-0.21582,9.84924
80853534545,22.09,-0.05113814708343386,0.0170518667919846,0.0,0.019620000000000002,-0.22563,9.99639
80858585050,22.09,-0.049008845396000776,0.012775810124598492,0.0,0.0,-0.21582,10.006200000000002
80863635555,22.09,-0.054332099614583476,0.008517206749732328,0.0,-0.02943,-0.21582,9.87867
80868686060,22.09,-0.054332099614583476,0.008517206749732328,0.0,-0.02943,-0.20601000000000003,9.73152
80873736565,22.09,-0.049008845396000776,0.015987215948268057,0.0,0.009810000000000001,-0.22563,9.623610000000001
80878787070,22.09,-0.0404741853537485,0.011711159280881954,0.0,-0.019620000000000002,-0.21582,9.60399
80883837575,22.09,-0.04153883619746504,-0.005323254218582705,0.0,-0.019620000000000002,-0.20601000000000003,9.79038
80888888080,22.09,-0.0404741853537485,-0.021310470166850764,0.0,-0.009810000000000001,-0.20601000000000003,9.82962
80893938585,22.09,-0.04794419455228423,-0.024504422698000388,0.0,0.009810000000000001,-0.21582,9.888480000000001
80898989090,22.09,-0.049008845396000776,-0.021310470166850764,0.0,0.08829,-0.20601000000000003,9.937529999999999
80904039595,22.09,-0.049008845396000776,-0.006387905062299246,0.0,0.0981,-0.20601000000000003,9.84924
80909090100,22.09,-0.04794419455228423,-0.003193952531149623,0.0,0.11772,-0.21582,9.85905
80914140605,22.09,-0.04794419455228423,-0.004258603374866164,0.0,0.0981,-0.22563,9.84924
80919191110,22.09,-0.044732788728614664,0.0,0.0,0.10791,-0.22563,9.70209
80924241615,22.09,-0.046879543708567686,0.002129301687433082,0.0,0.13734000000000002,-0.24525000000000002,9.74133
80929292120,22.09,-0.05326744877086694,0.00958185759344887,0.0,0.0981,-0.1962,9.80019
80934342625,22.09,-0.05007349623971732,0.01811651763570114,0.0,0.07848000000000001,-0.24525000000000002,9.87867
80939393130,22.09,-0.05113814708343386,0.012775810124598492,0.0,0.0,-0.25506,9.97677
80944443635,22.09,-0.05539675045830002,0.005323254218582705,0.0,-0.009810000000000001,-0.26487,9.937529999999999
80949494140,22.09,-0.04794419455228423,0.00958185759344887,0.0,0.0,-0.25506,9.760950000000001
80954544645,22.09,-0.04794419455228423,0.011711159280881954,0.0,-0.02943,-0.26487,9.68247
80959595150,22.09,-0.04153883619746504,0.001064650843716541,0.0,0.0,-0.24525000000000002,9.6138
80964645655,22.09,-0.04260348704118158,0.005323254218582705,0.0,-0.019620000000000002,-0.25506,9.69228
80969696160,22.09,-0.04366813788489812,-0.002129301687433082,0.0,0.0,-0.24525000000000002,9.79038
80974746665,22.09,-0.046879543708567686,-0.007452555906015787,0.0,-0.04905,-0.24525000000000002,9.888480000000001
80979797170,22.09,-0.046879543708567686,-0.006387905062299246,0.0,-0.04905,-0.25506,9.82962
80984847675,22.09,-0.046879543708567686,-0.011711159280881954,0.0,0.039240000000000004,-0.25506,9.87867
80989898180,22.09,-0.044732788728614664,-0.020245819323134222,0.0,0.04905,-0.27468000000000004,9.86886
80994948685,22.09,-0.0404741853537485,-0.012775810124598492,0.0,0.07848000000000001,-0.24525000000000002,9.760950000000001
80999999190,22.09,-0.044732788728614664,-0.011711159280881954,0.0,0.0981,-0.24525000000000002,9.81
81005049695,22.09,-0.05326744877086694,-0.004258603374866164,0.0,0.14715,-0.28449,9.79038
81010100200,22.09,-0.049008845396000776,0.0,0.0,0.11772,-0.24525000000000002,9.81
81015150705,22.09,-0.05220279792715039,0.001064650843716541,0.0,0.14715,-0.30411,9.888480000000001
81020201210,22.09,-0.05113814708343386,0.003193952531149623,0.0,0.08829,-0.2943,10.006200000000002
81025251715,22.09,-0.04794419455228423,0.01064650843716541,0.0,0.06867000000000001,-0.31392000000000003,9.89829
81030302220,22.09,-0.05007349623971732,0.015987215948268057,0.0,0.04905,-0.31392000000000003,9.89829
81035352725,22.09,-0.05007349623971732,0.012775810124598492,0.0,0.039240000000000004,-0.33354000000000006,9.79038
81040403230,22.09,-0.046879543708567686,0.01064650843716541,0.0,0.019620000000000002,-0.31392000000000003,9.64323
81045453735,22.09,-0.044732788728614664,0.005323254218582705,0.0,0.019620000000000002,-0.2943,9.72171
81050504240,22.09,-0.039409534510031964,0.003193952531149623,0.0,0.019620000000000002,-0.30411,9.80019
81055554745,22.09,-0.039409534510031964,0.0,0.0,0.0,-0.30411,9.84924
81060605250,22.09,-0.04153883619746504,-0.002129301687433082,0.0,-0.019620000000000002,-0.30411,9.87867
81065655755,22.09,-0.03834488366631542,-0.004258603374866164,0.0,0.0,-0.2943,9.82962
81070706260,22.09,-0.0404741853537485,-0.002129301687433082,0.0,0.039240000000000004,-0.30411,9.751140000000001
81075756765,22.09,-0.039409534510031964,0.0,0.0,0.009810000000000001,-0.28449,9.70209
81080807270,22.09,-0.03621558197888234,-0.002129301687433082,0.0,0.02943,-0.28449,9.73152
81085857775,22.09,-0.04260348704118158,0.002129301687433082,0.0,0.009810000000000001,-0.26487,9.72171
81090908280,22.09,-0.04260348704118158,-0.006387905062299246,0.0,0.02943,-0.27468000000000004,9.819809999999999
81095958785,22.09,-0.04794419455228423,-0.01811651763570114,0.0,0.019620000000000002,-0.2943,9.86886
81101009290,22.09,-0.04794419455228423,-0.011711159280881954,0.0,0.05886,-0.31392000000000003,9.92772
81106059795,22.09,-0.04794419455228423,-0.006387905062299246,0.0,0.11772,-0.32373,9.99639
81111110300,22.09,-0.05326744877086694,0.0,0.0,0.0981,-0.33354000000000006,9.89829
81116160805,22.09,-0.049008845396000776,-0.004258603374866164,0.0,0.0981,-0.34335000000000004,9.760950000000001
81121211310,22.09,-0.046879543708567686,-0.006387905062299246,0.0,0.12753,-0.34335000000000004,9.760950000000001
81126261815,22.09,-0.046879543708567686,0.0,0.0,0.15696000000000002,-0.36297,9.79038
81131312320,22.09,-0.04581489286485115,0.005323254218582705,0.0,0.14715,-0.38259000000000004,9.85905
81136362825,22.09,-0.04581489286485115,0.013840460968315033,0.0,0.10791,-0.36297,9.92772
81141413330,22.09,-0.05007349623971732,0.01811651763570114,0.0,0.05886,-0.37278,9.908100000000001
81146463835,22.09,-0.04260348704118158,0.00958185759344887,0.0,0.0,-0.33354000000000006,9.80019
81151514340,22.09,-0.03728023282259888,-0.001064650843716541,0.0,0.019620000000000002,-0.37278,9.760950000000001
81156564845,22.09,-0.028763026072866547,-0.001064650843716541,0.0,0.02943,-0.35316,9.70209
81161615350,22.09,-0.03089232776029963,0.004258603374866164,0.0,0.019620000000000002,-0.32373,9.68247
81166665855,22.09,-0.03515093113516579,0.008517206749732328,0.0,0.009810000000000001,-0.32373,9.760950000000001
81171716360,22.09,-0.03089232776029963,0.006387905062299246,0.0,0.009810000000000001,-0.31392000000000003,9.73152
81176766865,22.09,-0.03408628029144926,0.0,0.0,0.0,-0.31392000000000003,9.72171
81181817370,22.09,-0.03834488366631542,-0.00958185759344887,0.0,0.04905,-0.30411,9.81
81186867875,22.09,-0.03834488366631542,-0.01064650843716541,0.0,0.019620000000000002,-0.28449,9.888480000000001
81191918380,22.09,-0.031956978604016174,-0.002129301687433082,0.0,0.05886,-0.31392000000000003,9.84924
81196968885,22.09,-0.0404741853537485,0.003193952531149623,0.0,0.02943,-0.34335000000000004,9.82962
81202019390,22.09,-0.05113814708343386,-0.002129301687433082,0.0,0.04905,-0.35316,9.79038
81207069895,22.09,-0.054332099614583476,-0.007452555906015787,0.0,0.05886,-0.36297,9.81
81212120400,22.09,-0.05646140130201656,-0.005323254218582705,0.0,0.08829,-0.41202000000000005,9.86886
81217170905,22.09,-0.05646140130201656,-0.003193952531149623,0.0,0.10791,-0.3924,9.94734
81222221410,22.09,-0.04581489286485115,-0.007452555906015787,0.0,0.12753,-0.40221,9.96696
81227271915,22.09,-0.0404741853537485,-0.00958185759344887,0.0,0.06867000000000001,-0.44145,9.96696
81232322420,22.09,-0.04153883619746504,0.0,0.0,0.10791,-0.44145,9.84924
81237372925,22.09,-0.046879543708567686,0.0,0.0,0.14715,-0.41202000000000005,9.81
81242423430,22.09,-0.044732788728614664,0.0,0.0,0.14715,-0.43164,9.80019
81247473935,22.09,-0.03834488366631542,0.005323254218582705,0.0,0.15696000000000002,-0.41202000000000005,9.760950000000001
81252524440,22.09,-0.03089232776029963,0.00958185759344887,0.0,0.12753,-0.40221,9.770760000000001
81257574945,22.09,-0.028763026072866547,0.005323254218582705,0.0,0.11772,-0.40221,9.87867
81262625450,22.09,-0.02769837522915001,0.0,0.0,0.10791,-0.38259000000000004,9.937529999999999
81267675955,22.09,-0.024504422698000388,0.00958185759344887,0.0,0.08829,-0.38259000000000004,9.85905
81272726460,22.09,-0.031956978604016174,0.015987215948268057,0.0,0.05886,-0.34335000000000004,9.770760000000001
81277776965,22.09,-0.03089232776029963,0.00958185759344887,0.0,0.039240000000000004,-0.36297,9.65304
81282827470,22.09,-0.028763026072866547,-0.005323254218582705,0.0,0.019620000000000002,-0.31392000000000003,9.64323
81287877975,22.09,-0.02982767691658309,-0.002129301687433082,0.0,0.05886,-0.32373,9.70209
81292928480,22.09,-0.02769837522915001,0.007452555906015787,0.0,0.04905,-0.32373,9.74133
81297978985,22.09,-0.02982767691658309,0.004258603374866164,0.0,0.0,-0.35316,9.85905
81303029490,22.09,-0.039409534510031964,-0.011711159280881954,0.0,0.02943,-0.37278,9.937529999999999
81308079995,22.09,-0.04366813788489812,-0.01918116847941768,0.0,0.06867000000000001,-0.32373,9.82962
81313130500,22.09,-0.04794419455228423,-0.014905111812031574,0.0,0.12753,-0.37278,9.72171
81318181005,22.09,-0.05007349623971732,-0.00958185759344887,0.0,0.12753,-0.3924,9.760950000000001
81323231510,22.09,-0.046879543708567686,0.001064650843716541,0.0,0.15696000000000002,-0.42183,9.87867
81328282015,22.09,-0.04260348704118158,0.007452555906015787,0.0,0.0981,-0.45126,9.94734
81333332520,22.09,-0.04794419455228423,0.006387905062299246,0.0,0.08829,-0.47088,9.95715
81338383025,22.09,-0.05007349623971732,-0.005323254218582705,0.0,0.0981,-0.48069000000000006,9.91791
81343433530,22.09,-0.05007349623971732,-0.00958185759344887,0.0,0.13734000000000002,-0.46107000000000004,9.89829
81348484035,22.09,-0.04153883619746504,-0.008517206749732328,0.0,0.16677000000000003,-0.51012,9.89829
81353534540,22.09,-0.03515093113516579,0.0,0.0,0.14715,-0.51012,9.83943
81358585045,22.09,-0.02663372438543347,0.003193952531149623,0.0,0.17658,-0.48069000000000006,9.888480000000001
81363635550,22.09,-0.021310470166850764,0.014905111812031574,0.0,0.12753,-0.48069000000000006,9.908100000000001
81368686055,22.09,-0.021310470166850764,0.020245819323134222,0.0,0.06867000000000001,-0.49050000000000005,9.80019
81373736560,22.09,-0.02769837522915001,0.014905111812031574,0.0,0.04905,-0.43164,9.751140000000001
81378787065,22.09,-0.02663372438543347,0.0,0.0,0.019620000000000002,-0.41202000000000005,9.74133
81383837570,22.09,-0.01811651763570114,-0.003193952531149623,0.0,0.05886,-0.41202000000000005,9.72171
81388888075,22.09,-0.01064650843716541,-0.00958185759344887,0.0,0.05886,-0.37278,9.83943
81393938580,22.09,-0.006387905062299246,-0.011711159280881954,0.0,0.07848000000000001,-0.40221,9.87867
81398989085,22.09,-0.015987215948268057,-0.006387905062299246,0.0,0.13734000000000002,-0.37278,9.819809999999999
81404039590,22.09,-0.024504422698000388,0.007452555906015787,0.0,0.0981,-0.35316,9.73152
81409090095,22.09,-0.033021629447732716,0.0170518667919846,0.0,0.05886,-0.36297,9.623610000000001
81414140600,22.09,-0.039409534510031964,0.011711159280881954,0.0,0.02943,-0.38259000000000004,9.57456
81419191105,22.09,-0.03834488366631542,-0.00958185759344887,0.0,0.04905,-0.38259000000000004,9.68247
81424241610,22.09,-0.028763026072866547,-0.033021629447732716,0.0,0.0981,-0.3924,9.819809999999999
81429292115,22.09,-0.02982767691658309,-0.031956978604016174,0.0,0.13734000000000002,-0.40221,9.85905
81434342620,22.09,-0.03408628029144926,-0.013840460968315033,0.0,0.18639,-0.43164,9.888480000000001
81439393125,22.09,-0.04581489286485115,-0.002129301687433082,0.0,0.22563,-0.44145,9.908100000000001
81444443630,22.09,-0.05539675045830002,0.007452555906015787,0.0,0.20601000000000003,-0.49050000000000005,9.819809999999999
81449494135,22.09,-0.05646140130201656,0.014905111812031574,0.0,0.15696000000000002,-0.51012,9.78057
81454544640,22.09,-0.05007349623971732,0.014905111812031574,0.0,0.12753,-0.50031,9.770760000000001
81459595145,22.09,-0.03515093113516579,0.007452555906015787,0.0,0.11772,-0.51012,9.79038
81464645650,22.09,-0.03089232776029963,-0.003193952531149623,0.0,0.10791,-0.50031,10.006200000000002
81469696155,22.09,-0.02982767691658309,-0.011711159280881954,0.0,0.12753,-0.51993,10.13373
81474746660,22.09,-0.033021629447732716,-0.011711159280881954,0.0,0.14715,-0.5395500000000001,10.13373
81479797165,22.09,-0.0404741853537485,0.001064650843716541,0.0,0.15696000000000002,-0.5493600000000001,10.03563
81484847670,22.09,-0.03515093113516579,0.022375121010567305,0.0,0.10791,-0.5395500000000001,9.87867
81489898175,22.09,-0.023439771854283843,0.033021629447732716,0.0,0.06867000000000001,-0.50031,9.72171
81494948680,22.09,-0.012775810124598492,0.022375121010567305,0.0,0.019620000000000002,-0.51012,9.751140000000001
81499999185,22.09,-0.008517206749732328,0.004258603374866164,0.0,0.0,-0.46107000000000004,9.82962
81505049690,22.09,-0.006387905062299246,-0.006387905062299246,0.0,0.0,-0.46107000000000004,9.84924
81510100195,22.09,-0.014905111812031574,-0.00958185759344887,0.0,0.0,-0.47088,9.87867
81515150700,22.09,-0.01918116847941768,-0.011711159280881954,0.0,0.02943,-0.44145,9.85905
81520201205,22.09,-0.008517206749732328,-0.014905111812031574,0.0,0.06867000000000001,-0.44145,9.760950000000001
81525251710,22.09,-0.005323254218582705,-0.03408628029144926,0.0,0.13734000000000002,-0.41202000000000005,9.760950000000001
81530302215,22.09,0.0,-0.03621558197888234,0.0,0.25506,-0.41202000000000005,9.66285
81535352720,22.09,-0.004258603374866164,-0.012775810124598492,0.0,0.25506,-0.3924,9.64323
81540403225,22.09,-0.012775810124598492,0.02556907354171693,0.0,0.23544,-0.3924,9.69228
81545453730,22.09,-0.02663372438543347,0.04153883619746504,0.0,0.13734000000000002,-0.41202000000000005,9.751140000000001
81550504235,22.09,-0.03408628029144926,0.03408628029144926,0.0,0.009810000000000001,-0.37278,9.81
81555554740,22.09,-0.03728023282259888,0.012775810124598492,0.0,-0.009810000000000001,-0.41202000000000005,9.84924
81560605245,22.09,-0.03089232776029963,-0.01918116847941768,0.0,0.009810000000000001,-0.42183,9.82962
81565655750,22.09,-0.023439771854283843,-0.031956978604016174,0.0,0.08829,-0.46107000000000004,9.74133
81570706255,22.09,-0.024504422698000388,-0.04366813788489812,0.0,0.17658,-0.47088,9.73152
81575756760,22.09,-0.03621558197888234,-0.04153883619746504,0.0,0.2943,-0.46107000000000004,9.73152
81580807265,22.09,-0.04581489286485115,-0.02663372438543347,0.0,0.37278,-0.50031,9.78057
81585857770,22.09,-0.04366813788489812,0.004258603374866164,0.0,0.37278,-0.5395500000000001,9.888480000000001
81590908275,22.09,-0.03728023282259888,0.028763026072866547,0.0,0.28449,-0.5395500000000001,9.98658
81595958780,22.09,-0.02982767691658309,0.03834488366631542,0.0,0.20601000000000003,-0.5395500000000001,10.01601
81601009285,22.09,-0.023439771854283843,0.04153883619746504,0.0,0.0981,-0.56898,10.01601
81606059790,22.09,-0.022375121010567305,0.05646140130201656,0.0,0.019620000000000002,-0.5493600000000001,9.92772
81611110295,22.09,-0.02769837522915001,0.060720004676882725,0.0,-0.10791,-0.56898,9.82962
81616160800,22.09,-0.031956978604016174,0.05752605214573309,0.0,-0.20601000000000003,-0.5395500000000001,9.82962
81621211305,22.09,-0.03089232776029963,0.02663372438543347,0.0,-0.26487,-0.51993,9.79038
81626261810,22.09,-0.015987215948268057,-0.02663372438543347,0.0,-0.25506,-0.52974,9.80019
81631312315,22.09,-0.004258603374866164,-0.07777187146886733,0.0,-0.0981,-0.51012,9.82962
81636362820,22.09,0.002129301687433082,-0.10119419003063122,0.0,0.0981,-0.51993,9.908100000000001
81641413325,22.09,0.0,-0.09267698328089889,0.0,0.31392000000000003,-0.51993,9.908100000000001
81646463830,22.09,-0.011711159280881954,-0.07670722062515077,0.0,0.49050000000000005,-0.51012,9.83943
81651514335,22.09,-0.0170518667919846,-0.05326744877086694,0.0,0.59841,-0.51012,9.81
81656564840,22.09,-0.01064650843716541,-0.023439771854283843,0.0,0.6768900000000001,-0.47088,9.74133
81661615345,22.09,-0.002129301687433082,0.00958185759344887,0.0,0.63765,-0.46107000000000004,9.819809999999999
81666665850,22.09,0.001064650843716541,0.04794419455228423,0.0,0.5591700000000001,-0.43164,9.86886
81671716355,22.09,0.001064650843716541,0.09693558665576507,0.0,0.37278,-0.44145,9.98658
81676766860,22.09,-0.008517206749732328,0.1288925652597812,0.0,0.0981,-0.44145,10.01601
81681817365,22.09,-0.022375121010567305,0.12569861272863161,0.0,-0.14715,-0.40221,9.91791
81686867870,22.09,-0.03728023282259888,0.10866419922916695,0.0,-0.37278,-0.46107000000000004,9.770760000000001
81691918375,22.09,-0.039409534510031964,0.07349581480148122,0.0,-0.5395500000000001,-0.47088,9.74133
81696968880,22.09,-0.022375121010567305,0.01811651763570114,0.0,-0.59841,-0.49050000000000005,9.760950000000001
81702019385,22.09,-0.01918116847941768,-0.03408628029144926,0.0,-0.5395500000000001,-0.49050000000000005,9.82962
81707069890,22.09,-0.0170518667919846,-0.08309512568745003,0.0,-0.3924,-0.5395500000000001,9.83943
81712120395,22.09,-0.020245819323134222,-0.11611675513518273,0.0,-0.18639,-0.5591700000000001,9.78057
81717170900,22.09,-0.02769837522915001,-0.11931070766633237,0.0,0.10791,-0.57879,9.70209
81722221405,22.09,-0.028763026072866547,-0.10438814256178083,0.0,0.33354000000000006,-0.59841,9.68247
81727271910,22.09,-0.012775810124598492,-0.07990117315630041,0.0,0.52974,-0.56898,9.72171
81732322415,22.09,-0.002129301687433082,-0.05859070298944965,0.0,0.64746,-0.56898,9.84924
81737372920,22.09,0.005323254218582705,-0.033021629447732716,0.0,0.69651,-0.57879,9.91791
81742423425,22.09,0.002129301687433082,0.0,0.0,0.71613,-0.5591700000000001,9.91791
81747473930,22.09,0.0,0.03834488366631542,0.0,0.60822,-0.51993,9.94734
81752524435,22.09,-0.005323254218582705,0.06817256058289851,0.0,0.49050000000000005,-0.48069000000000006,9.89829
81757574940,22.09,-0.006387905062299246,0.08415977653116657,0.0,0.31392000000000003,-0.50031,9.85905
81762625445,22.09,0.0,0.08735372906231618,0.0,0.12753,-0.48069000000000006,9.79038
81767675950,22.09,0.004258603374866164,0.08203047484373349,0.0,-0.039240000000000004,-0.46107000000000004,9.82962
81772726455,22.09,0.0,0.06817256058289851,0.0,-0.15696000000000002,-0.46107000000000004,9.770760000000001
81777776960,22.09,-0.008517206749732328,0.05220279792715039,0.0,-0.2943,-0.45126,9.81
81782827465,22.09,-0.020245819323134222,0.02982767691658309,0.0,-0.36297,-0.48069000000000006,9.80019
81787877970,22.09,-0.02769837522915001,-0.001064650843716541,0.0,-0.3924,-0.46107000000000004,9.84924
81792928475,22.09,-0.02769837522915001,-0.03089232776029963,0.0,-0.31392000000000003,-0.50031,9.87867
81797978980,22.09,-0.02663372438543347,-0.054332099614583476,0.0,-0.22563,-0.5493600000000001,9.99639
81803029485,22.09,-0.01811651763570114,-0.06817256058289851,0.0,-0.07848000000000001,-0.59841,10.025820000000001
81808079990,22.09,-0.013840460968315033,-0.06710790973918197,0.0,0.06867000000000001,-0.57879,10.006200000000002
81813130495,22.09,-0.015987215948268057,-0.05965535383316618,0.0,0.21582,-0.6278400000000001,9.92772
81818181000,22.09,-0.014905111812031574,-0.039409534510031964,0.0,0.33354000000000006,-0.6180300000000001,9.84924
81823231505,22.09,-0.014905111812031574,-0.01811651763570114,0.0,0.3924,-0.6180300000000001,9.760950000000001
81828282010,22.09,-0.004258603374866164,0.001064650843716541,0.0,0.36297,-0.59841,9.79038
81833332515,22.09,0.011711159280881954,0.01811651763570114,0.005323254218582705,0.34335000000000004,-0.57879,9.81
81838383020,22.09,0.014905111812031574,0.02663372438543347,0.0,0.28449,-0.5493600000000001,9.760950000000001
81843433525,22.09,0.01811651763570114,0.03728023282259888,0.0,0.20601000000000003,-0.5395500000000001,9.751140000000001
81848484030,22.09,0.01811651763570114,0.05007349623971732,0.0,0.11772,-0.47088,9.7119
81853534535,22.09,0.01811651763570114,0.060720004676882725,0.001064650843716541,0.0,-0.44145,9.623610000000001
81858585040,22.09,0.012775810124598492,0.05965535383316618,0.0,-0.11772,-0.42183,9.623610000000001
81863635545,22.09,0.01064650843716541,0.04260348704118158,0.0,-0.25506,-0.37278,9.6138
81868686050,22.09,0.007452555906015787,0.014905111812031574,0.003193952531149623,-0.26487,-0.37278,9.67266
81873736555,22.09,0.0,-0.01064650843716541,0.0,-0.2943,-0.38259000000000004,9.72171
81878787060,22.09,0.003193952531149623,-0.031956978604016174,0.001064650843716541,-0.22563,-0.41202000000000005,9.751140000000001
81883837565,22.09,-0.005323254218582705,-0.05752605214573309,0.006387905062299246,-0.12753,-0.42183,9.760950000000001
81888888070,22.09,-0.01811651763570114,-0.11185815176031658,0.002129301687433082,0.10791,-0.45126,9.70209
81893938575,22.09,-0.02982767691658309,-0.15446163880149816,0.0,0.42183,-0.50031,9.6138
81898989080,22.09,-0.03408628029144926,-0.15765559133264778,0.0,0.72594,-0.49050000000000005,9.68247
81904039585,22.09,-0.02769837522915001,-0.12037535851004891,-0.003193952531149623,0.94176,-0.56898,9.81
81909090090,22.09,-0.015987215948268057,-0.06817256058289851,0.001064650843716541,1.0987200000000001,-0.59841,9.97677
81914140595,22.09,-0.023439771854283843,-0.006387905062299246,-0.001064650843716541,1.15758,-0.6278400000000001,10.182780000000001
81919191100,22.09,-0.02982767691658309,0.06391395720803235,-0.001064650843716541,1.02024,-0.6670800000000001,10.31031
81924241605,22.09,-0.02982767691658309,0.15659094048893124,0.001064650843716541,0.72594,-0.64746,10.32993
81929292110,22.09,-0.02982767691658309,0.22476350107182977,0.004258603374866164,0.25506,-0.64746,10.22202
81934342615,22.09,-0.022375121010567305,0.2354274628015151,0.0,-0.1962,-0.6867000000000001,10.08468
81939393120,22.09,-0.014905111812031574,0.19387117331153014,0.0,-0.6670800000000001,-0.63765,9.98658
81944443625,22.09,0.007452555906015787,0.1352804703220805,0.0,-0.94176,-0.64746,9.94734
81949494130,22.09,0.012775810124598492,0.07456046564519776,-0.003193952531149623,-1.0791000000000002,-0.6278400000000001,9.84924
81954544635,22.09,0.011711159280881954,0.011711159280881954,-0.002129301687433082,-1.0987200000000001,-0.60822,9.819809999999999
81959595140,22.09,0.011711159280881954,-0.06178465552059926,0.0,-1.00062,-0.5886,9.760950000000001
81964645645,22.09,0.012775810124598492,-0.1331511686346474,0.002129301687433082,-0.73575,-0.57879,9.74133
81969696150,22.09,0.01918116847941768,-0.20027653166634932,0.001064650843716541,-0.33354000000000006,-0.56898,9.60399
81974746655,22.09,0.02982767691658309,-0.24181536786381436,0.0,0.11772,-0.5395500000000001,9.58437
81979797160,22.09,0.04794419455228423,-0.2396860661763813,-0.002129301687433082,0.6180300000000001,-0.51993,9.623610000000001
81984847665,22.09,0.05539675045830002,-0.19600047499896323,-0.002129301687433082,1.03986,-0.45126,9.6138
81989898170,22.09,0.04794419455228423,-0.12463396188491506,0.0,1.34397,-0.41202000000000005,9.66285
81994948675,22.09,0.03515093113516579,-0.05007349623971732,-0.002129301687433082,1.44207,-0.3924,9.65304
81999999180,22.09,0.024504422698000388,0.04581489286485115,-0.001064650843716541,1.3734000000000002,-0.34335000000000004,9.6138
82005049685,22.09,0.01918116847941768,0.13849187614575004,0.002129301687433082,1.10853,-0.30411,9.65304
82010100190,22.09,0.014905111812031574,0.19493582415524666,0.002129301687433082,0.6867000000000001,-0.2943,9.73152
82015150695,22.09,0.011711159280881954,0.20985838925979816,-0.001064650843716541,0.20601000000000003,-0.25506,9.78057
82020201200,22.09,0.0,0.19921188082263275,0.001064650843716541,-0.1962,-0.30411,9.79038
82025251705,22.09,-0.020245819323134222,0.17151350559348277,0.0,-0.5591700000000001,-0.35316,9.819809999999999
82030302210,22.09,-0.0404741853537485,0.13102186694721432,-0.001064650843716541,-0.8338500000000001,-0.41202000000000005,9.80019
82035352715,22.09,-0.05326744877086694,0.08628907821859966,0.001064650843716541,-1.00062,-0.49050000000000005,9.85905
82040403220,22.09,-0.060720004676882725,0.02663372438543347,0.002129301687433082,-1.05948,-0.56898,10.006200000000002
82045453725,22.09,-0.06178465552059926,-0.04581489286485115,0.0,-0.9613800000000001,-0.60822,10.045440000000001
82050504230,22.09,-0.05007349623971732,-0.11505210429146619,0.002129301687433082,-0.79461,-0.72594,10.05525
82055554735,22.09,-0.04260348704118158,-0.1629788455512305,-0.001064650843716541,-0.43164,-0.7848,9.97677
82060605240,22.09,-0.02982767691658309,-0.18961256993666398,0.0,-0.039240000000000004,-0.8142300000000001,10.03563
82065655745,22.09,-0.021310470166850764,-0.19600047499896323,0.001064650843716541,0.3924,-0.85347,10.006200000000002
82070706250,22.09,-0.00958185759344887,-0.18961256993666398,0.0,0.7651800000000001,-0.84366,10.045440000000001
82075756755,22.09,0.014905111812031574,-0.150203035426632,-0.001064650843716541,1.0987200000000001,-0.8142300000000001,10.025820000000001
82080807260,22.09,0.039409534510031964,-0.09800023749948161,0.0,1.3047300000000002,-0.7749900000000001,10.05525
82085857765,22.09,0.05859070298944965,-0.02769837522915001,-0.001064650843716541,1.39302,-0.69651,10.074869999999999
82090908270,22.09,0.06710790973918197,0.05007349623971732,0.0,1.29492,-0.59841,9.97677
82095958775,22.09,0.07349581480148122,0.1278279144160647,-0.002129301687433082,1.05948,-0.5395500000000001,9.89829
82101009280,22.09,0.07777187146886733,0.18535396656179778,0.0,0.70632,-0.42183,9.81
82106059785,22.09,0.07136651311404815,0.23223351027036546,-0.002129301687433082,0.23544,-0.35316,9.74133
82111110290,22.09,0.06604325889546543,0.2524618763009797,-0.004258603374866164,-0.28449,-0.27468000000000004,9.74133
82116160795,22.09,0.05113814708343386,0.22689280275926285,-0.002129301687433082,-0.72594,-0.21582,9.80019
82121211300,22.09,0.0404741853537485,0.17151350559348277,-0.001064650843716541,-1.08891,-0.20601000000000003,9.74133
82126261805,22.09,0.023439771854283843,0.10653489754173388,0.0,-1.3341600000000002,-0.24525000000000002,9.68247
82131312310,22.09,0.003193952531149623,0.0170518667919846,0.001064650843716541,-1.39302,-0.25506,9.67266
82136362815,22.09,-0.01064650843716541,-0.08415977653116657,0.0,-1.19682,-0.32373,9.58437
82141413320,22.09,-0.028763026072866547,-0.1800307123432151,0.001064650843716541,-0.90252,-0.41202000000000005,9.58437
82146463825,22.09,-0.03089232776029963,-0.26312583803066514,0.003193952531149623,-0.40221,-0.47088,9.68247
82151514330,22.09,-0.033021629447732716,-0.30466467422813015,0.0,0.22563,-0.5493600000000001,9.751140000000001
82156564835,22.09,-0.02556907354171693,-0.300406070853264,0.001064650843716541,0.8338500000000001,-0.6278400000000001,9.819809999999999
82161615340,22.09,-0.0170518667919846,-0.23223351027036546,-0.001064650843716541,1.34397,-0.6768900000000001,9.91791
82166665845,22.09,-0.011711159280881954,-0.11611675513518273,0.0,1.6284600000000002,-0.70632,9.97677
82171716350,22.09,-0.004258603374866164,0.008517206749732328,0.001064650843716541,1.65789,-0.6867000000000001,9.85905
82176766855,22.09,0.005323254218582705,0.1288925652597812,0.0,1.44207,-0.6670800000000001,9.7119
82181817360,22.09,0.014905111812031574,0.21944024685324706,-0.001064650843716541,0.9711900000000001,-0.6180300000000001,9.65304
82186867865,22.09,0.024504422698000388,0.26631979056181476,0.0,0.41202000000000005,-0.5395500000000001,9.69228
82191918370,22.09,0.03728023282259888,0.2556558288321294,0.0,-0.13734000000000002,-0.49050000000000005,9.85905
82196968875,22.09,0.039409534510031964,0.2151816434783809,-0.002129301687433082,-0.60822,-0.46107000000000004,9.937529999999999
82202019380,22.09,0.0404741853537485,0.14381513036433274,0.001064650843716541,-0.95157,-0.44145,10.01601
82207069885,22.09,0.02982767691658309,0.05220279792715039,0.0,-1.08891,-0.42183,9.96696
82212120390,22.09,0.01918116847941768,-0.02769837522915001,-0.002129301687433082,-1.04967,-0.43164,9.888480000000001
82217170895,22.09,0.0170518667919846,-0.08415977653116657,-0.001064650843716541,-0.85347,-0.43164,9.79038
82222221400,22.09,0.012775810124598492,-0.12569861272863161,-0.003193952531149623,-0.60822,-0.44145,9.80019
82227271905,22.09,0.01064650843716541,-0.14913838458291545,-0.002129301687433082,-0.28449,-0.47088,9.78057
82232322410,22.09,0.012775810124598492,-0.16191419470751395,0.001064650843716541,0.02943,-0.51012,9.819809999999999
82237372915,22.09,0.002129301687433082,-0.16191419470751395,0.0,0.35316,-0.5591700000000001,9.92772
82242423420,22.09,0.002129301687433082,-0.14487978120804929,0.0,0.64746,-0.57879,9.95715
82247473925,22.09,0.011711159280881954,-0.11398745344774965,0.002129301687433082,0.90252,-0.59841,9.92772
82252524430,22.09,0.01918116847941768,-0.060720004676882725,-0.001064650843716541,1.06929,-0.56898,9.937529999999999
82257574935,22.09,0.031956978604016174,0.004258603374866164,-0.003193952531149623,1.05948,-0.56898,9.89829
82262625440,22.09,0.03515093113516579,0.07349581480148122,0.0,0.9319500000000001,-0.52974,9.79038
82267675945,22.09,0.02663372438543347,0.13849187614575004,-0.001064650843716541,0.6867000000000001,-0.51012,9.81
82272726450,22.09,0.023439771854283843,0.18641861740551433,0.0,0.30411,-0.46107000000000004,9.760950000000001
82277776955,22.09,0.02556907354171693,0.19708257913519966,0.005323254218582705,-0.10791,-0.44145,9.65304
82282827460,22.09,0.021310470166850764,0.16084954386379738,0.0,-0.45126,-0.40221,9.633420000000001
82287877965,22.09,0.02769837522915001,0.09374163412461543,0.0,-0.6867000000000001,-0.38259000000000004,9.70209
82292928470,22.09,0.031956978604016174,0.02556907354171693,-0.002129301687433082,-0.75537,-0.41202000000000005,9.73152
82297978975,22.09,0.03728023282259888,-0.04260348704118158,0.0,-0.65727,-0.37278,9.760950000000001
82303029480,22.09,0.02663372438543347,-0.0852244273748831,0.0,-0.51012,-0.42183,9.760950000000001
82308079985,22.09,0.007452555906015787,-0.10119419003063122,-0.001064650843716541,-0.2943,-0.44145,9.751140000000001
82313130490,22.09,-0.003193952531149623,-0.10438814256178083,-0.001064650843716541,-0.04905,-0.45126,9.73152
82318180995,22.09,-0.002129301687433082,-0.10545279340549739,0.001064650843716541,0.16677000000000003,-0.50031,9.80019
82323231500,22.09,0.001064650843716541,-0.09906488834319814,0.0,0.32373,-0.5395500000000001,9.85905
82328282005,22.09,0.012775810124598492,-0.08096582400001695,-0.001064650843716541,0.48069000000000006,-0.51993,9.95715
82333332510,22.09,0.0170518667919846,-0.05220279792715039,0.0,0.63765,-0.5395500000000001,9.99639
82338383015,22.09,0.01811651763570114,-0.023439771854283843,-0.003193952531149623,0.6670800000000001,-0.57879,10.045440000000001
82343433520,22.09,0.015987215948268057,0.015987215948268057,-0.002129301687433082,0.60822,-0.56898,10.06506
82348484025,22.09,0.01064650843716541,0.06817256058289851,0.0,0.49050000000000005,-0.5886,10.01601
82353534530,22.09,0.01064650843716541,0.10545279340549739,-0.001064650843716541,0.32373,-0.5493600000000001,9.86886
82358585035,22.09,0.0170518667919846,0.11398745344774965,0.002129301687433082,0.05886,-0.50031,9.85905
82363635540,22.09,0.033021629447732716,0.09800023749948161,0.0,-0.14715,-0.51012,9.81
82368686045,22.09,0.04260348704118158,0.05965535383316618,0.0,-0.27468000000000004,-0.49050000000000005,9.81
82373736550,22.09,0.0404741853537485,0.012775810124598492,-0.001064650843716541,-0.33354000000000006,-0.46107000000000004,9.91791
82378787055,22.09,0.039409534510031964,-0.013840460968315033,-0.002129301687433082,-0.32373,-0.47088,9.91791
82383837560,22.09,0.03515093113516579,-0.023439771854283843,0.0,-0.23544,-0.45126,9.82962
82388888065,22.09,0.028763026072866547,-0.03408628029144926,0.0,-0.16677000000000003,-0.46107000000000004,9.81
82393938570,22.09,0.03408628029144926,-0.04581489286485115,0.001064650843716541,-0.07848000000000001,-0.43164,9.70209
82398989075,22.09,0.03621558197888234,-0.054332099614583476,0.002129301687433082,0.019620000000000002,-0.41202000000000005,9.65304
82404039580,22.09,0.04366813788489812,-0.05539675045830002,-0.002129301687433082,0.17658,-0.41202000000000005,9.633420000000001
82409090085,22.09,0.04260348704118158,-0.049008845396000776,-0.001064650843716541,0.26487,-0.41202000000000005,9.67266
82414140590,22.09,0.03408628029144926,-0.039409534510031964,0.0,0.32373,-0.42183,9.760950000000001
82419191095,22.09,0.02663372438543347,-0.0170518667919846,0.0,0.37278,-0.3924,9.908100000000001
82424241600,22.09,0.022375121010567305,0.008517206749732328,-0.002129301687433082,0.35316,-0.3924,9.83943
82429292105,22.09,0.024504422698000388,0.03515093113516579,-0.001064650843716541,0.2943,-0.40221,9.78057
82434342610,22.09,0.02982767691658309,0.046879543708567686,-0.002129301687433082,0.18639,-0.41202000000000005,9.67266
82439393115,22.09,0.033021629447732716,0.04581489286485115,0.001064650843716541,0.12753,-0.3924,9.6138
82444443620,22.09,0.024504422698000388,0.039409534510031964,0.0,0.019620000000000002,-0.40221,9.633420000000001
82449494125,22.09,0.022375121010567305,0.03408628029144926,0.0,-0.04905,-0.41202000000000005,9.80019
82454544630,22.09,0.014905111812031574,0.031956978604016174,0.001064650843716541,-0.12753,-0.43164,9.87867
82459595135,22.09,0.003193952531149623,0.022375121010567305,-0.001064650843716541,-0.22563,-0.46107000000000004,9.98658
82464645640,22.09,0.004258603374866164,-0.006387905062299246,-0.003193952531149623,-0.20601000000000003,-0.47088,9.98658
82469696145,22.09,0.013840460968315033,-0.03728023282259888,-0.002129301687433082,-0.12753,-0.49050000000000005,9.85905
82474746650,22.09,0.01918116847941768,-0.054332099614583476,-0.002129301687433082,-0.009810000000000001,-0.52974,9.78057
82479797155,22.09,0.02663372438543347,-0.054332099614583476,0.0,0.11772,-0.52974,9.74133
82484847660,22.09,0.023439771854283843,-0.031956978604016174,0.0,0.20601000000000003,-0.50031,9.760950000000001
82489898165,22.09,0.01918116847941768,-0.013840460968315033,0.0,0.24525000000000002,-0.5395500000000001,9.86886
82494948670,22.09,0.021310470166850764,-0.008517206749732328,0.0,0.23544,-0.50031,9.97677
82499999175,22.09,0.031956978604016174,-0.008517206749732328,0.0,0.24525000000000002,-0.50031,9.97677
82505049680,22.09,0.03834488366631542,-0.011711159280881954,0.0,0.26487,-0.51012,9.96696
82510100185,22.09,0.04581489286485115,0.003193952531149623,-0.001064650843716541,0.28449,-0.44145,9.888480000000001
82515150690,22.09,0.054332099614583476,0.03089232776029963,0.0,0.21582,-0.45126,9.79038
82520201195,22.09,0.05113814708343386,0.05220279792715039,0.0,0.12753,-0.42183,9.760950000000001
82525251700,22.09,0.04153883619746504,0.05539675045830002,0.0,0.019620000000000002,-0.42183,9.819809999999999
82530302205,22.09,0.02982767691658309,0.044732788728614664,0.0,-0.08829,-0.3924,9.819809999999999
82535352710,22.09,0.028763026072866547,0.014905111812031574,0.002129301687433082,-0.14715,-0.38259000000000004,9.89829
82540403215,22.09,0.03621558197888234,-0.002129301687433082,0.0,-0.14715,-0.37278,9.888480000000001
82545453720,22.09,0.04366813788489812,-0.02556907354171693,-0.002129301687433082,-0.08829,-0.36297,9.85905
82550504225,22.09,0.046879543708567686,-0.03834488366631542,-0.002129301687433082,-0.019620000000000002,-0.37278,9.91791
82555554730,22.09,0.03621558197888234,-0.03834488366631542,-0.002129301687433082,0.06867000000000001,-0.3924,9.82962
82560605235,22.09,0.023439771854283843,-0.024504422698000388,0.0,0.15696000000000002,-0.40221,9.70209
82565655740,22.09,0.014905111812031574,-0.003193952531149623,0.0,0.16677000000000003,-0.40221,9.6138
82570706245,22.09,0.02663372438543347,0.002129301687433082,0.003193952531149623,0.13734000000000002,-0.38259000000000004,9.66285
82575756750,22.09,0.03515093113516579,0.0,0.003193952531149623,0.13734000000000002,-0.42183,9.79038
82580807255,22.09,0.03728023282259888,-0.004258603374866164,-0.002129301687433082,0.12753,-0.41202000000000005,9.96696
82585857760,22.09,0.04366813788489812,0.0,0.0,0.10791,-0.41202000000000005,9.97677
82590908265,22.09,0.033021629447732716,0.01918116847941768,0.0,0.0981,-0.41202000000000005,9.760950000000001
82595958770,22.09,0.02663372438543347,0.02982767691658309,0.001064650843716541,0.05886,-0.41202000000000005,9.64323
82601009275,22.09,0.02663372438543347,0.02663372438543347,0.001064650843716541,0.0,-0.40221,9.58437
82606059780,22.09,0.03089232776029963,0.005323254218582705,0.001064650843716541,0.0,-0.37278,9.60399
82611110285,22.09,0.03728023282259888,-0.004258603374866164,-0.001064650843716541,-0.019620000000000002,-0.36297,9.80019
82616160790,22.09,0.044732788728614664,-0.004258603374866164,0.0,0.0,-0.37278,9.87867
82621211295,22.09,0.04260348704118158,-0.004258603374866164,0.0,-0.019620000000000002,-0.3924,9.94734
82626261800,22.09,0.02982767691658309,-0.0170518667919846,-0.002129301687433082,-0.019620000000000002,-0.37278,9.92772
82631312305,22.09,0.024504422698000388,-0.02556907354171693,0.0,0.05886,-0.40221,9.83943
82636362810,22.09,0.02663372438543347,-0.012775810124598492,0.0,0.13734000000000002,-0.3924,9.69228
82641413315,22.09,0.03515093113516579,0.006387905062299246,0.0,0.12753,-0.37278,9.68247
82646463820,22.09,0.046879543708567686,0.024504422698000388,0.001064650843716541,0.06867000000000001,-0.36297,9.81
82651514325,22.09,0.03834488366631542,0.021310470166850764,-0.001064650843716541,-0.009810000000000001,-0.37278,9.83943
82656564830,22.09,0.033021629447732716,-0.001064650843716541,-0.002129301687433082,-0.02943,-0.36297,9.91791
82661615335,22.09,0.023439771854283843,-0.008517206749732328,-0.001064650843716541,0.0,-0.40221,9.91791
82666665840,22.09,0.023439771854283843,-0.01064650843716541,0.003193952531149623,0.019620000000000002,-0.3924,9.908100000000001
82671716345,22.09,0.02769837522915001,-0.01064650843716541,0.0,0.06867000000000001,-0.40221,10.006200000000002
82676766850,22.09,0.03834488366631542,-0.01918116847941768,0.0,0.05886,-0.41202000000000005,9.96696
82681817355,22.09,0.04366813788489812,-0.02982767691658309,0.0,0.15696000000000002,-0.43164,9.85905
82686867860,22.09,0.039409534510031964,-0.02663372438543347,-0.003193952531149623,0.23544,-0.3924,9.82962
82691918365,22.09,0.03834488366631542,-0.00958185759344887,0.0,0.26487,-0.40221,9.81
82696968870,22.09,0.03515093113516579,0.0170518667919846,-0.002129301687433082,0.20601000000000003,-0.40221,9.81
82702019375,22.09,0.04153883619746504,0.03728023282259888,0.002129301687433082,0.12753,-0.41202000000000005,9.888480000000001
82707069880,22.09,0.04366813788489812,0.039409534510031964,-0.001064650843716541,0.02943,-0.3924,9.92772
82712120385,22.09,0.04366813788489812,0.02556907354171693,0.0,-0.019620000000000002,-0.37278,9.87867
82717170890,22.09,0.05220279792715039,0.011711159280881954,0.0,-0.039240000000000004,-0.35316,9.80019
82722221395,22.09,0.05859070298944965,0.014905111812031574,0.0,-0.039240000000000004,-0.36297,9.633420000000001
82727271900,22.09,0.05113814708343386,0.01918116847941768,-0.002129301687433082,-0.07848000000000001,-0.33354000000000006,9.59418
82732322405,22.09,0.04581489286485115,0.007452555906015787,-0.003193952531149623,-0.0981,-0.31392000000000003,9.73152
82737372910,22.09,0.04153883619746504,-0.00958185759344887,-0.002129301687433082,-0.08829,-0.31392000000000003,9.70209
82742423415,22.09,0.04366813788489812,-0.0170518667919846,0.0,-0.06867000000000001,-0.31392000000000003,9.72171
82747473920,22.09,0.03834488366631542,-0.024504422698000388,-0.001064650843716541,-0.02943,-0.31392000000000003,9.760950000000001
82752524425,22.09,0.0404741853537485,-0.031956978604016174,0.001064650843716541,0.04905,-0.30411,9.81
82757574930,22.09,0.04366813788489812,-0.03515093113516579,-0.001064650843716541,0.10791,-0.31392000000000003,9.81
82762625435,22.09,0.044732788728614664,-0.02556907354171693,0.0,0.18639,-0.31392000000000003,9.760950000000001
82767675940,22.09,0.03621558197888234,-0.013840460968315033,0.0,0.25506,-0.31392000000000003,9.67266
82772726445,22.09,0.023439771854283843,0.0,0.0,0.23544,-0.32373,9.68247
82777776950,22.09,0.02663372438543347,0.00958185759344887,-0.002129301687433082,0.1962,-0.31392000000000003,9.81
82782827455,22.09,0.03408628029144926,0.02556907354171693,0.0,0.11772,-0.33354000000000006,9.89829
82787877960,22.09,0.02982767691658309,0.0170518667919846,0.0,0.07848000000000001,-0.37278,10.025820000000001
82792928465,22.09,0.02556907354171693,0.01064650843716541,0.0,0.019620000000000002,-0.36297,10.074869999999999
82797978970,22.09,0.02982767691658309,0.0170518667919846,0.0,0.0,-0.36297,9.95715
82803029475,22.09,0.02556907354171693,0.021310470166850764,0.0,-0.009810000000000001,-0.36297,9.81
82808079980,22.09,0.02556907354171693,0.0170518667919846,0.0,-0.05886,-0.3924,9.85905
82813130485,22.09,0.033021629447732716,0.006387905062299246,0.0,-0.05886,-0.38259000000000004,9.888480000000001
82818180990,22.09,0.04581489286485115,-0.00958185759344887,0.0,-0.04905,-0.40221,9.89829
82823231495,22.09,0.04153883619746504,-0.012775810124598492,0.0,-0.019620000000000002,-0.42183,9.95715
82828282000,22.09,0.04260348704118158,-0.01811651763570114,0.0,-0.009810000000000001,-0.3924,9.94734
82833332505,22.09,0.05007349623971732,-0.020245819323134222,0.0,0.02943,-0.3924,9.888480000000001
82838383010,22.09,0.05539675045830002,-0.012775810124598492,0.0,0.05886,-0.35316,9.84924
82843433515,22.09,0.05646140130201656,-0.015987215948268057,0.0,0.10791,-0.34335000000000004,9.751140000000001
82848484020,22.09,0.05965535383316618,-0.015987215948268057,0.0,0.14715,-0.2943,9.67266
82853534525,22.09,0.07030186227033158,-0.011711159280881954,0.0,0.1962,-0.24525000000000002,9.68247
82858585030,22.09,0.06391395720803235,0.004258603374866164,0.0,0.18639,-0.24525000000000002,9.64323
82863635535,22.09,0.05752605214573309,0.01811651763570114,0.0,0.13734000000000002,-0.23544,9.73152
82868686040,22.09,0.05859070298944965,0.013840460968315033,0.0,0.06867000000000001,-0.21582,9.79038
82873736545,22.09,0.05752605214573309,0.013840460968315033,0.0,0.06867000000000001,-0.1962,9.73152
82878787050,22.09,0.05220279792715039,0.01064650843716541,0.0,0.04905,-0.17658,9.68247
82883837555,22.09,0.04581489286485115,0.015987215948268057,0.0,-0.019620000000000002,-0.18639,9.67266
82888888060,22.09,0.05326744877086694,0.01811651763570114,0.0,0.0,-0.17658,9.66285
82893938565,22.09,0.03515093113516579,0.013840460968315033,0.0,-0.039240000000000004,-0.1962,9.73152
82898989070,22.09,0.024504422698000388,0.01064650843716541,0.0,-0.0981,-0.20601000000000003,9.82962
82904039575,22.09,0.020245819323134222,-0.001064650843716541,0.0,-0.10791,-0.25506,9.85905
82909090080,22.09,0.015987215948268057,-0.014905111812031574,0.0,-0.07848000000000001,-0.30411,9.92772
82914140585,22.09,0.013840460968315033,-0.013840460968315033,0.0,-0.05886,-0.31392000000000003,9.98658
82919191090,22.09,0.020245819323134222,-0.011711159280881954,0.0,-0.019620000000000002,-0.36297,9.97677
82924241595,22.09,0.023439771854283843,-0.021310470166850764,0.0,0.009810000000000001,-0.37278,9.96696
82929292100,22.09,0.021310470166850764,-0.023439771854283843,0.0,0.08829,-0.40221,9.89829
82934342605,22.09,0.02556907354171693,-0.0170518667919846,0.0,0.11772,-0.40221,9.82962
82939393110,22.09,0.03515093113516579,-0.008517206749732328,0.0,0.16677000000000003,-0.38259000000000004,9.82962
82944443615,22.09,0.046879543708567686,-0.002129301687433082,0.0,0.16677000000000003,-0.36297,9.908100000000001
82949494120,22.09,0.05220279792715039,0.008517206749732328,0.0,0.14715,-0.37278,9.95715
82954544625,22.09,0.060720004676882725,0.012775810124598492,0.0,0.11772,-0.35316,9.98658
82959595130,22.09,0.06178465552059926,0.0170518667919846,0.0,0.07848000000000001,-0.30411,9.86886
82964645635,22.09,0.06710790973918197,0.02556907354171693,0.0,0.04905,-0.26487,9.69228
82969696140,22.09,0.06923721142661506,0.02663372438543347,0.0,0.019620000000000002,-0.21582,9.65304
82974746645,22.09,0.07456046564519776,0.02982767691658309,0.0,-0.02943,-0.17658,9.64323
82979797150,22.09,0.07243116395776468,0.01918116847941768,0.0,-0.0981,-0.17658,9.68247
82984847655,22.09,0.06923721142661506,0.002129301687433082,0.0,-0.14715,-0.13734000000000002,9.760950000000001
82989898160,22.09,0.06604325889546543,-0.011711159280881954,0.0,-0.14715,-0.12753,9.81
82994948665,22.09,0.054332099614583476,-0.01811651763570114,0.0,-0.08829,-0.11772,9.78057
82999999170,22.09,0.046879543708567686,-0.023439771854283843,0.0,-0.02943,-0.10791,9.81
83005049675,22.09,0.03621558197888234,-0.021310470166850764,0.0,0.009810000000000001,-0.14715,9.82962
83010100180,22.09,0.03515093113516579,-0.021310470166850764,0.0,0.07848000000000001,-0.14715,9.79038
83015150685,22.09,0.03089232776029963,-0.015987215948268057,0.0,0.0981,-0.20601000000000003,9.74133
83020201190,22.09,0.02556907354171693,-0.008517206749732328,0.0,0.12753,-0.24525000000000002,9.79038
83025251695,22.09,0.021310470166850764,-0.004258603374866164,0.0,0.13734000000000002,-0.25506,9.80019
83030302200,22.09,0.028763026072866547,0.007452555906015787,0.0,0.14715,-0.28449,9.86886
83035352705,22.09,0.02663372438543347,0.01918116847941768,0.0,0.0981,-0.2943,9.92772
83040403210,22.09,0.028763026072866547,0.020245819323134222,0.0,0.019620000000000002,-0.30411,9.82962
83045453715,22.09,0.03408628029144926,0.020245819323134222,0.0,0.0,-0.34335000000000004,9.83943
83050504220,22.09,0.04366813788489812,0.015987215948268057,0.0,-0.02943,-0.31392000000000003,9.74133
83055554725,22.09,0.04794419455228423,0.008517206749732328,0.0,-0.039240000000000004,-0.28449,9.70209
83060605230,22.09,0.05539675045830002,0.006387905062299246,0.0,-0.05886,-0.2943,9.78057
83065655735,22.09,0.060720004676882725,0.006387905062299246,0.0,-0.05886,-0.26487,9.83943
83070706240,22.09,0.06178465552059926,0.001064650843716541,0.0,-0.08829,-0.22563,9.819809999999999
83075756745,22.09,0.06284930636431581,-0.008517206749732328,0.0,-0.05886,-0.1962,9.83943
83080807250,22.09,0.06817256058289851,-0.01811651763570114,0.0,-0.05886,-0.18639,9.819809999999999
83085857755,22.09,0.06497860805174888,-0.020245819323134222,0.0,0.009810000000000001,-0.16677000000000003,9.819809999999999
83090908260,22.09,0.05965535383316618,-0.013840460968315033,0.0,0.02943,-0.15696000000000002,9.83943
83095958765,22.09,0.05646140130201656,-0.004258603374866164,0.0,0.019620000000000002,-0.16677000000000003,9.888480000000001
83101009270,22.09,0.049008845396000776,-0.0170518667919846,0.0,0.05886,-0.13734000000000002,9.81
83106059775,22.09,0.04366813788489812,-0.01811651763570114,0.0,0.10791,-0.15696000000000002,9.888480000000001
83111110280,22.09,0.046879543708567686,-0.012775810124598492,0.0,0.13734000000000002,-0.15696000000000002,9.92772
83116160785,22.09,0.0404741853537485,-0.002129301687433082,0.0,0.12753,-0.18639,9.89829
83121211290,22.09,0.044732788728614664,0.00958185759344887,0.0,0.12753,-0.18639,9.91791
83126261795,22.09,0.044732788728614664,0.02556907354171693,0.0,0.08829,-0.1962,9.86886
83131312300,22.09,0.03621558197888234,0.022375121010567305,0.0,0.02943,-0.1962,9.74133
83136362805,22.09,0.03728023282259888,0.01811651763570114,0.0,-0.009810000000000001,-0.20601000000000003,9.69228
83141413310,22.09,0.04260348704118158,0.01811651763570114,0.0,-0.019620000000000002,-0.21582,9.751140000000001
83146463815,22.09,0.04366813788489812,0.012775810124598492,0.0,-0.06867000000000001,-0.20601000000000003,9.760950000000001
83151514320,22.09,0.05646140130201656,0.01811651763570114,0.0,-0.12753,-0.18639,9.79038
83156564825,22.09,0.05646140130201656,0.005323254218582705,0.0,-0.16677000000000003,-0.1962,9.81
83161615330,22.09,0.054332099614583476,-0.015987215948268057,0.0,-0.0981,-0.16677000000000003,9.73152
83166665835,22.09,0.05326744877086694,-0.01811651763570114,0.0,-0.039240000000000004,-0.14715,9.770760000000001
83171716340,22.09,0.05965535383316618,-0.01811651763570114,0.0,-0.019620000000000002,-0.15696000000000002,9.770760000000001
83176766845,22.09,0.054332099614583476,-0.011711159280881954,0.0,0.0,-0.12753,9.78057
83181817350,22.09,0.05646140130201656,-0.007452555906015787,0.0,0.039240000000000004,-0.14715,9.83943
83186867855,22.09,0.049008845396000776,-0.01064650843716541,0.0,0.009810000000000001,-0.10791,9.86886
83191918360,22.09,0.05007349623971732,-0.01811651763570114,0.0,0.05886,-0.14715,9.87867
83196968865,22.09,0.05007349623971732,-0.00958185759344887,0.0,0.07848000000000001,-0.16677000000000003,9.908100000000001
83202019370,22.09,0.05007349623971732,0.002129301687433082,0.0,0.12753,-0.13734000000000002,9.937529999999999
83207069875,22.09,0.04581489286485115,0.014905111812031574,0.0,0.05886,-0.15696000000000002,9.81
83212120380,22.09,0.046879543708567686,0.020245819323134222,0.0,0.009810000000000001,-0.15696000000000002,9.81
83217170885,22.09,0.044732788728614664,0.007452555906015787,0.0,0.0,-0.15696000000000002,9.80019
83222221390,22.09,0.039409534510031964,0.0,0.0,0.009810000000000001,-0.15696000000000002,9.770760000000001
83227271895,22.09,0.04366813788489812,-0.002129301687433082,0.0,0.039240000000000004,-0.16677000000000003,9.80019
83232322400,22.09,0.05326744877086694,0.0,0.0,0.019620000000000002,-0.15696000000000002,9.80019
83237372905,22.09,0.05965535383316618,0.003193952531149623,0.0,0.0,-0.14715,9.819809999999999
83242423410,22.09,0.05539675045830002,0.004258603374866164,0.0,0.019620000000000002,-0.14715,9.819809999999999
83247473915,22.09,0.05752605214573309,0.012775810124598492,0.0,0.0,-0.10791,9.81
83252524420,22.09,0.046879543708567686,0.02769837522915001,0.0,-0.05886,-0.10791,9.73152
83257574925,22.09,0.049008845396000776,0.02663372438543347,0.0,-0.11772,-0.10791,9.73152
83262625430,22.09,0.05113814708343386,0.03408628029144926,0.0,-0.16677000000000003,-0.0981,9.760950000000001
83267675935,22.09,0.05752605214573309,0.011711159280881954,0.0,-0.20601000000000003,-0.08829,9.85905
83272726440,22.09,0.054332099614583476,-0.007452555906015787,0.0,-0.22563,-0.08829,9.92772
83277776945,22.09,0.049008845396000776,-0.01811651763570114,0.0,-0.18639,-0.12753,9.95715
83282827450,22.09,0.04794419455228423,-0.03408628029144926,0.0,-0.11772,-0.08829,9.83943
83287877955,22.09,0.04794419455228423,-0.04794419455228423,0.0,0.009810000000000001,-0.12753,9.80019
83292928460,22.09,0.05326744877086694,-0.05220279792715039,0.0,0.10791,-0.0981,9.770760000000001
83297978965,22.09,0.05220279792715039,-0.04794419455228423,0.0,0.23544,-0.08829,9.79038
83303029470,22.09,0.05752605214573309,-0.02663372438543347,0.0,0.30411,-0.10791,9.85905
83308079975,22.09,0.05326744877086694,0.007452555906015787,0.0,0.27468000000000004,-0.0981,9.82962
83313130480,22.09,0.05113814708343386,0.03089232776029963,0.0,0.1962,-0.10791,9.81
83318180985,22.09,0.05326744877086694,0.04153883619746504,0.0,0.11772,-0.07848000000000001,9.80019
83323231490,22.09,0.05326744877086694,0.03621558197888234,0.0,0.04905,-0.07848000000000001,9.770760000000001
83328281995,22.09,0.05752605214573309,0.033021629447732716,0.0,-0.02943,-0.06867000000000001,9.72171
83333332500,22.09,0.060720004676882725,0.044732788728614664,0.0,-0.11772,-0.05886,9.80019
83338383005,22.09,0.06178465552059926,0.04153883619746504,0.0,-0.20601000000000003,-0.05886,9.82962
83343433510,22.09,0.054332099614583476,0.021310470166850764,0.0,-0.26487,-0.07848000000000001,9.86886
83348484015,22.09,0.04794419455228423,0.006387905062299246,0.0,-0.2943,-0.07848000000000001,9.87867
83353534520,22.09,0.044732788728614664,-0.013840460968315033,0.0,-0.25506,-0.07848000000000001,9.84924
83358585025,22.09,0.04153883619746504,-0.028763026072866547,0.0,-0.21582,-0.06867000000000001,9.83943
83363635530,22.09,0.049008845396000776,-0.03621558197888234,0.0,-0.12753,-0.06867000000000001,9.85905
83368686035,22.09,0.05965535383316618,-0.03515093113516579,0.0,-0.02943,-0.06867000000000001,9.84924
83373736540,22.09,0.05859070298944965,-0.039409534510031964,0.0,0.02943,-0.10791,9.84924
83378787045,22.09,0.05539675045830002,-0.028763026072866547,0.0,0.10791,-0.07848000000000001,9.84924
83383837550,22.09,0.05113814708343386,-0.00958185759344887,0.0,0.12753,-0.07848000000000001,9.760950000000001
83388888055,22.09,0.04794419455228423,0.005323254218582705,0.0,0.13734000000000002,-0.08829,9.72171
83393938560,22.09,0.05539675045830002,0.005323254218582705,0.0,0.10791,-0.05886,9.68247
83398989065,22.09,0.06710790973918197,-0.003193952531149623,0.0,0.10791,-0.02943,9.73152
83404039570,22.09,0.07349581480148122,-0.013840460968315033,0.0,0.10791,-0.02943,9.82962
83409090075,22.09,0.07349581480148122,0.001064650843716541,0.0,0.15696000000000002,0.019620000000000002,9.819809999999999
83414140580,22.09,0.06391395720803235,0.02982767691658309,0.0,0.07848000000000001,-0.019620000000000002,9.79038
83419191085,22.09,0.05539675045830002,0.05113814708343386,0.0,-0.009810000000000001,0.0,9.770760000000001
83424241590,22.09,0.049008845396000776,0.05965535383316618,0.0,-0.12753,0.0,9.760950000000001
83429292095,22.09,0.04260348704118158,0.04366813788489812,0.0,-0.20601000000000003,0.009810000000000001,9.79038
83434342600,22.09,0.046879543708567686,0.012775810124598492,0.0,-0.30411,0.019620000000000002,9.80019
83439393105,22.09,0.05752605214573309,-0.004258603374866164,0.0,-0.25506,-0.009810000000000001,9.87867
83444443610,22.09,0.05752605214573309,-0.02663372438543347,0.0,-0.21582,-0.009810000000000001,9.85905
83449494115,22.09,0.05326744877086694,-0.04153883619746504,0.0,-0.14715,-0.009810000000000001,9.86886
83454544620,22.09,0.04794419455228423,-0.033021629447732716,0.0,-0.06867000000000001,-0.039240000000000004,9.85905
83459595125,22.09,0.04153883619746504,-0.020245819323134222,0.0,0.0,-0.02943,9.80019
83464645630,22.09,0.03728023282259888,-0.005323254218582705,0.0,0.039240000000000004,-0.04905,9.81
83469696135,22.09,0.049008845396000776,0.006387905062299246,0.0,0.0,-0.039240000000000004,9.74133
83474746640,22.09,0.054332099614583476,0.004258603374866164,0.0,0.0,-0.06867000000000001,9.72171
83479797145,22.09,0.05859070298944965,-0.01918116847941768,0.0,0.009810000000000001,-0.019620000000000002,9.819809999999999
83484847650,22.09,0.06497860805174888,-0.03408628029144926,-0.005323254218582705,0.07848000000000001,-0.009810000000000001,9.83943
83489898155,22.09,0.06391395720803235,-0.02556907354171693,-0.002129301687433082,0.12753,-0.019620000000000002,9.89829
83494948660,22.09,0.05965535383316618,-0.005323254218582705,-0.002129301687433082,0.16677000000000003,0.0,9.94734
83499999165,22.09,0.05859070298944965,0.020245819323134222,-0.002129301687433082,0.12753,0.009810000000000001,9.86886
83505049670,22.09,0.06178465552059926,0.05646140130201656,0.0,0.02943,0.019620000000000002,9.82962
83510100175,22.09,0.05859070298944965,0.06923721142661506,0.0,-0.12753,0.0,9.78057
83515150680,22.09,0.05752605214573309,0.06604325889546543,0.001064650843716541,-0.22563,0.02943,9.74133
83520201185,22.09,0.05539675045830002,0.03728023282259888,0.002129301687433082,-0.36297,0.019620000000000002,9.7119
83525251690,22.09,0.05539675045830002,-0.006387905062299246,0.001064650843716541,-0.37278,0.039240000000000004,9.78057
83530302195,22.09,0.06497860805174888,-0.046879543708567686,-0.001064650843716541,-0.28449,0.05886,9.81
83535352700,22.09,0.06391395720803235,-0.07456046564519776,-0.001064650843716541,-0.11772,0.05886,9.81
83540403205,22.09,0.05965535383316618,-0.07777187146886733,-0.004258603374866164,0.039240000000000004,0.039240000000000004,9.84924
83545453710,22.09,0.06284930636431581,-0.04366813788489812,-0.001064650843716541,0.18639,0.05886,9.81
83550504215,22.09,0.05646140130201656,-0.006387905062299246,0.0,0.21582,0.07848000000000001,9.7119
83555554720,22.09,0.05539675045830002,0.02556907354171693,-0.002129301687433082,0.16677000000000003,0.02943,9.66285
83560605225,22.09,0.05113814708343386,0.05220279792715039,0.0,0.07848000000000001,0.05886,9.69228
83565655730,22.09,0.05539675045830002,0.06604325889546543,0.002129301687433082,-0.08829,0.039240000000000004,9.760950000000001
83570706235,22.09,0.05113814708343386,0.06391395720803235,-0.004258603374866164,-0.23544,0.05886,9.89829
83575756740,22.09,0.05646140130201656,0.04366813788489812,-0.001064650843716541,-0.35316,0.02943,9.95715
83580807245,22.09,0.054332099614583476,0.003193952531149623,0.0,-0.40221,0.019620000000000002,9.96696
83585857750,22.09,0.05113814708343386,-0.04260348704118158,0.002129301687433082,-0.2943,0.039240000000000004,9.908100000000001
83590908255,22.09,0.05326744877086694,-0.07030186227033158,0.001064650843716541,-0.13734000000000002,0.039240000000000004,9.770760000000001
83595958760,22.09,0.05539675045830002,-0.0756251164889143,-0.002129301687433082,0.039240000000000004,0.05886,9.66285
83601009265,22.09,0.05646140130201656,-0.06178465552059926,-0.003193952531149623,0.18639,0.06867000000000001,9.74133
83606059770,22.09,0.06284930636431581,-0.044732788728614664,-0.002129301687433082,0.26487,0.05886,9.82962
83611110275,22.09,0.06178465552059926,-0.023439771854283843,-0.001064650843716541,0.31392000000000003,0.02943,9.908100000000001
83616160780,22.09,0.05646140130201656,0.008517206749732328,-0.004258603374866164,0.28449,0.04905,9.94734
83621211285,22.09,0.05859070298944965,0.05752605214573309,-0.001064650843716541,0.21582,0.039240000000000004,9.83943
83626261790,22.09,0.06178465552059926,0.10119419003063122,-0.002129301687433082,0.019620000000000002,0.04905,9.78057
83631312295,22.09,0.06817256058289851,0.11611675513518273,-0.001064650843716541,-0.1962,0.07848000000000001,9.73152
83636362800,22.09,0.06710790973918197,0.10653489754173388,0.0,-0.44145,0.0981,9.67266
83641413305,22.09,0.06497860805174888,0.07030186227033158,-0.001064650843716541,-0.57879,0.11772,9.760950000000001
83646463810,22.09,0.060720004676882725,0.011711159280881954,0.0,-0.60822,0.13734000000000002,9.72171
83651514315,22.09,0.054332099614583476,-0.04153883619746504,-0.001064650843716541,-0.57879,0.12753,9.82962
83656564820,22.09,0.05859070298944965,-0.08628907821859966,-0.001064650843716541,-0.41202000000000005,0.14715,9.87867
83661615325,22.09,0.05752605214573309,-0.1278279144160647,0.0,-0.17658,0.11772,9.937529999999999
83666665830,22.09,0.05965535383316618,-0.14487978120804929,0.0,0.12753,0.08829,9.888480000000001
83671716335,22.09,0.05539675045830002,-0.12463396188491506,-0.001064650843716541,0.41202000000000005,0.11772,9.82962
83676766840,22.09,0.05326744877086694,-0.08096582400001695,0.0,0.63765,0.15696000000000002,9.751140000000001
83681817345,22.09,0.04366813788489812,-0.023439771854283843,-0.001064650843716541,0.79461,0.04905,9.80019
83686867850,22.09,0.05220279792715039,0.022375121010567305,0.002129301687433082,0.63765,0.06867000000000001,9.623610000000001
83691918355,22.09,0.05007349623971732,0.07670722062515077,0.0,0.51012,0.06867000000000001,9.80019
83696968860,22.09,0.06817256058289851,0.1097288500728835,0.0,0.27468000000000004,0.08829,9.84924
83702019365,22.09,0.06284930636431581,0.1352804703220805,-0.003193952531149623,-0.039240000000000004,0.0981,9.89829
83707069870,22.09,0.06710790973918197,0.13421581947836395,-0.004258603374866164,-0.30411,0.10791,9.87867
83712120375,22.09,0.06710790973918197,0.11292280260403312,0.0,-0.5395500000000001,0.15696000000000002,9.7119
83717170880,22.09,0.06604325889546543,0.08203047484373349,-0.002129301687433082,-0.6670800000000001,0.16677000000000003,9.60399
83722221385,22.09,0.06604325889546543,0.03834488366631542,-0.001064650843716541,-0.75537,0.17658,9.623610000000001
83727271890,22.09,0.06391395720803235,-0.00958185759344887,-0.002129301687433082,-0.7651800000000001,0.1962,9.70209
83732322395,22.09,0.06391395720803235,-0.05859070298944965,-0.002129301687433082,-0.70632,0.20601000000000003,9.85905
83737372900,22.09,0.05752605214573309,-0.10653489754173388,0.0,-0.49050000000000005,0.1962,9.95715
83742423405,22.09,0.054332099614583476,-0.13421581947836395,0.0,-0.18639,0.1962,9.89829
83747473910,22.09,0.05220279792715039,-0.1352804703220805,0.002129301687433082,0.08829,0.15696000000000002,9.85905
83752524415,22.09,0.05220279792715039,-0.11931070766633237,0.0,0.35316,0.33354000000000006,9.82962
83757574920,22.09,0.049008845396000776,-0.08415977653116657,0.002129301687433082,0.6768900000000001,0.13734000000000002,9.95715
83762625425,22.09,0.03728023282259888,-0.031956978604016174,-0.003193952531149623,0.69651,0.08829,9.73152
83767675930,22.09,0.02663372438543347,0.01918116847941768,-0.003193952531149623,0.60822,0.05886,9.68247
83772726435,22.09,0.05220279792715039,0.05859070298944965,0.001064650843716541,0.48069000000000006,0.0,9.81
83777776940,22.09,0.05539675045830002,0.08841837990603273,0.0,0.27468000000000004,0.05886,9.888480000000001
83782827445,22.09,0.05646140130201656,0.09693558665576507,-0.002129301687433082,0.04905,0.06867000000000001,9.96696
83787877950,22.09,0.06817256058289851,0.09267698328089889,-0.004258603374866164,-0.13734000000000002,0.08829,9.908100000000001
83792928455,22.09,0.07243116395776468,0.08415977653116657,-0.001064650843716541,-0.31392000000000003,0.11772,9.78057
83797978960,22.09,0.0756251164889143,0.049008845396000776,0.0,-0.40221,0.16677000000000003,9.70209
83803029465,22.09,0.07670722062515077,0.021310470166850764,-0.004258603374866164,-0.45126,0.1962,9.70209
83808079970,22.09,0.07670722062515077,-0.012775810124598492,0.0,-0.43164,0.23544,9.74133
83813130475,22.09,0.07990117315630041,-0.03728023282259888,0.0,-0.36297,0.26487,9.888480000000001
83818180980,22.09,0.07990117315630041,-0.046879543708567686,0.0,-0.26487,0.33354000000000006,9.937529999999999
83823231485,22.09,0.07030186227033158,-0.060720004676882725,0.0,-0.10791,0.30411,9.908100000000001
83828281990,22.09,0.04794419455228423,-0.06178465552059926,0.0,0.0,0.26487,9.888480000000001
83833332495,22.09,0.04366813788489812,-0.05646140130201656,0.0,0.15696000000000002,0.23544,9.70209
83838383000,22.09,0.04260348704118158,-0.049008845396000776,-0.001064650843716541,0.25506,0.24525000000000002,9.623610000000001
83843433505,22.09,0.04581489286485115,-0.02769837522915001,-0.002129301687433082,0.35316,0.31392000000000003,9.67266
83848484010,22.09,0.05113814708343386,-0.0170518667919846,-0.001064650843716541,0.3924,0.25506,9.73152
83853534515,22.09,0.04794419455228423,0.007452555906015787,0.0,0.37278,0.11772,9.83943
83858585020,22.09,0.046879543708567686,0.033021629447732716,0.0,0.26487,0.12753,9.80019
83863635525,22.09,0.04366813788489812,0.054332099614583476,0.0,0.17658,0.0981,9.89829
83868686030,22.09,0.04794419455228423,0.07456046564519776,-0.001064650843716541,-0.019620000000000002,0.11772,9.89829
83873736535,22.09,0.05007349623971732,0.08415977653116657,-0.001064650843716541,-0.17658,0.10791,9.819809999999999
83878787040,22.09,0.06923721142661506,0.06710790973918197,0.0,-0.34335000000000004,0.14715,9.819809999999999
83883837545,22.09,0.07349581480148122,0.04581489286485115,-0.002129301687433082,-0.43164,0.16677000000000003,9.89829
83888888050,22.09,0.08096582400001695,0.033021629447732716,-0.005323254218582705,-0.49050000000000005,0.20601000000000003,9.937529999999999
83893938555,22.09,0.07777187146886733,0.03408628029144926,-0.001064650843716541,-0.5395500000000001,0.22563,9.94734
83898989060,22.09,0.07030186227033158,0.020245819323134222,0.0,-0.63765,0.24525000000000002,9.97677
83904039565,22.09,0.06497860805174888,-0.005323254218582705,0.001064650843716541,-0.5886,0.22563,9.89829
83909090070,22.09,0.06923721142661506,-0.03728023282259888,0.0,-0.49050000000000005,0.28449,9.84924
83914140575,22.09,0.07456046564519776,-0.05646140130201656,0.0,-0.36297,0.31392000000000003,9.770760000000001
83919191080,22.09,0.08096582400001695,-0.06710790973918197,0.001064650843716541,-0.22563,0.47088,9.66285
83924241585,22.09,0.07670722062515077,-0.0756251164889143,0.001064650843716541,-0.02943,0.5886,9.751140000000001
83929292090,22.09,0.05859070298944965,-0.08841837990603273,0.001064650843716541,0.18639,0.50031,9.70209
83934342595,22.09,0.022375121010567305,-0.07883652231258387,-0.003193952531149623,0.38259000000000004,0.35316,9.65304
83939393100,22.09,0.00958185759344887,-0.05646140130201656,0.0,0.47088,0.10791,9.65304
83944443605,22.09,0.015987215948268057,-0.03089232776029963,0.0,0.46107000000000004,0.06867000000000001,9.66285
83949494110,22.09,0.02663372438543347,-0.008517206749732328,0.001064650843716541,0.49050000000000005,0.02943,9.83943
83954544615,22.09,0.05113814708343386,0.005323254218582705,-0.001064650843716541,0.44145,0.02943,9.82962
83959595120,22.09,0.06178465552059926,0.028763026072866547,-0.003193952531149623,0.41202000000000005,0.07848000000000001,9.81
83964645625,22.09,0.08309512568745003,0.04366813788489812,0.0,0.34335000000000004,0.11772,9.66285
83969696130,22.09,0.08628907821859966,0.07456046564519776,-0.006387905062299246,0.18639,0.21582,9.623610000000001
83974746635,22.09,0.09054768159346581,0.09480628496833199,-0.002129301687433082,0.0,0.31392000000000003,9.69228
83979797140,22.09,0.09161233243718235,0.09374163412461543,0.0,-0.18639,0.43164,9.80019
83984847645,22.09,0.08735372906231618,0.07349581480148122,-0.003193952531149623,-0.35316,0.48069000000000006,9.78057
83989898150,22.09,0.0756251164889143,0.05326744877086694,-0.001064650843716541,-0.41202000000000005,0.51012,9.79038
83994948655,22.09,0.07030186227033158,0.028763026072866547,-0.001064650843716541,-0.51012,0.51993,9.68247
83999999160,22.09,0.05965535383316618,0.004258603374866164,0.0,-0.52974,0.44145,9.7119
84005049665,22.09,0.04153883619746504,-0.021310470166850764,0.0,-0.46107000000000004,0.41202000000000005,9.67266
84010100170,22.09,0.02769837522915001,-0.039409534510031964,0.001064650843716541,-0.37278,0.31392000000000003,9.751140000000001
84015150675,22.09,0.020245819323134222,-0.05007349623971732,0.002129301687433082,-0.28449,0.21582,9.86886
84020201180,22.09,0.020245819323134222,-0.05752605214573309,-0.001064650843716541,-0.1962,0.14715,9.94734
84025251685,22.09,0.02769837522915001,-0.05965535383316618,0.0,-0.06867000000000001,0.14715,10.045440000000001
84030302190,22.09,0.044732788728614664,-0.05752605214573309,-0.001064650843716541,0.04905,0.13734000000000002,10.09449
84035352695,22.09,0.05859070298944965,-0.04794419455228423,0.0,0.11772,0.16677000000000003,9.97677
84040403200,22.09,0.06710790973918197,-0.028763026072866547,-0.001064650843716541,0.23544,0.22563,9.87867
84045453705,22.09,0.07243116395776468,0.0,0.0,0.27468000000000004,0.27468000000000004,9.78057
84050504210,22.09,0.06923721142661506,0.01918116847941768,-0.001064650843716541,0.24525000000000002,0.32373,9.74133
84055554715,22.09,0.06497860805174888,0.028763026072866547,-0.001064650843716541,0.17658,0.3924,9.770760000000001
84060605220,22.09,0.07349581480148122,0.028763026072866547,-0.001064650843716541,0.10791,0.42183,9.819809999999999
84065655725,22.09,0.07243116395776468,0.01918116847941768,0.0,0.05886,0.41202000000000005,9.83943
84070706230,22.09,0.07030186227033158,0.01064650843716541,0.0,0.039240000000000004,0.45126,9.770760000000001
84075756735,22.09,0.06497860805174888,0.006387905062299246,0.0,0.05886,0.41202000000000005,9.72171
84080807240,22.09,0.05539675045830002,0.003193952531149623,-0.001064650843716541,0.039240000000000004,0.3924,9.6138
84085857745,22.09,0.054332099614583476,0.002129301687433082,-0.003193952531149623,0.039240000000000004,0.41202000000000005,9.58437
84090908250,22.09,0.05007349623971732,0.015987215948268057,0.0,0.02943,0.35316,9.6138
84095958755,22.09,0.05007349623971732,0.03621558197888234,-0.003193952531149623,-0.06867000000000001,0.28449,9.66285
84101009260,22.09,0.05113814708343386,0.05646140130201656,-0.001064650843716541,-0.18639,0.25506,9.78057
84106059765,22.09,0.05539675045830002,0.05859070298944965,0.0,-0.33354000000000006,0.24525000000000002,9.83943
84111110270,22.09,0.05752605214573309,0.04366813788489812,-0.005323254218582705,-0.43164,0.28449,9.85905
84116160775,22.09,0.07030186227033158,0.01811651763570114,0.0,-0.49050000000000005,0.40221,9.819809999999999
84121211280,22.09,0.07456046564519776,-0.005323254218582705,0.0,-0.45126,0.49050000000000005,9.78057
84126261785,22.09,0.07030186227033158,-0.03728023282259888,-0.001064650843716541,-0.35316,0.57879,9.760950000000001
84131312290,22.09,0.05859070298944965,-0.07349581480148122,0.0,-0.17658,0.6867000000000001,9.72171
84136362795,22.09,0.03621558197888234,-0.11185815176031658,-0.001064650843716541,0.08829,0.6768900000000001,9.751140000000001
84141413300,22.09,0.0170518667919846,-0.12356931104119852,0.0,0.42183,0.52974,9.78057
84146463805,22.09,0.001064650843716541,-0.10225884087434776,0.0,0.64746,0.28449,9.770760000000001
84151514310,22.09,0.0,-0.046879543708567686,0.0,0.71613,0.039240000000000004,9.7119
84156564815,22.09,0.013840460968315033,0.01811651763570114,0.0,0.56898,0.009810000000000001,9.770760000000001
84161615320,22.09,0.04153883619746504,0.07243116395776468,-0.003193952531149623,0.44145,-0.039240000000000004,9.89829
84166665825,22.09,0.05965535383316618,0.12037535851004891,-0.002129301687433082,0.1962,0.05886,9.92772
84171716330,22.09,0.07990117315630041,0.14381513036433274,0.0,-0.06867000000000001,0.10791,9.81
84176766835,22.09,0.10759954838545042,0.14594443205176583,-0.002129301687433082,-0.41202000000000005,0.23544,9.80019
84181817340,22.09,0.11505210429146619,0.11824605682261582,-0.004258603374866164,-0.63765,0.35316,9.79038
84186867845,22.09,0.12676326357234816,0.05646140130201656,-0.002129301687433082,-0.80442,0.73575,9.86886
84191918350,22.09,0.1352804703220805,-0.0170518667919846,0.0,-0.71613,0.94176,10.006200000000002
84196968855,22.09,0.08628907821859966,-0.06817256058289851,0.0,-0.51993,1.03005,10.025820000000001
84202019360,22.09,0.04794419455228423,-0.10332349171806432,-0.001064650843716541,-0.22563,0.8142300000000001,9.59418
84207069865,22.09,0.024504422698000388,-0.11292280260403312,0.002129301687433082,-0.04905,0.6867000000000001,9.48627
84212120370,22.09,-0.011711159280881954,-0.09054768159346581,0.002129301687433082,0.14715,0.40221,9.52551
84217170875,22.09,-0.012775810124598492,-0.07243116395776468,-0.003193952531149623,0.27468000000000004,0.11772,9.633420000000001
84222221380,22.09,-0.008517206749732328,-0.0404741853537485,-0.002129301687433082,0.27468000000000004,0.07848000000000001,9.751140000000001
84227271885,22.09,0.021310470166850764,-0.00958185759344887,-0.001064650843716541,0.27468000000000004,0.0,9.95715
84232322390,22.09,0.04260348704118158,0.01064650843716541,0.0,0.28449,0.10791,9.98658
84237372895,22.09,0.07136651311404815,0.01064650843716541,-0.001064650843716541,0.27468000000000004,0.12753,9.81
84242423400,22.09,0.10438814256178083,0.00958185759344887,-0.001064650843716541,0.21582,0.5591700000000001,9.67266
84247473905,22.09,0.12250466019748199,0.0170518667919846,-0.003193952531149623,0.33354000000000006,0.64746,9.73152
84252524410,22.09,0.09374163412461543,0.05113814708343386,-0.002129301687433082,0.23544,0.74556,9.74133
84257574915,22.09,0.06710790973918197,0.08309512568745003,-0.003193952531149623,0.05886,0.59841,9.496080000000001
84262625420,22.09,0.05646140130201656,0.09161233243718235,-0.002129301687433082,-0.18639,0.50031,9.633420000000001
84267675925,22.09,0.03621558197888234,0.07456046564519776,0.0,-0.3924,0.46107000000000004,9.760950000000001
84272726430,22.09,0.04366813788489812,0.04366813788489812,-0.001064650843716541,-0.50031,0.38259000000000004,9.94734
84277776935,22.09,0.044732788728614664,0.006387905062299246,0.0,-0.5591700000000001,0.3924,9.95715
84282827440,22.09,0.05965535383316618,-0.033021629447732716,0.001064650843716541,-0.51012,0.48069000000000006,9.888480000000001
84287877945,22.09,0.05859070298944965,-0.06497860805174888,-0.001064650843716541,-0.2943,0.6180300000000001,9.85905
84292928450,22.09,0.05646140130201656,-0.09374163412461543,0.001064650843716541,-0.08829,0.6670800000000001,9.80019
84297978955,22.09,0.04153883619746504,-0.09480628496833199,-0.003193952531149623,0.13734000000000002,0.57879,9.751140000000001
84303029460,22.09,0.021310470166850764,-0.05752605214573309,0.0,0.33354000000000006,0.33354000000000006,9.68247
84308079965,22.09,0.023439771854283843,-0.01918116847941768,0.0,0.28449,0.22563,9.52551
84313130470,22.09,0.03408628029144926,0.0170518667919846,0.0,0.22563,0.20601000000000003,9.70209
84318180975,22.09,0.05539675045830002,0.02769837522915001,0.001064650843716541,0.13734000000000002,0.2943,9.91791
84323231480,22.09,0.06710790973918197,0.015987215948268057,-0.001064650843716541,0.0981,0.47088,9.87867
84328281985,22.09,0.08096582400001695,0.01064650843716541,-0.001064650843716541,0.16677000000000003,0.5886,9.82962
84333332490,22.09,0.08096582400001695,0.0170518667919846,0.001064650843716541,0.15696000000000002,0.6180300000000001,9.74133
84338382995,22.09,0.06604325889546543,0.023439771854283843,-0.006387905062299246,0.07848000000000001,0.6670800000000001,9.66285
84343433500,22.09,0.05646140130201656,0.049008845396000776,-0.003193952531149623,0.0,0.52974,9.751140000000001
84348484005,22.09,0.046879543708567686,0.054332099614583476,0.0,-0.18639,0.3924,9.74133
84353534510,22.09,0.04153883619746504,0.04260348704118158,0.0,-0.30411,0.37278,9.760950000000001
84358585015,22.09,0.044732788728614664,0.028763026072866547,-0.001064650843716541,-0.40221,0.36297,9.83943
84363635520,22.09,0.06497860805174888,0.004258603374866164,0.004258603374866164,-0.40221,0.49050000000000005,9.82962
84368686025,22.09,0.06710790973918197,-0.033021629447732716,0.0,-0.2943,0.72594,9.80019
84373736530,22.09,0.06817256058289851,-0.05965535383316618,0.0,-0.11772,0.8142300000000001,9.87867
84378787035,22.09,0.046879543708567686,-0.06604325889546543,0.0,0.02943,0.65727,9.79038
84383837540,22.09,0.02769837522915001,-0.05007349623971732,0.0,0.1962,0.46107000000000004,9.64323
84388888045,22.09,0.012775810124598492,-0.021310470166850764,-0.003193952531149623,0.1962,0.26487,9.66285
84393938550,22.09,0.01918116847941768,0.0,0.001064650843716541,0.0981,0.20601000000000003,9.65304
84398989055,22.09,0.03621558197888234,0.004258603374866164,0.0,0.06867000000000001,0.31392000000000003,9.70209
84404039560,22.09,0.06391395720803235,0.005323254218582705,-0.001064650843716541,0.14715,0.51012,9.83943
84409090065,22.09,0.07883652231258387,0.003193952531149623,0.0,0.16677000000000003,0.6670800000000001,9.85905
84414140570,22.09,0.07990117315630041,0.006387905062299246,-0.005323254218582705,0.1962,0.7651800000000001,9.751140000000001
84419191075,22.09,0.06923721142661506,0.023439771854283843,-0.003193952531149623,0.16677000000000003,0.63765,9.751140000000001
84424241580,22.09,0.04581489286485115,0.039409534510031964,0.0,0.019620000000000002,0.47088,9.65304
84429292085,22.09,0.03089232776029963,0.04794419455228423,-0.004258603374866164,-0.14715,0.35316,9.623610000000001
84434342590,22.09,0.03728023282259888,0.05007349623971732,0.0,-0.24525000000000002,0.32373,9.80019
84439393095,22.09,0.04581489286485115,0.02982767691658309,0.0,-0.33354000000000006,0.46107000000000004,9.83943
84444443600,22.09,0.06391395720803235,0.001064650843716541,-0.002129301687433082,-0.33354000000000006,0.64746,9.87867
84449494105,22.09,0.07990117315630041,-0.022375121010567305,-0.002129301687433082,-0.20601000000000003,0.80442,9.937529999999999
84454544610,22.09,0.06284930636431581,-0.04581489286485115,-0.002129301687433082,-0.10791,0.80442,9.81
84459595115,22.09,0.03834488366631542,-0.05752605214573309,-0.002129301687433082,0.02943,0.65727,9.70209
84464645620,22.09,0.012775810124598492,-0.03728023282259888,0.0,0.13734000000000002,0.41202000000000005,9.69228
84469696125,22.09,0.00958185759344887,-0.02982767691658309,0.001064650843716541,0.10791,0.31392000000000003,9.633420000000001
84474746630,22.09,0.021310470166850764,-0.01918116847941768,0.002129301687433082,0.15696000000000002,0.33354000000000006,9.82962
84479797135,22.09,0.04794419455228423,-0.003193952531149623,0.001064650843716541,0.18639,0.36297,9.94734
84484847640,22.09,0.07136651311404815,0.004258603374866164,0.002129301687433082,0.20601000000000003,0.47088,9.819809999999999
84489898145,22.09,0.0756251164889143,0.0170518667919846,-0.003193952531149623,0.16677000000000003,0.60822,9.72171
84494948650,22.09,0.08096582400001695,0.03728023282259888,-0.001064650843716541,0.10791,0.6278400000000001,9.70209
84499999155,22.09,0.06497860805174888,0.044732788728614664,-0.003193952531149623,0.02943,0.64746,9.58437
84505049660,22.09,0.05220279792715039,0.0404741853537485,-0.002129301687433082,-0.07848000000000001,0.65727,9.633420000000001
84510100165,22.09,0.05220279792715039,0.03621558197888234,0.0,-0.1962,0.63765,9.73152
84515150670,22.09,0.05113814708343386,0.02769837522915001,-0.001064650843716541,-0.23544,0.6180300000000001,9.7119
84520201175,22.09,0.04794419455228423,0.0170518667919846,-0.004258603374866164,-0.24525000000000002,0.63765,9.72171
84525251680,22.09,0.046879543708567686,0.003193952531149623,0.0,-0.30411,0.56898,9.80019
84530302185,22.09,0.03621558197888234,-0.022375121010567305,0.0,-0.27468000000000004,0.5886,9.69228
84535352690,22.09,0.02982767691658309,-0.049008845396000776,0.0,-0.11772,0.65727,9.68247
84540403195,22.09,0.033021629447732716,-0.05646140130201656,0.0,0.05886,0.69651,9.82962
84545453700,22.09,0.028763026072866547,-0.05220279792715039,0.0,0.12753,0.57879,9.888480000000001
84550504205,22.09,0.02663372438543347,-0.03834488366631542,0.0,0.21582,0.44145,9.81
84555554710,22.09,0.028763026072866547,-0.011711159280881954,0.002129301687433082,0.1962,0.33354000000000006,9.83943
84560605215,22.09,0.039409534510031964,0.007452555906015787,-0.002129301687433082,0.14715,0.32373,9.7119
84565655720,22.09,0.04794419455228423,0.0170518667919846,-0.001064650843716541,0.12753,0.44145,9.633420000000001
84570706225,22.09,0.06284930636431581,0.02982767691658309,0.0,0.14715,0.6180300000000001,9.79038
84575756730,22.09,0.07030186227033158,0.03089232776029963,-0.002129301687433082,0.07848000000000001,0.7749900000000001,9.81
84580807235,22.09,0.07349581480148122,0.023439771854283843,0.001064650843716541,0.039240000000000004,0.8142300000000001,9.84924
84585857740,22.09,0.06178465552059926,0.03089232776029963,-0.001064650843716541,-0.02943,0.69651,9.82962
84590908245,22.09,0.04794419455228423,0.028763026072866547,-0.002129301687433082,-0.13734000000000002,0.5886,9.633420000000001
84595958750,22.09,0.039409534510031964,0.020245819323134222,-0.001064650843716541,-0.18639,0.57879,9.59418
84601009255,22.09,0.03408628029144926,0.013840460968315033,0.0,-0.1962,0.60822,9.64323
84606059760,22.09,0.04153883619746504,-0.005323254218582705,0.001064650843716541,-0.21582,0.69651,9.68247
84611110265,22.09,0.046879543708567686,-0.020245819323134222,0.0,-0.13734000000000002,0.80442,9.72171
84616160770,22.09,0.04794419455228423,-0.028763026072866547,0.0,-0.009810000000000001,0.79461,9.80019
84621211275,22.09,0.031956978604016174,-0.02769837522915001,0.0,0.02943,0.6278400000000001,9.74133
84626261780,22.09,0.01811651763570114,-0.023439771854283843,0.002129301687433082,0.04905,0.49050000000000005,9.74133
84631312285,22.09,0.020245819323134222,-0.01064650843716541,0.0,0.02943,0.35316,9.79038
84636362790,22.09,0.020245819323134222,-0.005323254218582705,0.0,0.04905,0.40221,9.770760000000001
84641413295,22.09,0.0404741853537485,0.0,-0.001064650843716541,0.02943,0.5395500000000001,9.85905
84646463800,22.09,0.06497860805174888,0.01064650843716541,0.001064650843716541,0.08829,0.63765,9.91791
84651514305,22.09,0.07136651311404815,0.01064650843716541,0.002129301687433082,0.05886,0.74556,9.770760000000001
84656564810,22.09,0.060720004676882725,0.005323254218582705,-0.001064650843716541,0.05886,0.79461,9.73152
84661615315,22.09,0.04794419455228423,0.007452555906015787,-0.001064650843716541,0.07848000000000001,0.7651800000000001,9.70209
84666665820,22.09,0.03408628029144926,0.004258603374866164,-0.002129301687433082,0.02943,0.6670800000000001,9.67266
84671716325,22.09,0.028763026072866547,0.00958185759344887,0.0,-0.039240000000000004,0.57879,9.770760000000001
84676766830,22.09,0.03089232776029963,0.01064650843716541,0.0,-0.06867000000000001,0.51012,9.760950000000001
84681817335,22.09,0.039409534510031964,0.005323254218582705,0.001064650843716541,-0.0981,0.52974,9.72171
84686867840,22.09,0.05007349623971732,0.002129301687433082,-0.003193952531149623,-0.06867000000000001,0.65727,9.7119
84691918345,22.09,0.054332099614583476,0.0,0.0,-0.05886,0.7749900000000001,9.70209
84696968850,22.09,0.049008845396000776,-0.001064650843716541,-0.002129301687433082,-0.06867000000000001,0.8142300000000001,9.67266
84702019355,22.09,0.0404741853537485,-0.002129301687433082,-0.003193952531149623,-0.009810000000000001,0.79461,9.72171
84707069860,22.09,0.031956978604016174,0.003193952531149623,0.0,0.0,0.6670800000000001,9.64323
84712120365,22.09,0.022375121010567305,-0.004258603374866164,0.0,-0.039240000000000004,0.6180300000000001,9.64323
84717170870,22.09,0.028763026072866547,-0.013840460968315033,-0.001064650843716541,0.0,0.63765,9.7119
84722221375,22.09,0.033021629447732716,-0.011711159280881954,0.0,0.05886,0.6768900000000001,9.74133
84727271880,22.09,0.03089232776029963,-0.011711159280881954,0.001064650843716541,0.04905,0.6278400000000001,9.70209
84732322385,22.09,0.028763026072866547,-0.008517206749732328,0.0,0.04905,0.63765,9.751140000000001
84737372890,22.09,0.039409534510031964,-0.008517206749732328,0.001064650843716541,0.12753,0.65727,9.770760000000001
84742423395,22.09,0.031956978604016174,-0.003193952531149623,-0.001064650843716541,0.0981,0.6180300000000001,9.80019
84747473900,22.09,0.028763026072866547,0.005323254218582705,-0.003193952531149623,0.08829,0.60822,9.85905
84752524405,22.09,0.03515093113516579,0.012775810124598492,0.0,0.009810000000000001,0.5591700000000001,9.89829
84757574910,22.09,0.04260348704118158,0.020245819323134222,-0.001064650843716541,-0.02943,0.52974,9.85905
84762625415,22.09,0.05326744877086694,0.01918116847941768,0.0,-0.08829,0.6278400000000001,9.81
84767675920,22.09,0.04794419455228423,0.0170518667919846,-0.001064650843716541,-0.0981,0.70632,9.751140000000001
84772726425,22.09,0.046879543708567686,-0.002129301687433082,-0.001064650843716541,-0.08829,0.8142300000000001,9.73152
84777776930,22.09,0.046879543708567686,-0.006387905062299246,0.0,0.0,0.8829,9.73152
84782827435,22.09,0.0404741853537485,0.002129301687433082,0.0,0.009810000000000001,0.80442,9.68247
84787877940,22.09,0.02663372438543347,0.0,-0.001064650843716541,-0.02943,0.70632,9.66285
84792928445,22.09,0.020245819323134222,-0.01811651763570114,0.0,0.0,0.5886,9.72171
84797978950,22.09,0.0170518667919846,-0.01811651763570114,-0.002129301687433082,0.009810000000000001,0.5591700000000001,9.70209
84803029455,22.09,0.023439771854283843,-0.007452555906015787,-0.002129301687433082,0.039240000000000004,0.59841,9.65304
84808079960,22.09,0.03834488366631542,0.005323254218582705,0.0,0.06867000000000001,0.65727,9.751140000000001
84813130465,22.09,0.04260348704118158,0.002129301687433082,-0.002129301687433082,0.06867000000000001,0.72594,9.69228
84818180970,22.09,0.04581489286485115,-0.002129301687433082,0.0,0.10791,0.80442,9.66285
84823231475,22.09,0.04581489286485115,-0.005323254218582705,-0.002129301687433082,0.07848000000000001,0.87309,9.6138
84828281980,22.09,0.03515093113516579,0.004258603374866164,0.0,0.12753,0.7848,9.623610000000001
84833332485,22.09,0.020245819323134222,0.01064650843716541,0.0,0.05886,0.64746,9.64323
84838382990,22.09,0.01918116847941768,0.02556907354171693,0.0,-0.06867000000000001,0.60822,9.633420000000001
84843433495,22.09,0.02663372438543347,0.021310470166850764,0.0,-0.10791,0.6180300000000001,9.65304
84848484000,22.09,0.02769837522915001,0.005323254218582705,-0.003193952531149623,-0.12753,0.73575,9.74133
84853534505,22.09,0.02982767691658309,-0.006387905062299246,-0.001064650843716541,-0.07848000000000001,0.75537,9.83943
84858585010,22.09,0.03089232776029963,-0.011711159280881954,-0.001064650843716541,-0.019620000000000002,0.7651800000000001,9.82962
84863635515,22.09,0.031956978604016174,-0.004258603374866164,0.0,-0.04905,0.72594,9.79038
84868686020,22.09,0.022375121010567305,-0.003193952531149623,0.0,-0.039240000000000004,0.6670800000000001,9.84924
84873736525,22.09,0.0170518667919846,-0.011711159280881954,0.0,-0.019620000000000002,0.60822,9.85905
84878787030,22.09,0.01811651763570114,-0.01811651763570114,0.0,0.02943,0.60822,9.819809999999999
84883837535,22.09,0.024504422698000388,-0.022375121010567305,0.0,0.06867000000000001,0.65727,9.85905
84888888040,22.09,0.03515093113516579,-0.015987215948268057,0.0,0.15696000000000002,0.75537,9.79038
84893938545,22.09,0.0404741853537485,-0.002129301687433082,-0.001064650843716541,0.1962,0.79461,9.80019
84898989050,22.09,0.03515093113516579,0.005323254218582705,0.0,0.17658,0.74556,9.770760000000001
84904039555,22.09,0.02556907354171693,0.01064650843716541,-0.001064650843716541,0.12753,0.65727,9.67266
84909090060,22.09,0.021310470166850764,0.006387905062299246,-0.001064650843716541,0.07848000000000001,0.6278400000000001,9.67266
84914140565,22.09,0.024504422698000388,0.013840460968315033,-0.002129301687433082,0.06867000000000001,0.6867000000000001,9.760950000000001
84919191070,22.09,0.03834488366631542,0.024504422698000388,0.0,0.0,0.72594,9.79038
84924241575,22.09,0.046879543708567686,0.008517206749732328,0.0,0.009810000000000001,0.8142300000000001,9.72171
84929292080,22.09,0.0404741853537485,-0.008517206749732328,0.0,0.06867000000000001,0.86328,9.64323
84934342585,22.09,0.028763026072866547,-0.007452555906015787,0.0,0.08829,0.7848,9.54513
84939393090,22.09,0.023439771854283843,0.004258603374866164,0.0,0.06867000000000001,0.7749900000000001,9.496080000000001
84944443595,22.09,0.021310470166850764,0.02556907354171693,0.0,0.0,0.73575,9.58437
84949494100,22.09,0.0170518667919846,0.01918116847941768,0.0,-0.06867000000000001,0.71613,9.68247
84954544605,22.09,0.011711159280881954,0.005323254218582705,0.0,-0.12753,0.63765,9.79038
84959595110,22.09,0.023439771854283843,-0.004258603374866164,0.0,-0.08829,0.65727,9.74133
84964645615,22.09,0.033021629447732716,-0.007452555906015787,0.0,-0.07848000000000001,0.7651800000000001,9.66285
84969696120,22.09,0.03408628029144926,-0.005323254218582705,0.0,-0.019620000000000002,0.84366,9.66285
84974746625,22.09,0.033021629447732716,-0.002129301687433082,0.0,0.0,0.8829,9.7119
84979797130,22.09,0.0170518667919846,-0.004258603374866164,0.0,0.0,0.79461,9.633420000000001
84984847635,22.09,0.008517206749732328,-0.01918116847941768,0.0,0.019620000000000002,0.75537,9.633420000000001
84989898140,22.09,0.005323254218582705,-0.01811651763570114,0.0,0.07848000000000001,0.6867000000000001,9.72171
84994948645,22.09,0.002129301687433082,-0.008517206749732328,0.0,0.07848000000000001,0.6867000000000001,9.78057
84999999150,22.09,0.01811651763570114,-0.001064650843716541,0.0,0.0981,0.6670800000000001,9.908100000000001
85005049655,22.09,0.021310470166850764,-0.003193952531149623,0.0,0.0981,0.60822,9.96696
85010100160,22.09,0.01918116847941768,-0.011711159280881954,0.0,0.08829,0.57879,9.82962
85015150665,22.09,0.01811651763570114,-0.01064650843716541,0.0,0.12753,0.63765,9.770760000000001
85020201170,22.09,0.024504422698000388,0.006387905062299246,0.0,0.0981,0.72594,9.80019
85025251675,22.09,0.03621558197888234,0.0170518667919846,0.0,0.0981,0.8240400000000001,9.819809999999999
85030302180,22.09,0.03728023282259888,0.024504422698000388,0.0,0.05886,0.8142300000000001,9.91791
85035352685,22.09,0.03515093113516579,0.01811651763570114,0.0,0.0,0.71613,9.87867
85040403190,22.09,0.02663372438543347,0.007452555906015787,0.0,-0.019620000000000002,0.64746,9.67266
85045453695,22.09,0.023439771854283843,0.007452555906015787,0.0,-0.06867000000000001,0.69651,9.623610000000001
85050504200,22.09,0.024504422698000388,0.014905111812031574,0.0,-0.10791,0.7651800000000001,9.64323
85055554705,22.09,0.028763026072866547,0.01064650843716541,0.0,-0.07848000000000001,0.87309,9.7119
85060605210,22.09,0.02982767691658309,-0.005323254218582705,0.0,-0.009810000000000001,0.89271,9.751140000000001
85065655715,22.09,0.02769837522915001,-0.020245819323134222,0.0,0.009810000000000001,0.9221400000000001,9.73152
85070706220,22.09,0.020245819323134222,-0.023439771854283843,0.0,0.06867000000000001,0.79461,9.59418
85075756725,22.09,0.007452555906015787,-0.014905111812031574,0.0,0.08829,0.6768900000000001,9.58437
85080807230,22.09,0.002129301687433082,-0.002129301687433082,0.0,0.05886,0.65727,9.53532
85085857735,22.09,0.007452555906015787,0.0,0.0,0.04905,0.65727,9.59418
85090908240,22.09,0.01811651763570114,-0.003193952531149623,0.0,0.06867000000000001,0.75537,9.68247
85095958745,22.09,0.02663372438543347,0.0,0.0,0.07848000000000001,0.85347,9.70209
85101009250,22.09,0.028763026072866547,0.001064650843716541,0.0,0.07848000000000001,0.89271,9.623610000000001
85106059755,22.09,0.02769837522915001,0.0,0.0,0.10791,0.9221400000000001,9.633420000000001
85111110260,22.09,0.014905111812031574,0.01064650843716541,0.0,0.08829,0.74556,9.65304
85116160765,22.09,-0.002129301687433082,0.0170518667919846,0.0,0.0,0.6278400000000001,9.58437
85121211270,22.09,-0.002129301687433082,0.012775810124598492,0.0,-0.0981,0.6180300000000001,9.72171
85126261775,22.09,0.01064650843716541,0.0,0.0,-0.10791,0.6867000000000001,9.84924
85131312280,22.09,0.01811651763570114,-0.012775810124598492,0.0,-0.039240000000000004,0.84366,9.86886
85136362785,22.09,0.031956978604016174,-0.02982767691658309,0.0,0.02943,1.00062,9.91791
85141413290,22.09,0.03089232776029963,-0.024504422698000388,0.0,0.20601000000000003,0.8829,9.80019
85146463795,22.09,0.00958185759344887,-0.005323254218582705,0.0,0.1962,0.65727,9.633420000000001
85151514300,22.09,-0.01064650843716541,0.012775810124598492,0.0,0.07848000000000001,0.51993,9.60399
85156564805,22.09,-0.008517206749732328,0.01811651763570114,0.0,-0.039240000000000004,0.5493600000000001,9.760950000000001
85161615310,22.09,0.006387905062299246,0.005323254218582705,0.0,-0.019620000000000002,0.6768900000000001,9.937529999999999
85166665815,22.09,0.028763026072866547,-0.020245819323134222,0.0,0.039240000000000004,0.87309,10.074869999999999
85171716320,22.09,0.03728023282259888,-0.021310470166850764,0.0,0.20601000000000003,0.9221400000000001,9.97677
85176766825,22.09,0.04153883619746504,-0.003193952531149623,0.0,0.18639,0.85347,9.67266
85181817330,22.09,0.022375121010567305,0.020245819323134222,0.0,0.10791,0.71613,9.52551
85186867835,22.09,0.006387905062299246,0.03728023282259888,0.0,0.0,0.70632,9.4176
85191918340,22.09,0.002129301687433082,0.02769837522915001,0.0,-0.06867000000000001,0.79461,9.55494
85196968845,22.09,0.004258603374866164,0.011711159280881954,0.0,-0.06867000000000001,0.85347,9.819809999999999
85202019350,22.09,0.0170518667919846,-0.002129301687433082,0.0,-0.05886,0.90252,9.91791
85207069855,22.09,0.0170518667919846,-0.01811651763570114,0.0,-0.019620000000000002,0.8338500000000001,9.87867
85212120360,22.09,0.01811651763570114,-0.02769837522915001,0.0,0.04905,0.7651800000000001,9.79038
85217170865,22.09,0.002129301687433082,-0.02982767691658309,0.0,0.08829,0.71613,9.633420000000001
85222221370,22.09,-0.006387905062299246,-0.023439771854283843,0.0,0.14715,0.6867000000000001,9.52551
85227271875,22.09,-0.004258603374866164,-0.004258603374866164,0.0,0.20601000000000003,0.73575,9.64323
85232322380,22.09,0.007452555906015787,0.014905111812031574,0.0,0.1962,0.7848,9.74133
85237372885,22.09,0.01811651763570114,0.023439771854283843,0.0,0.0981,0.8142300000000001,9.79038
85242423390,22.09,0.021310470166850764,0.021310470166850764,0.0,0.02943,0.8338500000000001,9.84924
85247473895,22.09,0.014905111812031574,0.013840460968315033,0.0,0.0,0.74556,9.770760000000001
85252524400,22.09,0.006387905062299246,0.003193952531149623,0.0,-0.019620000000000002,0.6670800000000001,9.751140000000001
85257574905,22.09,-0.001064650843716541,0.0,0.0,-0.019620000000000002,0.69651,9.74133
85262625410,22.09,0.01064650843716541,-0.001064650843716541,0.0,-0.019620000000000002,0.7749900000000001,9.79038
85267675915,22.09,0.01918116847941768,-0.004258603374866164,0.0,0.02943,0.8829,9.83943
85272726420,22.09,0.022375121010567305,-0.01064650843716541,0.0,0.04905,0.90252,9.84924
85277776925,22.09,0.0170518667919846,-0.01064650843716541,0.0,0.11772,0.8338500000000001,9.7119
85282827430,22.09,0.006387905062299246,-0.011711159280881954,0.0,0.12753,0.74556,9.53532
85287877935,22.09,-0.005323254218582705,-0.004258603374866164,0.0,0.11772,0.74556,9.57456
85292928440,22.09,-0.003193952531149623,0.001064650843716541,0.0,0.0981,0.7848,9.60399
85297978945,22.09,0.004258603374866164,0.001064650843716541,0.0,0.14715,0.8142300000000001,9.70209
85303029450,22.09,0.01064650843716541,0.005323254218582705,0.0,0.08829,0.7848,9.81
85308079955,22.09,0.011711159280881954,0.013840460968315033,0.0,0.04905,0.73575,9.760950000000001
85313130460,22.09,0.00958185759344887,0.01811651763570114,0.0,0.009810000000000001,0.69651,9.69228
85318180965,22.09,0.004258603374866164,0.015987215948268057,0.0,-0.04905,0.71613,9.70209
85323231470,22.09,0.005323254218582705,0.003193952531149623,0.0,-0.07848000000000001,0.79461,9.68247
85328281975,22.09,0.005323254218582705,-0.01811651763570114,0.0,-0.019620000000000002,0.9123300000000001,9.79038
85333332480,22.09,0.007452555906015787,-0.021310470166850764,0.0,0.07848000000000001,0.89271,9.888480000000001
85338382985,22.09,0.00958185759344887,-0.015987215948268057,0.0,0.0981,0.8240400000000001,9.81
85343433490,22.09,0.0,-0.007452555906015787,0.0,0.14715,0.71613,9.70209
85348483995,22.09,-0.002129301687433082,-0.01064650843716541,0.0,0.12753,0.6867000000000001,9.60399
85353534500,22.09,-0.005323254218582705,-0.011711159280881954,0.0,0.16677000000000003,0.73575,9.58437
85358585005,22.09,0.0,-0.005323254218582705,0.0,0.17658,0.80442,9.67266
85363635510,22.09,0.008517206749732328,0.001064650843716541,0.0,0.21582,0.87309,9.74133
85368686015,22.09,0.01064650843716541,0.014905111812031574,0.0,0.17658,0.87309,9.760950000000001
85373736520,22.09,0.014905111812031574,0.023439771854283843,0.0,0.12753,0.7651800000000001,9.760950000000001
85378787025,22.09,0.006387905062299246,0.023439771854283843,0.0,0.039240000000000004,0.65727,9.69228
85383837530,22.09,0.0,0.021310470166850764,0.0,-0.05886,0.70632,9.59418
85388888035,22.09,0.0,0.01064650843716541,0.0,-0.07848000000000001,0.79461,9.623610000000001
85393938540,22.09,0.002129301687433082,-0.001064650843716541,0.0,-0.06867000000000001,0.9319500000000001,9.74133
85398989045,22.09,0.008517206749732328,-0.023439771854283843,0.0,0.019620000000000002,1.03005,9.80019
85404039550,22.09,0.005323254218582705,-0.03515093113516579,0.0,0.11772,0.9711900000000001,9.85905
85409090055,22.09,-0.00958185759344887,-0.024504422698000388,0.0,0.20601000000000003,0.73575,9.770760000000001
85414140560,22.09,-0.02556907354171693,-0.002129301687433082,0.0,0.11772,0.51993,9.66285
85419191065,22.09,-0.02556907354171693,0.013840460968315033,0.0,0.009810000000000001,0.42183,9.69228
85424241570,22.09,-0.00958185759344887,0.020245819323134222,0.0,-0.02943,0.52974,9.82962
85429292075,22.09,0.008517206749732328,0.003193952531149623,0.0,0.0,0.7848,9.89829
85434342580,22.09,0.033021629447732716,-0.020245819323134222,0.0,0.0981,1.04967,9.937529999999999
85439393085,22.09,0.03515093113516579,-0.021310470166850764,0.0,0.23544,1.1183400000000001,9.908100000000001
85444443590,22.09,0.015987215948268057,-0.011711159280881954,0.0,0.30411,0.9123300000000001,9.68247
85449494095,22.09,-0.014905111812031574,0.006387905062299246,0.0,0.18639,0.6670800000000001,9.59418
85454544600,22.09,-0.02769837522915001,0.02769837522915001,0.0,0.05886,0.44145,9.55494
85459595105,22.09,-0.01918116847941768,0.03515093113516579,0.0,-0.039240000000000004,0.48069000000000006,9.64323
85464645610,22.09,0.002129301687433082,0.022375121010567305,0.0,-0.12753,0.73575,9.85905
85469696115,22.09,0.03408628029144926,0.008517206749732328,0.0,-0.0981,1.00062,9.87867
85474746620,22.09,0.039409534510031964,-0.013840460968315033,0.0,0.05886,1.1281500000000002,9.78057
85479797125,22.09,0.01811651763570114,-0.03515093113516579,0.0,0.17658,1.0987200000000001,9.64323
85484847630,22.09,-0.012775810124598492,-0.03728023282259888,0.0,0.21582,0.87309,9.48627
85489898135,22.09,-0.039409534510031964,-0.01811651763570114,0.0,0.20601000000000003,0.64746,9.496080000000001
85494948640,22.09,-0.03834488366631542,0.001064650843716541,0.0,0.13734000000000002,0.52974,9.6138
85499999145,22.09,-0.028763026072866547,0.02663372438543347,0.0,0.06867000000000001,0.51012,9.819809999999999
85505049650,22.09,0.001064650843716541,0.028763026072866547,0.0,-0.019620000000000002,0.60822,9.86886
85510100155,22.09,0.024504422698000388,0.01811651763570114,0.0,-0.04905,0.8338500000000001,9.87867
85515150660,22.09,0.02982767691658309,0.002129301687433082,0.0,0.0,0.9613800000000001,9.83943
85520201165,22.09,0.011711159280881954,-0.0170518667919846,0.0,0.08829,1.08891,9.74133
85525251670,22.09,-0.005323254218582705,-0.02663372438543347,0.0,0.14715,0.9613800000000001,9.78057
85530302175,22.09,-0.02663372438543347,-0.028763026072866547,0.0,0.22563,0.7749900000000001,9.819809999999999
85535352680,22.09,-0.03728023282259888,-0.03089232776029963,0.0,0.22563,0.63765,9.84924
85540403185,22.09,-0.022375121010567305,-0.024504422698000388,0.0,0.24525000000000002,0.50031,9.85905
85545453690,22.09,-0.005323254218582705,0.001064650843716541,0.0,0.24525000000000002,0.47088,9.770760000000001
85550504195,22.09,0.006387905062299246,0.031956978604016174,0.0,0.15696000000000002,0.5591700000000001,9.7119
85555554700,22.09,0.021310470166850764,0.054332099614583476,0.0,0.04905,0.71613,9.73152
85560605205,22.09,0.028763026072866547,0.05646140130201656,0.0,-0.05886,0.8829,9.72171
85565655710,22.09,0.02663372438543347,0.03621558197888234,0.0,-0.0981,1.03986,9.74133
85570706215,22.09,0.01811651763570114,-0.001064650843716541,0.0,-0.12753,1.15758,9.751140000000001
85575756720,22.09,0.005323254218582705,-0.031956978604016174,0.0,0.019620000000000002,1.1183400000000001,9.623610000000001
85580807225,22.09,-0.00958185759344887,-0.05326744877086694,0.0,0.18639,1.01043,9.50589
85585857730,22.09,-0.03089232776029963,-0.05220279792715039,0.0,0.34335000000000004,0.8240400000000001,9.42741
85590908235,22.09,-0.044732788728614664,-0.03408628029144926,0.0,0.35316,0.64746,9.29007
85595958740,22.09,-0.04581489286485115,-0.002129301687433082,0.0,0.32373,0.5493600000000001,9.358740000000001
85601009245,22.09,-0.033021629447732716,0.023439771854283843,0.0,0.20601000000000003,0.5591700000000001,9.633420000000001
85606059750,22.09,-0.013840460968315033,0.031956978604016174,0.0,0.12753,0.63765,9.87867
85611110255,22.09,0.004258603374866164,0.031956978604016174,0.0,0.039240000000000004,0.72594,9.96696
85616160760,22.09,0.014905111812031574,0.039409534510031964,0.0,-0.02943,0.73575,9.94734
85621211265,22.09,0.0170518667919846,0.0404741853537485,0.0,-0.12753,0.8142300000000001,9.78057
85626261770,22.09,0.012775810124598492,0.03515093113516579,0.0,-0.20601000000000003,0.87309,9.68247
85631312275,22.09,-0.004258603374866164,0.013840460968315033,0.0,-0.22563,0.9319500000000001,9.67266
85636362780,22.09,-0.013840460968315033,-0.01811651763570114,0.0,-0.16677000000000003,1.03005,9.7119
85641413285,22.09,-0.024504422698000388,-0.05965535383316618,0.0,0.0,1.04967,9.87867
85646463790,22.09,-0.04153883619746504,-0.08948303074974927,0.0,0.17658,0.95157,9.97677
85651514295,22.09,-0.05539675045830002,-0.09374163412461543,0.0,0.44145,0.63765,10.01601
85656564800,22.09,-0.06284930636431581,-0.0852244273748831,0.0,0.51993,0.3924,9.85905
85661615305,22.09,-0.054332099614583476,-0.054332099614583476,0.0,0.60822,0.27468000000000004,9.85905
85666665810,22.09,-0.03515093113516579,-0.012775810124598492,0.0,0.60822,0.22563,9.84924
85671716315,22.09,0.005323254218582705,0.03089232776029963,0.0,0.52974,0.37278,9.770760000000001
85676766820,22.09,0.04260348704118158,0.06178465552059926,0.0,0.45126,0.70632,9.760950000000001
85681817325,22.09,0.06710790973918197,0.09906488834319814,0.0,0.30411,1.02024,9.79038
85686867830,22.09,0.06391395720803235,0.12356931104119852,0.0,0.019620000000000002,1.06929,9.72171
85691918335,22.09,0.0404741853537485,0.1278279144160647,0.0,-0.22563,1.06929,9.6138
85696968840,22.09,0.014905111812031574,0.10866419922916695,0.0,-0.49050000000000005,0.9810000000000001,9.44703
85702019345,22.09,-0.014905111812031574,0.07777187146886733,0.0,-0.65727,0.9221400000000001,9.53532
85707069850,22.09,-0.020245819323134222,0.02769837522915001,0.0,-0.74556,0.9221400000000001,9.56475
85712120355,22.09,-0.01811651763570114,-0.03408628029144926,0.0,-0.6768900000000001,0.95157,9.69228
85717170860,22.09,-0.024504422698000388,-0.08415977653116657,0.0,-0.49050000000000005,1.00062,9.74133
85722221365,22.09,-0.04260348704118158,-0.12676326357234816,0.0,-0.16677000000000003,0.9123300000000001,9.770760000000001
85727271870,22.09,-0.06178465552059926,-0.14381513036433274,0.0,0.12753,0.72594,9.64323
85732322375,22.09,-0.0756251164889143,-0.13634512116579703,0.0,0.42183,0.6278400000000001,9.65304
85737372880,22.09,-0.07030186227033158,-0.09267698328089889,0.0,0.6768900000000001,0.52974,9.7119
85742423385,22.09,-0.05007349623971732,-0.05220279792715039,0.0,0.80442,0.46107000000000004,9.73152
85747473890,22.09,-0.02769837522915001,-0.014905111812031574,0.0,0.8142300000000001,0.51012,9.80019
85752524395,22.09,-0.001064650843716541,0.022375121010567305,0.0,0.74556,0.48069000000000006,9.751140000000001
85757574900,22.09,0.00958185759344887,0.06391395720803235,0.0,0.56898,0.5493600000000001,9.80019
85762625405,22.09,0.015987215948268057,0.08735372906231618,0.0,0.36297,0.6768900000000001,9.78057
85767675910,22.09,0.022375121010567305,0.09054768159346581,0.0,0.14715,0.8142300000000001,9.92772
85772726415,22.09,0.01811651763570114,0.08203047484373349,0.0,-0.07848000000000001,0.8829,9.99639
85777776920,22.09,0.01811651763570114,0.07030186227033158,0.0,-0.18639,0.90252,10.006200000000002
85782827425,22.09,0.014905111812031574,0.04581489286485115,0.0,-0.2943,0.87309,9.84924
85787877930,22.09,0.005323254218582705,0.024504422698000388,0.0,-0.37278,0.86328,9.70209
85792928435,22.09,-0.004258603374866164,0.001064650843716541,0.0,-0.34335000000000004,0.89271,9.60399
85797978940,22.09,-0.023439771854283843,-0.015987215948268057,0.0,-0.2943,0.90252,9.59418
85803029445,22.09,-0.03515093113516579,-0.03834488366631542,0.0,-0.20601000000000003,0.80442,9.70209
85808079950,22.09,-0.044732788728614664,-0.05113814708343386,0.0,-0.08829,0.75537,9.79038
85813130455,22.09,-0.05113814708343386,-0.060720004676882725,0.0,0.019620000000000002,0.60822,9.89829
85818180960,22.09,-0.04794419455228423,-0.06604325889546543,0.0,0.10791,0.5493600000000001,9.91791
85823231465,22.09,-0.02769837522915001,-0.05539675045830002,0.0,0.21582,0.51993,9.89829
85828281970,22.09,-0.012775810124598492,-0.03834488366631542,0.0,0.36297,0.5395500000000001,9.78057
85833332475,22.09,0.0,-0.007452555906015787,0.0,0.42183,0.6670800000000001,9.56475
85838382980,22.09,0.007452555906015787,0.024504422698000388,0.0,0.40221,0.8142300000000001,9.46665
85843433485,22.09,0.01064650843716541,0.05007349623971732,0.0,0.31392000000000003,0.9319500000000001,9.5157
85848483990,22.09,0.001064650843716541,0.06497860805174888,0.0,0.17658,0.9221400000000001,9.55494
85853534495,22.09,-0.008517206749732328,0.06604325889546543,0.0,-0.019620000000000002,0.79461,9.59418
85858585000,22.09,-0.01811651763570114,0.05752605214573309,0.0,-0.20601000000000003,0.71613,9.66285
85863635505,22.09,-0.01811651763570114,0.03728023282259888,0.0,-0.30411,0.73575,9.67266
85868686010,22.09,-0.006387905062299246,0.013840460968315033,0.0,-0.31392000000000003,0.85347,9.633420000000001
85873736515,22.09,-0.005323254218582705,-0.007452555906015787,0.0,-0.23544,0.9319500000000001,9.56475
85878787020,22.09,-0.014905111812031574,-0.022375121010567305,0.0,-0.18639,1.02024,9.5157
85883837525,22.09,-0.03089232776029963,-0.0404741853537485,0.0,-0.06867000000000001,1.02024,9.496080000000001
85888888030,22.09,-0.05220279792715039,-0.05007349623971732,0.0,0.05886,0.8829,9.6138
85893938535,22.09,-0.06604325889546543,-0.05965535383316618,0.0,0.14715,0.74556,9.64323
85898989040,22.09,-0.07456046564519776,-0.07456046564519776,0.0,0.26487,0.6180300000000001,9.79038
85904039545,22.09,-0.06923721142661506,-0.09374163412461543,0.0,0.46107000000000004,0.60822,9.91791
85909090050,22.09,-0.06391395720803235,-0.09374163412461543,0.0,0.72594,0.5886,9.91791
85914140555,22.09,-0.04581489286485115,-0.06710790973918197,0.0,0.87309,0.5395500000000001,9.91791
85919191060,22.09,-0.02982767691658309,-0.024504422698000388,0.0,0.94176,0.45126,9.78057
85924241565,22.09,-0.028763026072866547,0.023439771854283843,0.0,0.87309,0.34335000000000004,9.770760000000001
85929292070,22.09,-0.020245819323134222,0.0756251164889143,0.0,0.60822,0.28449,9.83943
85934342575,22.09,-0.006387905062299246,0.12037535851004891,0.0,0.28449,0.37278,10.06506
85939393080,22.09,0.021310470166850764,0.14700908289548237,0.0,-0.009810000000000001,0.52974,10.26126
85944443585,22.09,0.046879543708567686,0.14381513036433274,0.0,-0.34335000000000004,0.74556,10.24164
85949494090,22.09,0.05646140130201656,0.11398745344774965,0.0,-0.5591700000000001,0.9319500000000001,10.09449
85954544595,22.09,0.04794419455228423,0.07883652231258387,-0.005323254218582705,-0.6670800000000001,1.06929,9.760950000000001
85959595100,22.09,0.01918116847941768,0.05646140130201656,-0.001064650843716541,-0.72594,1.0791000000000002,9.54513
85964645605,22.09,-0.011711159280881954,0.015987215948268057,0.0,-0.79461,1.05948,9.43722
85969696110,22.09,-0.04153883619746504,-0.0404741853537485,-0.001064650843716541,-0.6768900000000001,1.00062,9.44703
85974746615,22.09,-0.05539675045830002,-0.10119419003063122,0.003193952531149623,-0.50031,0.9711900000000001,9.67266
85979797120,22.09,-0.06710790973918197,-0.14700908289548237,0.002129301687433082,-0.20601000000000003,0.8829,9.79038
85984847625,22.09,-0.06497860805174888,-0.17896606149949854,0.002129301687433082,0.20601000000000003,0.75537,9.72171
85989898130,22.09,-0.08415977653116657,-0.16617279808238014,-0.002129301687433082,0.63765,0.60822,9.633420000000001
85994948635,22.09,-0.08203047484373349,-0.12037535851004891,0.0,0.9221400000000001,0.43164,9.38817
85999999140,22.09,-0.07349581480148122,-0.06604325889546543,0.003193952531149623,1.01043,0.42183,9.39798
86005049645,22.09,-0.049008845396000776,-0.012775810124598492,0.003193952531149623,1.03986,0.41202000000000005,9.496080000000001
86010100150,22.09,-0.024504422698000388,0.03621558197888234,-0.001064650843716541,0.94176,0.35316,9.72171
86015150655,22.09,-0.005323254218582705,0.08735372906231618,-0.001064650843716541,0.6867000000000001,0.3924,9.82962
86020201160,22.09,0.023439771854283843,0.12250466019748199,-0.002129301687433082,0.35316,0.52974,9.85905
86025251665,22.09,0.03515093113516579,0.13955652698946658,0.0,0.05886,0.73575,9.99639
86030302170,22.09,0.04260348704118158,0.13102186694721432,-0.002129301687433082,-0.16677000000000003,0.89271,9.92772
86035352675,22.09,0.031956978604016174,0.10866419922916695,-0.003193952531149623,-0.41202000000000005,1.02024,9.751140000000001
86040403180,22.09,0.011711159280881954,0.07990117315630041,0.0,-0.5493600000000001,1.0987200000000001,9.623610000000001
86045453685,22.09,-0.007452555906015787,0.04794419455228423,0.001064650843716541,-0.6180300000000001,1.10853,9.64323
86050504190,22.09,-0.03834488366631542,0.014905111812031574,0.0,-0.6768900000000001,0.9123300000000001,9.70209
86055554695,22.09,-0.06497860805174888,-0.02663372438543347,0.002129301687433082,-0.6768900000000001,0.6670800000000001,9.770760000000001
86060605200,22.09,-0.07243116395776468,-0.06817256058289851,0.0,-0.5886,0.5493600000000001,9.85905
86065655705,22.09,-0.06817256058289851,-0.10759954838545042,0.003193952531149623,-0.37278,0.50031,9.96696
86070706210,22.09,-0.05859070298944965,-0.13208651779093086,0.002129301687433082,-0.0981,0.59841,9.94734
86075756715,22.09,-0.039409534510031964,-0.13849187614575004,0.0,0.28449,0.8142300000000001,9.87867
86080807220,22.09,-0.03834488366631542,-0.12569861272863161,0.002129301687433082,0.71613,0.7848,9.83943
86085857725,22.09,-0.04581489286485115,-0.09693558665576507,0.0,0.9613800000000001,0.6867000000000001,9.64323
86090908230,22.09,-0.05859070298944965,-0.05113814708343386,-0.001064650843716541,1.06929,0.51012,9.55494
86095958735,22.09,-0.05220279792715039,0.001064650843716541,0.001064650843716541,0.9810000000000001,0.33354000000000006,9.55494
86101009240,22.09,-0.03728023282259888,0.05113814708343386,0.0,0.80442,0.24525000000000002,9.67266
86106059745,22.09,-0.015987215948268057,0.09267698328089889,-0.002129301687433082,0.51993,0.38259000000000004,9.79038
86111110250,22.09,0.020245819323134222,0.10653489754173388,-0.001064650843716541,0.26487,0.56898,9.85905
86116160755,22.09,0.03834488366631542,0.12037535851004891,-0.002129301687433082,0.07848000000000001,0.74556,9.89829
86121211260,22.09,0.039409534510031964,0.1352804703220805,-0.007452555906015787,-0.16677000000000003,0.90252,9.67266
86126261765,22.09,0.03089232776029963,0.14594443205176583,0.0,-0.45126,0.9810000000000001,9.58437
86131312270,22.09,0.001064650843716541,0.12144000935376545,0.001064650843716541,-0.73575,1.04967,9.50589
86136362775,22.09,-0.021310470166850764,0.07136651311404815,0.001064650843716541,-0.89271,1.00062,9.623610000000001
86141413280,22.09,-0.044732788728614664,0.0,0.0,-0.95157,0.90252,9.65304
86146463785,22.09,-0.054332099614583476,-0.07136651311404815,0.001064650843716541,-0.7848,0.86328,9.66285
86151514290,22.09,-0.06710790973918197,-0.13634512116579703,0.002129301687433082,-0.49050000000000005,0.84366,9.80019
86156564795,22.09,-0.07883652231258387,-0.18641861740551433,0.003193952531149623,-0.0981,0.87309,9.84924
86161615300,22.09,-0.09480628496833199,-0.2130523417909478,0.002129301687433082,0.40221,0.71613,9.80019
86166665805,22.09,-0.10759954838545042,-0.18216001403064813,0.0,0.86328,0.51993,9.85905
86171716310,22.09,-0.11292280260403312,-0.11185815176031658,0.0,1.10853,0.13734000000000002,9.81
86176766815,22.09,-0.09693558665576507,-0.023439771854283843,0.001064650843716541,1.01043,-0.0981,9.85905
86181817320,22.09,-0.05859070298944965,0.05859070298944965,0.0,0.7651800000000001,-0.06867000000000001,9.908100000000001
86186867825,22.09,-0.001064650843716541,0.10866419922916695,-0.001064650843716541,0.5591700000000001,-0.019620000000000002,10.05525
86191918330,22.09,0.03834488366631542,0.13634512116579703,-0.003193952531149623,0.22563,0.17658,10.01601
86196968835,22.09,0.07990117315630041,0.1352804703220805,0.002129301687433082,-0.02943,0.90252,9.78057
86202019340,22.09,0.09587093581204853,0.11079350091660004,0.0,-0.0981,1.2851100000000002,10.08468
86207069845,22.09,0.06710790973918197,0.08948303074974927,-0.004258603374866164,-0.25506,1.44207,9.80019
86212120350,22.09,-0.005323254218582705,0.05326744877086694,0.001064650843716541,-0.34335000000000004,1.31454,9.496080000000001
86217170855,22.09,-0.039409534510031964,-0.008517206749732328,0.0,-0.38259000000000004,1.03986,9.30969
86222221360,22.09,-0.08203047484373349,-0.039409534510031964,-0.001064650843716541,-0.31392000000000003,0.8142300000000001,9.40779
86227271865,22.09,-0.09480628496833199,-0.05113814708343386,0.002129301687433082,-0.22563,0.46107000000000004,9.54513
86232322370,22.09,-0.09693558665576507,-0.05007349623971732,0.0,-0.20601000000000003,0.26487,9.633420000000001
86237372875,22.09,-0.08096582400001695,-0.0404741853537485,0.003193952531149623,-0.14715,0.22563,9.68247
86242423380,22.09,-0.049008845396000776,-0.05007349623971732,0.002129301687433082,-0.08829,0.42183,9.81
86247473885,22.09,-0.023439771854283843,-0.06284930636431581,0.0,0.0981,0.71613,9.81
86252524390,22.09,-0.012775810124598492,-0.06391395720803235,-0.003193952531149623,0.34335000000000004,0.9123300000000001,9.84924
86257574895,22.09,-0.023439771854283843,-0.04581489286485115,0.0,0.56898,0.84366,9.760950000000001
86262625400,22.09,-0.039409534510031964,-0.02769837522915001,-0.001064650843716541,0.59841,0.70632,9.59418
86267675905,22.09,-0.05007349623971732,0.007452555906015787,0.0,0.52974,0.51993,9.5157
86272726410,22.09,-0.05007349623971732,0.046879543708567686,-0.002129301687433082,0.34335000000000004,0.37278,9.60399
86277776915,22.09,-0.05113814708343386,0.07349581480148122,-0.003193952531149623,0.0981,0.33354000000000006,9.7119
86282827420,22.09,-0.039409534510031964,0.08628907821859966,-0.001064650843716541,-0.0981,0.37278,9.937529999999999
86287877925,22.09,-0.014905111812031574,0.07030186227033158,0.0,-0.24525000000000002,0.5591700000000001,10.03563
86292928430,22.09,0.005323254218582705,0.03515093113516579,0.004258603374866164,-0.30411,0.7848,10.06506
86297978935,22.09,0.0,-0.003193952531149623,0.002129301687433082,-0.25506,0.9221400000000001,10.06506
86303029440,22.09,-0.0170518667919846,-0.04366813788489812,-0.006387905062299246,-0.12753,0.90252,9.937529999999999
86308079945,22.09,-0.03728023282259888,-0.05539675045830002,0.0,0.0,0.7749900000000001,9.770760000000001
86313130450,22.09,-0.05965535383316618,-0.046879543708567686,0.0,0.07848000000000001,0.5886,9.60399
86318180955,22.09,-0.06923721142661506,-0.02663372438543347,0.002129301687433082,0.14715,0.43164,9.6138
86323231460,22.09,-0.06604325889546543,-0.01811651763570114,0.0,0.14715,0.32373,9.68247
86328281965,22.09,-0.05326744877086694,-0.002129301687433082,0.001064650843716541,0.12753,0.42183,9.78057
86333332470,22.09,-0.03089232776029963,0.006387905062299246,0.001064650843716541,0.10791,0.51012,9.84924
86338382975,22.09,-0.01811651763570114,-0.002129301687433082,-0.002129301687433082,0.12753,0.6867000000000001,9.86886
86343433480,22.09,-0.011711159280881954,-0.011711159280881954,0.0,0.24525000000000002,0.73575,9.85905
86348483985,22.09,-0.01811651763570114,-0.01064650843716541,0.0,0.22563,0.7651800000000001,9.69228
86353534490,22.09,-0.02982767691658309,0.002129301687433082,0.0,0.24525000000000002,0.63765,9.50589
86358584995,22.09,-0.03728023282259888,0.02663372438543347,-0.001064650843716541,0.1962,0.56898,9.45684
86363635500,22.09,-0.03834488366631542,0.05007349623971732,0.0,0.04905,0.5395500000000001,9.45684
86368686005,22.09,-0.03621558197888234,0.05859070298944965,-0.002129301687433082,-0.07848000000000001,0.59841,9.50589
86373736510,22.09,-0.02982767691658309,0.04260348704118158,0.001064650843716541,-0.1962,0.74556,9.623610000000001
86378787015,22.09,-0.031956978604016174,0.00958185759344887,0.0,-0.1962,0.8142300000000001,9.751140000000001
86383837520,22.09,-0.04260348704118158,-0.02556907354171693,0.0,-0.10791,0.79461,9.80019
86388888025,22.09,-0.05113814708343386,-0.03621558197888234,-0.001064650843716541,-0.07848000000000001,0.69651,9.819809999999999
86393938530,22.09,-0.06391395720803235,-0.033021629447732716,0.001064650843716541,-0.019620000000000002,0.47088,9.751140000000001
86398989035,22.09,-0.07670722062515077,-0.033021629447732716,-0.004258603374866164,0.0,0.36297,9.81
86404039540,22.09,-0.06497860805174888,-0.03089232776029963,0.0,0.019620000000000002,0.35316,9.79038
86409090045,22.09,-0.05220279792715039,-0.02556907354171693,0.0,0.0981,0.46107000000000004,9.81
86414140550,22.09,-0.03621558197888234,-0.02556907354171693,0.001064650843716541,0.20601000000000003,0.63765,9.87867
86419191055,22.09,-0.031956978604016174,-0.021310470166850764,0.0,0.32373,0.6768900000000001,9.97677
86424241560,22.09,-0.033021629447732716,-0.00958185759344887,0.002129301687433082,0.37278,0.5395500000000001,9.89829
86429292065,22.09,-0.049008845396000776,-0.002129301687433082,-0.001064650843716541,0.2943,0.41202000000000005,9.85905
86434342570,22.09,-0.04794419455228423,0.014905111812031574,0.0,0.22563,0.33354000000000006,9.89829
86439393075,22.09,-0.04153883619746504,0.033021629447732716,0.0,0.10791,0.30411,9.82962
86444443580,22.09,-0.021310470166850764,0.03728023282259888,0.0,0.009810000000000001,0.45126,9.81
86449494085,22.09,-0.001064650843716541,0.0404741853537485,0.002129301687433082,-0.05886,0.6768900000000001,9.79038
86454544590,22.09,0.0,0.02556907354171693,0.0,-0.009810000000000001,0.8338500000000001,9.69228
86459595095,22.09,-0.01811651763570114,0.011711159280881954,-0.003193952531149623,0.0,0.8338500000000001,9.633420000000001
86464645600,22.09,-0.03621558197888234,0.011711159280881954,0.0,-0.039240000000000004,0.74556,9.59418
86469696105,22.09,-0.05539675045830002,0.01064650843716541,0.002129301687433082,-0.12753,0.57879,9.55494
86474746610,22.09,-0.07136651311404815,-0.008517206749732328,0.001064650843716541,-0.18639,0.48069000000000006,9.66285
86479797115,22.09,-0.06391395720803235,-0.028763026072866547,-0.001064650843716541,-0.12753,0.43164,9.770760000000001
86484847620,22.09,-0.05326744877086694,-0.033021629447732716,-0.002129301687433082,-0.009810000000000001,0.46107000000000004,9.7119
86489898125,22.09,-0.0404741853537485,-0.03515093113516579,0.0,0.05886,0.5886,9.64323
86494948630,22.09,-0.04260348704118158,-0.02769837522915001,0.0,0.20601000000000003,0.60822,9.64323
86499999135,22.09,-0.05113814708343386,-0.006387905062299246,0.0,0.18639,0.5591700000000001,9.69228
86505049640,22.09,-0.05965535383316618,0.001064650843716541,0.0,0.16677000000000003,0.48069000000000006,9.68247
86510100145,22.09,-0.060720004676882725,0.001064650843716541,0.0,0.15696000000000002,0.45126,9.86886
86515150650,22.09,-0.05539675045830002,-0.005323254218582705,0.0,0.11772,0.3924,9.937529999999999
86520201155,22.09,-0.0404741853537485,-0.001064650843716541,-0.003193952531149623,0.0981,0.43164,9.89829
86525251660,22.09,-0.02663372438543347,0.01918116847941768,0.0,0.10791,0.47088,9.81
86530302165,22.09,-0.024504422698000388,0.03089232776029963,0.001064650843716541,0.04905,0.5493600000000001,9.72171
86535352670,22.09,-0.03089232776029963,0.028763026072866547,0.0,0.0,0.60822,9.68247
86540403175,22.09,-0.039409534510031964,0.021310470166850764,0.0,-0.039240000000000004,0.60822,9.74133
86545453680,22.09,-0.05220279792715039,0.004258603374866164,0.001064650843716541,-0.05886,0.6180300000000001,9.81
86550504185,22.09,-0.05220279792715039,-0.021310470166850764,-0.002129301687433082,-0.04905,0.6180300000000001,9.85905
86555554690,22.09,-0.05113814708343386,-0.03408628029144926,-0.001064650843716541,0.06867000000000001,0.57879,9.937529999999999
86560605195,22.09,-0.05326744877086694,-0.031956978604016174,0.001064650843716541,0.10791,0.42183,9.78057
86565655700,22.09,-0.05539675045830002,-0.0170518667919846,0.0,0.12753,0.41202000000000005,9.64323
86570706205,22.09,-0.05220279792715039,0.002129301687433082,0.001064650843716541,0.18639,0.36297,9.633420000000001
86575756710,22.09,-0.05007349623971732,0.01811651763570114,0.003193952531149623,0.11772,0.36297,9.633420000000001
86580807215,22.09,-0.046879543708567686,0.013840460968315033,0.001064650843716541,0.04905,0.51012,9.78057
86585857720,22.09,-0.039409534510031964,0.0170518667919846,0.0,0.04905,0.56898,9.937529999999999
86590908225,22.09,-0.03515093113516579,0.008517206749732328,0.0,0.019620000000000002,0.60822,9.92772
86595958730,22.09,-0.03515093113516579,0.002129301687433082,-0.002129301687433082,-0.02943,0.5591700000000001,9.92772
86601009235,22.09,-0.03728023282259888,0.006387905062299246,0.001064650843716541,-0.02943,0.41202000000000005,9.80019
86606059740,22.09,-0.046879543708567686,0.005323254218582705,-0.001064650843716541,-0.02943,0.40221,9.55494
86611110245,22.09,-0.05326744877086694,-0.001064650843716541,0.001064650843716541,-0.04905,0.48069000000000006,9.56475
86616160750,22.09,-0.04153883619746504,-0.007452555906015787,0.002129301687433082,0.019620000000000002,0.63765,9.69228
86621211255,22.09,-0.04260348704118158,-0.00958185759344887,0.0,0.07848000000000001,0.70632,9.751140000000001
86626261760,22.09,-0.044732788728614664,-0.015987215948268057,-0.001064650843716541,0.08829,0.64746,9.82962
86631312265,22.09,-0.05859070298944965,-0.01811651763570114,-0.001064650843716541,0.14715,0.43164,9.888480000000001
86636362770,22.09,-0.07030186227033158,-0.022375121010567305,0.0,0.11772,0.24525000000000002,9.74133
86641413275,22.09,-0.06923721142661506,-0.012775810124598492,0.001064650843716541,0.06867000000000001,0.23544,9.66285
86646463780,22.09,-0.05326744877086694,0.00958185759344887,0.001064650843716541,0.0981,0.30411,9.70209
86651514285,22.09,-0.03408628029144926,0.015987215948268057,0.002129301687433082,0.05886,0.51012,9.70209
86656564790,22.09,-0.021310470166850764,0.0170518667919846,0.0,0.08829,0.6867000000000001,9.80019
86661615295,22.09,-0.022375121010567305,0.01918116847941768,-0.002129301687433082,0.10791,0.6768900000000001,9.82962
86666665800,22.09,-0.04581489286485115,0.004258603374866164,0.0,0.04905,0.5493600000000001,9.70209
86671716305,22.09,-0.060720004676882725,-0.007452555906015787,0.0,0.019620000000000002,0.42183,9.69228
86676766810,22.09,-0.0756251164889143,0.005323254218582705,0.003193952531149623,0.009810000000000001,0.2943,9.760950000000001
86681817315,22.09,-0.0756251164889143,0.005323254218582705,0.0,-0.02943,0.27468000000000004,9.79038
86686867820,22.09,-0.04794419455228423,-0.004258603374866164,0.0,-0.039240000000000004,0.40221,9.908100000000001
86691918325,22.09,-0.03728023282259888,-0.014905111812031574,0.001064650843716541,0.039240000000000004,0.46107000000000004,9.908100000000001
86696968830,22.09,-0.03408628029144926,-0.02769837522915001,-0.002129301687433082,0.12753,0.52974,9.72171
86702019335,22.09,-0.04581489286485115,-0.011711159280881954,-0.002129301687433082,0.1962,0.50031,9.7119
86707069840,22.09,-0.054332099614583476,0.004258603374866164,0.002129301687433082,0.14715,0.44145,9.6138
86712120345,22.09,-0.06284930636431581,0.012775810124598492,0.001064650843716541,0.06867000000000001,0.41202000000000005,9.70209
86717170850,22.09,-0.05539675045830002,0.014905111812031574,0.0,0.019620000000000002,0.32373,9.89829
86722221355,22.09,-0.05007349623971732,0.004258603374866164,0.001064650843716541,0.009810000000000001,0.36297,9.85905
86727271860,22.09,-0.03408628029144926,-0.007452555906015787,0.002129301687433082,0.039240000000000004,0.43164,9.79038
86732322365,22.09,-0.02982767691658309,0.003193952531149623,0.001064650843716541,0.05886,0.49050000000000005,9.73152
86737372870,22.09,-0.02982767691658309,0.0170518667919846,0.003193952531149623,0.05886,0.52974,9.60399
86742423375,22.09,-0.049008845396000776,0.01918116847941768,-0.001064650843716541,0.019620000000000002,0.5395500000000001,9.58437
86747473880,22.09,-0.05752605214573309,0.01064650843716541,0.002129301687433082,-0.05886,0.47088,9.73152
86752524385,22.09,-0.06923721142661506,-0.003193952531149623,0.0,-0.07848000000000001,0.3924,9.819809999999999
86757574890,22.09,-0.06817256058289851,-0.013840460968315033,0.0,-0.039240000000000004,0.32373,9.85905
86762625395,22.09,-0.05859070298944965,-0.0170518667919846,0.001064650843716541,-0.05886,0.33354000000000006,9.908100000000001
86767675900,22.09,-0.05220279792715039,-0.014905111812031574,0.0,0.0,0.34335000000000004,9.82962
86772726405,22.09,-0.04581489286485115,-0.01064650843716541,0.0,0.05886,0.35316,9.73152
86777776910,22.09,-0.05113814708343386,-0.013840460968315033,0.0,0.10791,0.41202000000000005,9.69228
86782827415,22.09,-0.05007349623971732,-0.014905111812031574,-0.002129301687433082,0.14715,0.47088,9.70209
86787877920,22.09,-0.05752605214573309,-0.006387905062299246,0.0,0.18639,0.47088,9.78057
86792928425,22.09,-0.05752605214573309,0.001064650843716541,0.0,0.20601000000000003,0.43164,9.85905
86797978930,22.09,-0.05220279792715039,0.004258603374866164,0.001064650843716541,0.13734000000000002,0.27468000000000004,9.87867
86803029435,22.09,-0.05539675045830002,0.011711159280881954,0.001064650843716541,0.07848000000000001,0.18639,9.82962
86808079940,22.09,-0.05220279792715039,0.008517206749732328,0.0,0.0,0.24525000000000002,9.7119
86813130445,22.09,-0.039409534510031964,0.015987215948268057,0.0,0.0,0.36297,9.68247
86818180950,22.09,-0.03408628029144926,0.023439771854283843,0.0,0.0,0.5395500000000001,9.68247
86823231455,22.09,-0.02982767691658309,0.022375121010567305,0.0,-0.039240000000000004,0.59841,9.78057
86828281960,22.09,-0.04581489286485115,0.0170518667919846,0.0,-0.04905,0.5395500000000001,9.770760000000001
86833332465,22.09,-0.05965535383316618,-0.004258603374866164,0.0,-0.0981,0.41202000000000005,9.72171
86838382970,22.09,-0.07349581480148122,-0.011711159280881954,0.0,-0.11772,0.2943,9.79038
86843433475,22.09,-0.07349581480148122,-0.0170518667919846,0.0,-0.06867000000000001,0.24525000000000002,9.81
86848483980,22.09,-0.06923721142661506,-0.024504422698000388,0.0,-0.05886,0.26487,9.83943
86853534485,22.09,-0.05752605214573309,-0.021310470166850764,0.0,0.02943,0.23544,9.85905
86858584990,22.09,-0.05113814708343386,-0.021310470166850764,0.0,0.05886,0.34335000000000004,9.73152
86863635495,22.09,-0.049008845396000776,-0.01918116847941768,0.0,0.10791,0.44145,9.65304
86868686000,22.09,-0.04794419455228423,-0.008517206749732328,0.0,0.23544,0.46107000000000004,9.770760000000001
86873736505,22.09,-0.05539675045830002,0.004258603374866164,0.0,0.21582,0.3924,9.78057
86878787010,22.09,-0.060720004676882725,0.011711159280881954,0.0,0.15696000000000002,0.21582,9.79038
86883837515,22.09,-0.06178465552059926,0.01811651763570114,0.0,0.05886,0.13734000000000002,9.78057
86888888020,22.09,-0.054332099614583476,0.020245819323134222,0.0,0.0,0.22563,9.70209
86893938525,22.09,-0.0404741853537485,0.0170518667919846,0.0,-0.02943,0.40221,9.751140000000001
86898989030,22.09,-0.031956978604016174,0.011711159280881954,0.0,0.0,0.5395500000000001,9.760950000000001
86904039535,22.09,-0.03728023282259888,0.002129301687433082,0.0,0.0,0.5591700000000001,9.760950000000001
86909090040,22.09,-0.06178465552059926,0.0,0.0,0.009810000000000001,0.38259000000000004,9.74133
86914140545,22.09,-0.07670722062515077,0.0,0.0,-0.05886,0.26487,9.69228
86919191050,22.09,-0.07777187146886733,-0.001064650843716541,0.0,-0.07848000000000001,0.18639,9.72171
86924241555,22.09,-0.07030186227033158,-0.002129301687433082,0.0,-0.11772,0.20601000000000003,9.89829
86929292060,22.09,-0.05859070298944965,-0.011711159280881954,0.0,-0.04905,0.25506,10.045440000000001
86934342565,22.09,-0.05113814708343386,-0.014905111812031574,0.0,0.04905,0.24525000000000002,9.91791
86939393070,22.09,-0.04794419455228423,-0.01811651763570114,0.0,0.06867000000000001,0.2943,9.760950000000001
86944443575,22.09,-0.04581489286485115,-0.007452555906015787,0.0,0.10791,0.36297,9.6138
86949494080,22.09,-0.05539675045830002,0.003193952531149623,0.0,0.11772,0.41202000000000005,9.66285
86954544585,22.09,-0.06178465552059926,0.007452555906015787,0.0,0.06867000000000001,0.41202000000000005,9.81
86959595090,22.09,-0.06284930636431581,0.005323254218582705,0.0,0.06867000000000001,0.27468000000000004,9.94734
86964645595,22.09,-0.060720004676882725,0.0,0.0,0.05886,0.20601000000000003,9.85905
86969696100,22.09,-0.05113814708343386,0.004258603374866164,0.0,-0.019620000000000002,0.24525000000000002,9.770760000000001
86974746605,22.09,-0.04366813788489812,0.012775810124598492,0.0,-0.019620000000000002,0.31392000000000003,9.69228
86979797110,22.09,-0.04581489286485115,0.01918116847941768,0.0,-0.039240000000000004,0.35316,9.68247
86984847615,22.09,-0.05007349623971732,0.01811651763570114,0.0,-0.04905,0.38259000000000004,9.69228
86989898120,22.09,-0.05859070298944965,0.015987215948268057,0.0,-0.07848000000000001,0.36297,9.760950000000001
86994948625,22.09,-0.05965535383316618,0.005323254218582705,0.0,-0.12753,0.30411,9.760950000000001
86999999130,22.09,-0.06923721142661506,-0.007452555906015787,0.0,-0.12753,0.28449,9.86886
87005049635,22.09,-0.05965535383316618,-0.024504422698000388,0.0,-0.0981,0.28449,9.83943
87010100140,22.09,-0.06391395720803235,-0.033021629447732716,0.0,0.019620000000000002,0.26487,9.80019
87015150645,22.09,-0.06178465552059926,-0.03515093113516579,0.0,0.11772,0.24525000000000002,9.80019
87020201150,22.09,-0.05752605214573309,-0.024504422698000388,0.0,0.16677000000000003,0.22563,9.69228
87025251655,22.09,-0.06497860805174888,-0.013840460968315033,0.0,0.21582,0.23544,9.6138
87030302160,22.09,-0.06284930636431581,-0.002129301687433082,0.0,0.18639,0.26487,9.67266
87035352665,22.09,-0.06497860805174888,0.004258603374866164,0.0,0.20601000000000003,0.22563,9.79038
87040403170,22.09,-0.06178465552059926,0.01918116847941768,0.0,0.15696000000000002,0.18639,9.84924
87045453675,22.09,-0.05326744877086694,0.02982767691658309,0.0,0.05886,0.16677000000000003,9.87867
87050504180,22.09,-0.04581489286485115,0.033021629447732716,0.0,-0.039240000000000004,0.17658,9.82962
87055554685,22.09,-0.046879543708567686,0.02663372438543347,0.0,-0.07848000000000001,0.22563,9.760950000000001
87060605190,22.09,-0.044732788728614664,0.00958185759344887,0.0,-0.11772,0.34335000000000004,9.7119
87065655695,22.09,-0.046879543708567686,0.0,0.0,-0.07848000000000001,0.40221,9.74133
87070706200,22.09,-0.06178465552059926,0.003193952531149623,0.0,-0.07848000000000001,0.38259000000000004,9.751140000000001
87075756705,22.09,-0.07136651311404815,-0.001064650843716541,0.0,-0.11772,0.2943,9.888480000000001
87080807210,22.09,-0.07456046564519776,-0.005323254218582705,0.0,-0.12753,0.11772,9.94734
87085857715,22.09,-0.07243116395776468,-0.01811651763570114,0.0,-0.10791,0.10791,9.888480000000001
87090908220,22.09,-0.06604325889546543,-0.03089232776029963,0.0,-0.04905,0.11772,9.888480000000001
87095958725,22.09,-0.05646140130201656,-0.023439771854283843,0.0,0.039240000000000004,0.12753,9.81
87101009230,22.09,-0.05113814708343386,-0.014905111812031574,0.0,0.08829,0.22563,9.760950000000001
87106059735,22.09,-0.044732788728614664,-0.008517206749732328,0.0,0.12753,0.31392000000000003,9.751140000000001
87111110240,22.09,-0.046879543708567686,-0.007452555906015787,0.0,0.17658,0.34335000000000004,9.72171
87116160745,22.09,-0.05539675045830002,-0.00958185759344887,0.0,0.1962,0.34335000000000004,9.69228
87121211250,22.09,-0.06284930636431581,-0.001064650843716541,0.0,0.20601000000000003,0.24525000000000002,9.770760000000001
87126261755,22.09,-0.06710790973918197,0.021310470166850764,0.0,0.11772,0.07848000000000001,9.74133
87131312260,22.09,-0.06710790973918197,0.033021629447732716,0.0,0.039240000000000004,0.04905,9.70209
87136362765,22.09,-0.060720004676882725,0.03089232776029963,0.0,-0.0981,0.07848000000000001,9.81
87141413270,22.09,-0.04794419455228423,0.021310470166850764,0.0,-0.10791,0.12753,9.751140000000001
87146463775,22.09,-0.04794419455228423,0.01064650843716541,0.0,-0.11772,0.26487,9.73152
87151514280,22.09,-0.04366813788489812,0.0,0.0,-0.11772,0.38259000000000004,9.81
87156564785,22.09,-0.046879543708567686,-0.004258603374866164,0.0,-0.07848000000000001,0.34335000000000004,9.87867
87161615290,22.09,-0.06284930636431581,-0.01064650843716541,0.0,-0.06867000000000001,0.24525000000000002,9.819809999999999
87166665795,22.09,-0.07243116395776468,-0.013840460968315033,0.0,-0.07848000000000001,0.15696000000000002,9.751140000000001
87171716300,22.09,-0.07136651311404815,-0.024504422698000388,0.0,-0.05886,0.10791,9.74133
87176766805,22.09,-0.07349581480148122,-0.02663372438543347,0.0,0.0,0.08829,9.751140000000001
87181817310,22.09,-0.06817256058289851,-0.022375121010567305,0.0,0.06867000000000001,0.12753,9.78057
87186867815,22.09,-0.05859070298944965,-0.007452555906015787,0.0,0.11772,0.16677000000000003,9.78057
87191918320,22.09,-0.05220279792715039,-0.002129301687433082,0.0,0.10791,0.20601000000000003,9.78057
87196968825,22.09,-0.05113814708343386,0.005323254218582705,0.0,0.10791,0.21582,9.81
87202019330,22.09,-0.060720004676882725,0.015987215948268057,0.0,0.07848000000000001,0.12753,9.80019
87207069835,22.09,-0.06391395720803235,0.012775810124598492,0.0,-0.019620000000000002,0.08829,9.79038
87212120340,22.09,-0.06284930636431581,0.015987215948268057,0.0,-0.039240000000000004,0.06867000000000001,9.85905
87217170845,22.09,-0.05646140130201656,0.01918116847941768,0.0,-0.11772,0.0981,9.819809999999999
87222221350,22.09,-0.04794419455228423,0.014905111812031574,0.0,-0.13734000000000002,0.15696000000000002,9.81
87227271855,22.09,-0.04366813788489812,0.0,0.0,-0.11772,0.23544,9.86886
87232322360,22.09,-0.05220279792715039,-0.013840460968315033,0.0,-0.07848000000000001,0.23544,9.82962
87237372865,22.09,-0.06497860805174888,-0.020245819323134222,0.0,-0.009810000000000001,0.17658,9.819809999999999
87242423370,22.09,-0.06710790973918197,-0.007452555906015787,0.0,-0.019620000000000002,0.10791,9.84924
87247473875,22.09,-0.06817256058289851,0.0,0.0,0.0,0.039240000000000004,9.770760000000001
87252524380,22.09,-0.06710790973918197,0.004258603374866164,0.0,-0.07848000000000001,0.04905,9.819809999999999
87257574885,22.09,-0.05859070298944965,-0.003193952531149623,0.0,-0.04905,0.0981,9.78057
87262625390,22.09,-0.05326744877086694,-0.013840460968315033,0.0,-0.009810000000000001,0.15696000000000002,9.72171
87267675895,22.09,-0.049008845396000776,-0.023439771854283843,0.0,0.06867000000000001,0.27468000000000004,9.73152
87272726400,22.09,-0.04794419455228423,-0.01918116847941768,0.0,0.13734000000000002,0.30411,9.760950000000001
87277776905,22.09,-0.05646140130201656,-0.006387905062299246,0.0,0.16677000000000003,0.21582,9.760950000000001
87282827410,22.09,-0.07136651311404815,0.005323254218582705,0.0,0.12753,0.06867000000000001,9.70209
87287877915,22.09,-0.08309512568745003,0.020245819323134222,0.0,0.009810000000000001,-0.05886,9.80019
87292928420,22.09,-0.07243116395776468,0.023439771854283843,0.0,-0.04905,0.04905,9.82962
87297978925,22.09,-0.07349581480148122,0.022375121010567305,0.0,-0.05886,0.0,9.95715
87303029430,22.09,-0.05326744877086694,0.013840460968315033,0.0,-0.10791,-0.009810000000000001,9.79038
87308079935,22.09,-0.054332099614583476,0.00958185759344887,0.0,-0.10791,0.06867000000000001,9.74133
87313130440,22.09,-0.04260348704118158,-0.001064650843716541,0.0,-0.07848000000000001,0.07848000000000001,9.74133
87318180945,22.09,-0.04366813788489812,0.0,0.0,-0.13734000000000002,0.11772,9.84924
87323231450,22.09,-0.05113814708343386,0.003193952531149623,0.0,-0.11772,0.05886,9.888480000000001
87328281955,22.09,-0.05752605214573309,-0.004258603374866164,0.0,-0.12753,0.06867000000000001,9.89829
87333332460,22.09,-0.05646140130201656,-0.015987215948268057,0.0,-0.08829,0.10791,9.70209
87338382965,22.09,-0.05539675045830002,-0.01811651763570114,0.0,-0.009810000000000001,0.18639,9.73152
87343433470,22.09,-0.05007349623971732,-0.02556907354171693,0.0,0.04905,0.25506,9.7119
87348483975,22.09,-0.05113814708343386,-0.020245819323134222,0.0,0.11772,0.22563,9.81
87353534480,22.09,-0.07030186227033158,-0.007452555906015787,0.0,0.0981,0.05886,9.770760000000001
87358584985,22.09,-0.08628907821859966,-0.002129301687433082,0.0,0.039240000000000004,-0.019620000000000002,9.73152
87363635490,22.09,-0.08628907821859966,0.007452555906015787,0.0,0.039240000000000004,0.0,9.83943
87368685995,22.09,-0.09480628496833199,0.012775810124598492,0.0,0.009810000000000001,-0.039240000000000004,9.97677
87373736500,22.09,-0.07456046564519776,0.005323254218582705,0.0,0.019620000000000002,-0.05886,9.888480000000001
87378787005,22.09,-0.06284930636431581,0.01064650843716541,0.0,0.0,-0.019620000000000002,9.908100000000001
87383837510,22.09,-0.049008845396000776,0.005323254218582705,0.0,0.0,-0.02943,9.79038
87388888015,22.09,-0.0404741853537485,0.011711159280881954,0.0,-0.009810000000000001,0.0,9.770760000000001
87393938520,22.09,-0.0404741853537485,0.03089232776029963,0.0,-0.039240000000000004,0.04905,9.751140000000001
87398989025,22.09,-0.05646140130201656,0.03089232776029963,0.0,-0.13734000000000002,0.019620000000000002,9.770760000000001
87404039530,22.09,-0.05646140130201656,0.01918116847941768,0.0,-0.18639,0.039240000000000004,9.79038
87409090035,22.09,-0.054332099614583476,-0.005323254218582705,0.0,-0.21582,0.06867000000000001,9.79038
87414140540,22.09,-0.04260348704118158,-0.02663372438543347,0.0,-0.16677000000000003,0.11772,9.79038
87419191045,22.09,-0.03621558197888234,-0.03515093113516579,0.0,-0.06867000000000001,0.28449,9.770760000000001
87424241550,22.09,-0.033021629447732716,-0.02663372438543347,0.0,0.04905,0.15696000000000002,9.888480000000001
87429292055,22.09,-0.060720004676882725,-0.008517206749732328,0.0,0.05886,0.009810000000000001,9.770760000000001
87434342560,22.09,-0.09587093581204853,0.001064650843716541,0.0,0.02943,0.02943,9.65304
87439393065,22.09,-0.09374163412461543,0.004258603374866164,0.0,0.019620000000000002,-0.019620000000000002,9.82962
87444443570,22.09,-0.08841837990603273,0.0,0.0,0.0,-0.07848000000000001,9.770760000000001
87449494075,22.09,-0.0756251164889143,-0.004258603374866164,0.0,0.02943,-0.019620000000000002,9.95715
87454544580,22.09,-0.05646140130201656,-0.020245819323134222,0.0,0.039240000000000004,-0.06867000000000001,9.91791
87459595085,22.09,-0.05326744877086694,-0.022375121010567305,0.0,0.02943,-0.05886,9.97677
87464645590,22.09,-0.05326744877086694,-0.002129301687433082,0.0,0.10791,-0.07848000000000001,9.89829
87469696095,22.09,-0.060720004676882725,0.02663372438543347,0.0,0.039240000000000004,-0.05886,9.751140000000001
87474746600,22.09,-0.06604325889546543,0.05752605214573309,0.0,-0.05886,-0.07848000000000001,9.7119
87479797105,22.09,-0.05965535383316618,0.06284930636431581,0.0,-0.18639,-0.039240000000000004,9.73152
87484847610,22.09,-0.049008845396000776,0.04581489286485115,0.0,-0.28449,-0.009810000000000001,9.72171
87489898115,22.09,-0.044732788728614664,0.004258603374866164,0.0,-0.31392000000000003,0.019620000000000002,9.819809999999999
87494948620,22.09,-0.03515093113516579,-0.023439771854283843,0.0,-0.31392000000000003,0.039240000000000004,9.819809999999999
87499999125,22.09,-0.03515093113516579,-0.0404741853537485,0.0,-0.1962,0.04905,9.82962
87505049630,22.09,-0.049008845396000776,-0.05113814708343386,0.0,-0.06867000000000001,0.05886,9.80019
87510100135,22.09,-0.060720004676882725,-0.04153883619746504,0.0,0.02943,0.039240000000000004,9.81
87515150640,22.09,-0.06391395720803235,-0.01811651763570114,0.0,0.06867000000000001,0.019620000000000002,9.78057
87520201145,22.09,-0.07243116395776468,0.012775810124598492,0.0,0.06867000000000001,0.009810000000000001,9.80019
87525251650,22.09,-0.06497860805174888,0.022375121010567305,0.0,-0.019620000000000002,-0.019620000000000002,9.85905
87530302155,22.09,-0.07243116395776468,0.01811651763570114,0.0,-0.05886,-0.039240000000000004,9.84924
87535352660,22.09,-0.07883652231258387,-0.013840460968315033,0.0,-0.04905,-0.05886,9.91791
87540403165,22.09,-0.07349581480148122,-0.04260348704118158,0.0,0.02943,-0.08829,9.888480000000001
87545453670,22.09,-0.06923721142661506,-0.04581489286485115,0.0,0.11772,-0.11772,9.83943
87550504175,22.09,-0.060720004676882725,-0.028763026072866547,0.0,0.20601000000000003,-0.10791,9.87867
87555554680,22.09,-0.05646140130201656,0.002129301687433082,0.0,0.22563,-0.10791,9.84924
87560605185,22.09,-0.05646140130201656,0.03515093113516579,0.0,0.14715,-0.12753,9.80019
87565655690,22.09,-0.06178465552059926,0.060720004676882725,0.0,0.019620000000000002,-0.10791,9.760950000000001
87570706195,22.09,-0.05539675045830002,0.08415977653116657,0.0,-0.14715,-0.07848000000000001,9.69228
87575756700,22.09,-0.05220279792715039,0.08735372906231618,0.0,-0.34335000000000004,-0.07848000000000001,9.73152
87580807205,22.09,-0.05113814708343386,0.06391395720803235,0.0,-0.50031,-0.04905,9.819809999999999
87585857710,22.09,-0.046879543708567686,0.021310470166850764,0.0,-0.5493600000000001,-0.06867000000000001,9.92772
87590908215,22.09,-0.046879543708567686,-0.02663372438543347,0.0,-0.52974,-0.04905,9.888480000000001
87595958720,22.09,-0.04794419455228423,-0.07670722062515077,0.0,-0.37278,-0.009810000000000001,9.82962
87601009225,22.09,-0.05113814708343386,-0.10012953918691468,0.0,-0.15696000000000002,-0.019620000000000002,9.760950000000001
87606059730,22.09,-0.05859070298944965,-0.11079350091660004,0.0,0.06867000000000001,-0.06867000000000001,9.760950000000001
87611110235,22.09,-0.05859070298944965,-0.10653489754173388,0.0,0.31392000000000003,-0.04905,9.770760000000001
87616160740,22.09,-0.05859070298944965,-0.07990117315630041,0.0,0.46107000000000004,0.019620000000000002,9.85905
87621211245,22.09,-0.05859070298944965,-0.03515093113516579,0.0,0.6180300000000001,-0.12753,9.92772
87626261750,22.09,-0.06604325889546543,0.01811651763570114,0.0,0.49050000000000005,-0.08829,9.819809999999999
87631312255,22.09,-0.06817256058289851,0.07030186227033158,0.0,0.40221,-0.15696000000000002,9.87867
87636362760,22.09,-0.060720004676882725,0.11292280260403312,0.0,0.16677000000000003,-0.15696000000000002,9.80019
87641413265,22.09,-0.07136651311404815,0.14700908289548237,0.0,-0.15696000000000002,-0.13734000000000002,9.80019
87646463770,22.09,-0.060720004676882725,0.14594443205176583,0.0,-0.42183,-0.14715,9.72171
87651514275,22.09,-0.06284930636431581,0.12250466019748199,0.0,-0.6867000000000001,-0.0981,9.760950000000001
87656564780,22.09,-0.05859070298944965,0.05752605214573309,0.0,-0.8240400000000001,-0.0981,9.79038
87661615285,22.09,-0.05326744877086694,-0.021310470166850764,0.0,-0.8338500000000001,-0.13734000000000002,9.84924
87666665790,22.09,-0.05007349623971732,-0.09267698328089889,0.0,-0.6867000000000001,-0.12753,9.85905
87671716295,22.09,-0.054332099614583476,-0.13955652698946658,0.0,-0.38259000000000004,-0.14715,9.92772
87676766800,22.09,-0.049008845396000776,-0.15765559133264778,0.0,-0.04905,-0.14715,9.89829
87681817305,22.09,-0.05220279792715039,-0.14913838458291545,0.0,0.28449,-0.14715,9.84924
87686867810,22.09,-0.05539675045830002,-0.12356931104119852,0.0,0.57879,-0.14715,9.81
87691918315,22.09,-0.054332099614583476,-0.08735372906231618,0.0,0.73575,-0.04905,9.78057
87696968820,22.09,-0.05007349623971732,-0.028763026072866547,0.0,0.9123300000000001,-0.16677000000000003,9.87867
87702019325,22.09,-0.054332099614583476,0.0404741853537485,0.0,0.74556,-0.11772,9.80019
87707069830,22.09,-0.06178465552059926,0.09906488834319814,0.0,0.57879,-0.17658,9.908100000000001
87712120335,22.09,-0.049008845396000776,0.14062117783318315,0.0,0.25506,-0.16677000000000003,9.908100000000001
87717170840,22.09,-0.05965535383316618,0.15233233711406508,0.0,-0.039240000000000004,-0.14715,9.908100000000001
87722221345,22.09,-0.049008845396000776,0.1374272253020335,0.0,-0.36297,-0.14715,9.73152
87727271850,22.09,-0.05326744877086694,0.1171814059788993,0.0,-0.5886,-0.11772,9.66285
87732322355,22.09,-0.05007349623971732,0.08203047484373349,0.0,-0.70632,-0.14715,9.70209
87737372860,22.09,-0.04581489286485115,0.03515093113516579,0.0,-0.8240400000000001,-0.12753,9.78057
87742423365,22.09,-0.04794419455228423,-0.015987215948268057,0.0,-0.8338500000000001,-0.12753,9.83943
87747473870,22.09,-0.05965535383316618,-0.07349581480148122,0.0,-0.70632,-0.13734000000000002,9.94734
87752524375,22.09,-0.06284930636431581,-0.11931070766633237,0.0,-0.47088,-0.16677000000000003,9.92772
87757574880,22.09,-0.06391395720803235,-0.12995721610349775,0.0,-0.16677000000000003,-0.20601000000000003,9.87867
87762625385,22.09,-0.05859070298944965,-0.1331511686346474,0.0,0.06867000000000001,-0.20601000000000003,9.87867
87767675890,22.09,-0.05220279792715039,-0.11931070766633237,0.0,0.33354000000000006,-0.22563,9.83943
87772726395,22.09,-0.05113814708343386,-0.09267698328089889,0.0,0.5591700000000001,-0.23544,9.85905
87777776900,22.09,-0.05326744877086694,-0.05326744877086694,0.0,0.6670800000000001,-0.21582,9.85905
87782827405,22.09,-0.04794419455228423,0.0,0.0,0.6867000000000001,-0.25506,9.888480000000001
87787877910,22.09,-0.05326744877086694,0.046879543708567686,0.0,0.57879,-0.21582,9.89829
87792928415,22.09,-0.05007349623971732,0.07990117315630041,0.0,0.41202000000000005,-0.1962,9.86886
87797978920,22.09,-0.044732788728614664,0.09906488834319814,0.0,0.17658,-0.1962,9.81
87803029425,22.09,-0.03728023282259888,0.09374163412461543,0.0,0.0,-0.17658,9.73152
87808079930,22.09,-0.03408628029144926,0.08309512568745003,0.0,-0.18639,-0.13734000000000002,9.64323
87813130435,22.09,-0.03089232776029963,0.07243116395776468,0.0,-0.34335000000000004,-0.13734000000000002,9.67266
87818180940,22.09,-0.03621558197888234,0.04260348704118158,0.0,-0.43164,-0.14715,9.633420000000001
87823231445,22.09,-0.04260348704118158,0.008517206749732328,0.0,-0.46107000000000004,-0.11772,9.69228
87828281950,22.09,-0.05326744877086694,-0.014905111812031574,0.0,-0.45126,-0.12753,9.81
87833332455,22.09,-0.05646140130201656,-0.04153883619746504,0.0,-0.41202000000000005,-0.15696000000000002,9.83943
87838382960,22.09,-0.05539675045830002,-0.05646140130201656,0.0,-0.26487,-0.15696000000000002,9.85905
87843433465,22.09,-0.05859070298944965,-0.07136651311404815,0.0,-0.13734000000000002,-0.17658,9.83943
87848483970,22.09,-0.05646140130201656,-0.08309512568745003,0.0,0.05886,-0.1962,9.82962
87853534475,22.09,-0.06497860805174888,-0.07883652231258387,0.0,0.24525000000000002,-0.23544,9.81
87858584980,22.09,-0.06604325889546543,-0.06604325889546543,0.0,0.33354000000000006,-0.24525000000000002,9.82962
87863635485,22.09,-0.06710790973918197,-0.03089232776029963,0.0,0.46107000000000004,-0.26487,9.87867
87868685990,22.09,-0.06284930636431581,0.007452555906015787,0.0,0.43164,-0.25506,9.91791
87873736495,22.09,-0.05539675045830002,0.028763026072866547,0.0,0.35316,-0.28449,9.99639
87878787000,22.09,-0.044732788728614664,0.05326744877086694,0.0,0.27468000000000004,-0.30411,9.94734
87883837505,22.09,-0.04581489286485115,0.07777187146886733,0.0,0.0981,-0.2943,9.86886
87888888010,22.09,-0.049008845396000776,0.09161233243718235,0.0,-0.039240000000000004,-0.26487,9.751140000000001
87893938515,22.09,-0.044732788728614664,0.10225884087434776,0.0,-0.24525000000000002,-0.25506,9.67266
87898989020,22.09,-0.039409534510031964,0.09800023749948161,0.0,-0.44145,-0.22563,9.633420000000001
87904039525,22.09,-0.039409534510031964,0.07243116395776468,0.0,-0.59841,-0.20601000000000003,9.67266
87909090030,22.09,-0.03621558197888234,0.046879543708567686,0.0,-0.70632,-0.17658,9.79038
87914140535,22.09,-0.039409534510031964,0.020245819323134222,0.0,-0.7749900000000001,-0.18639,9.819809999999999
87919191040,22.09,-0.046879543708567686,-0.007452555906015787,0.0,-0.75537,-0.1962,9.94734
87924241545,22.09,-0.05539675045830002,-0.03728023282259888,0.0,-0.6768900000000001,-0.24525000000000002,9.86886
87929292050,22.09,-0.060720004676882725,-0.07349581480148122,0.0,-0.5395500000000001,-0.27468000000000004,9.89829
87934342555,22.09,-0.06391395720803235,-0.12037535851004891,0.0,-0.32373,-0.26487,9.91791
87939393060,22.09,-0.054332099614583476,-0.14594443205176583,0.0,-0.02943,-0.30411,9.888480000000001
87944443565,22.09,-0.05113814708343386,-0.1555262896452147,0.0,0.2943,-0.33354000000000006,9.96696
87949494070,22.09,-0.05007349623971732,-0.1416858286768997,0.0,0.5886,-0.33354000000000006,10.045440000000001
87954544575,22.09,-0.046879543708567686,-0.09800023749948161,0.0,0.80442,-0.36297,10.03563
87959595080,22.09,-0.05007349623971732,-0.04366813788489812,0.0,0.9221400000000001,-0.35316,10.01601
87964645585,22.09,-0.05007349623971732,0.008517206749732328,0.0,0.9123300000000001,-0.38259000000000004,9.91791
87969696090,22.09,-0.04366813788489812,0.06817256058289851,0.0,0.8240400000000001,-0.35316,9.81
87974746595,22.09,-0.03515093113516579,0.1097288500728835,0.0,0.57879,-0.32373,9.760950000000001
87979797100,22.09,-0.02982767691658309,0.12995721610349775,0.0,0.2943,-0.28449,9.78057
87984847605,22.09,-0.022375121010567305,0.14381513036433274,0.0,0.019620000000000002,-0.24525000000000002,9.760950000000001
87989898110,22.09,-0.0170518667919846,0.13634512116579703,0.0,-0.28449,-0.22563,9.751140000000001
87994948615,22.09,-0.02556907354171693,0.11398745344774965,0.0,-0.5395500000000001,-0.1962,9.74133
87999999120,22.09,-0.028763026072866547,0.08628907821859966,0.0,-0.6867000000000001,-0.17658,9.68247
88005049625,22.09,-0.03408628029144926,0.04794419455228423,0.0,-0.7651800000000001,-0.1962,9.66285
88010100130,22.09,-0.04366813788489812,-0.008517206749732328,0.0,-0.7749900000000001,-0.18639,9.633420000000001
88015150635,22.09,-0.044732788728614664,-0.05752605214573309,0.0,-0.6768900000000001,-0.17658,9.68247
88020201140,22.09,-0.046879543708567686,-0.09161233243718235,0.0,-0.49050000000000005,-0.21582,9.760950000000001
88025251645,22.09,-0.05220279792715039,-0.11079350091660004,0.0,-0.25506,-0.23544,9.82962
88030302150,22.09,-0.05752605214573309,-0.11292280260403312,0.0,-0.039240000000000004,-0.28449,9.92772
88035352655,22.09,-0.05539675045830002,-0.09906488834319814,0.0,0.16677000000000003,-0.31392000000000003,9.937529999999999
88040403160,22.09,-0.06604325889546543,-0.06604325889546543,0.0,0.32373,-0.34335000000000004,9.92772
88045453665,22.09,-0.06497860805174888,-0.02556907354171693,0.0,0.40221,-0.37278,9.87867
88050504170,22.09,-0.05859070298944965,0.014905111812031574,0.0,0.37278,-0.41202000000000005,9.89829
88055554675,22.09,-0.05007349623971732,0.04153883619746504,0.0,0.2943,-0.3924,9.89829
88060605180,22.09,-0.05220279792715039,0.05539675045830002,0.0,0.18639,-0.40221,9.888480000000001
88065655685,22.09,-0.044732788728614664,0.05113814708343386,0.0,0.08829,-0.40221,9.96696
88070706190,22.09,-0.04260348704118158,0.03834488366631542,0.0,-0.019620000000000002,-0.3924,9.89829
88075756695,22.09,-0.04153883619746504,0.02982767691658309,0.0,-0.07848000000000001,-0.37278,9.908100000000001
88080807200,22.09,-0.02982767691658309,0.015987215948268057,0.0,-0.14715,-0.38259000000000004,9.89829
88085857705,22.09,-0.024504422698000388,-0.004258603374866164,0.0,-0.12753,-0.34335000000000004,9.83943
88090908210,22.09,-0.020245819323134222,-0.024504422698000388,0.0,-0.07848000000000001,-0.36297,9.73152
88095958715,22.09,-0.020245819323134222,-0.02982767691658309,0.0,0.0,-0.30411,9.78057
88101009220,22.09,-0.01918116847941768,-0.023439771854283843,0.0,0.07848000000000001,-0.30411,9.760950000000001
88106059725,22.09,-0.01811651763570114,0.002129301687433082,0.0,0.08829,-0.26487,9.81
88111110230,22.09,-0.022375121010567305,0.03089232776029963,0.0,0.009810000000000001,-0.27468000000000004,9.82962
88116160735,22.09,-0.02982767691658309,0.044732788728614664,0.0,-0.05886,-0.26487,9.85905
88121211240,22.09,-0.03728023282259888,0.05007349623971732,0.0,-0.20601000000000003,-0.25506,9.80019
88126261745,22.09,-0.04366813788489812,0.05539675045830002,0.0,-0.27468000000000004,-0.24525000000000002,9.770760000000001
88131312250,22.09,-0.04153883619746504,0.046879543708567686,0.0,-0.40221,-0.26487,9.760950000000001
88136362755,22.09,-0.044732788728614664,0.012775810124598492,0.0,-0.44145,-0.2943,9.7119
88141413260,22.09,-0.04366813788489812,-0.03728023282259888,0.0,-0.38259000000000004,-0.30411,9.760950000000001
88146463765,22.09,-0.05220279792715039,-0.07990117315630041,0.0,-0.23544,-0.35316,9.80019
88151514270,22.09,-0.054332099614583476,-0.11398745344774965,0.0,0.009810000000000001,-0.36297,9.83943
88156564775,22.09,-0.05007349623971732,-0.11824605682261582,0.0,0.26487,-0.38259000000000004,9.86886
88161615280,22.09,-0.04794419455228423,-0.09267698328089889,0.0,0.45126,-0.42183,9.86886
88166665785,22.09,-0.039409534510031964,-0.04581489286485115,0.0,0.5886,-0.41202000000000005,9.82962
88171716290,22.09,-0.03515093113516579,0.00958185759344887,0.0,0.5886,-0.41202000000000005,9.80019
88176766795,22.09,-0.033021629447732716,0.06178465552059926,0.0,0.47088,-0.41202000000000005,9.81
88181817300,22.09,-0.039409534510031964,0.11292280260403312,0.0,0.26487,-0.3924,9.751140000000001
88186867805,22.09,-0.03728023282259888,0.14062117783318315,0.0,-0.039240000000000004,-0.35316,9.82962
88191918310,22.09,-0.03089232776029963,0.13208651779093086,0.0,-0.33354000000000006,-0.34335000000000004,9.819809999999999
88196968815,22.09,-0.033021629447732716,0.09161233243718235,0.0,-0.5395500000000001,-0.34335000000000004,9.819809999999999
88202019320,22.09,-0.02982767691658309,0.02982767691658309,0.0,-0.6180300000000001,-0.34335000000000004,9.85905
88207069825,22.09,-0.028763026072866547,-0.02663372438543347,0.0,-0.59841,-0.31392000000000003,9.84924
88212120330,22.09,-0.024504422698000388,-0.06923721142661506,0.0,-0.44145,-0.33354000000000006,9.81
88217170835,22.09,-0.028763026072866547,-0.09800023749948161,0.0,-0.23544,-0.32373,9.81
88222221340,22.09,-0.03728023282259888,-0.10012953918691468,0.0,-0.02943,-0.3924,9.89829
88227271845,22.09,-0.04260348704118158,-0.08841837990603273,0.0,0.15696000000000002,-0.40221,9.908100000000001
88232322350,22.09,-0.04260348704118158,-0.05859070298944965,0.0,0.2943,-0.3924,9.908100000000001
88237372855,22.09,-0.04153883619746504,-0.02663372438543347,0.0,0.34335000000000004,-0.41202000000000005,9.92772
88242423360,22.09,-0.03834488366631542,-0.006387905062299246,0.0,0.35316,-0.41202000000000005,9.937529999999999
88247473865,22.09,-0.03408628029144926,0.005323254218582705,0.0,0.33354000000000006,-0.41202000000000005,9.85905
88252524370,22.09,-0.02982767691658309,0.020245819323134222,0.0,0.31392000000000003,-0.42183,9.81
88257574875,22.09,-0.031956978604016174,0.028763026072866547,0.0,0.25506,-0.41202000000000005,9.81
88262625380,22.09,-0.02982767691658309,0.04260348704118158,0.0,0.17658,-0.3924,9.81
88267675885,22.09,-0.023439771854283843,0.05752605214573309,0.0,0.039240000000000004,-0.38259000000000004,9.81
88272726390,22.09,-0.021310470166850764,0.07030186227033158,0.0,-0.06867000000000001,-0.37278,9.79038
88277776895,22.09,-0.024504422698000388,0.07349581480148122,0.0,-0.23544,-0.38259000000000004,9.82962
88282827400,22.09,-0.03089232776029963,0.060720004676882725,0.0,-0.38259000000000004,-0.35316,9.81
88287877905,22.09,-0.02769837522915001,0.02769837522915001,0.0,-0.42183,-0.34335000000000004,9.68247
88292928410,22.09,-0.02982767691658309,-0.01064650843716541,0.0,-0.43164,-0.34335000000000004,9.60399
88297978915,22.09,-0.033021629447732716,-0.06178465552059926,0.0,-0.32373,-0.36297,9.7119
88303029420,22.09,-0.031956978604016174,-0.10225884087434776,0.0,-0.12753,-0.35316,9.79038
88308079925,22.09,-0.02769837522915001,-0.11398745344774965,0.0,0.10791,-0.35316,9.819809999999999
88313130430,22.09,-0.02769837522915001,-0.08096582400001695,0.0,0.2943,-0.3924,9.86886
88318180935,22.09,-0.03089232776029963,-0.03408628029144926,0.0,0.38259000000000004,-0.3924,9.84924
88323231440,22.09,-0.033021629447732716,0.005323254218582705,0.0,0.38259000000000004,-0.41202000000000005,9.86886
88328281945,22.09,-0.04153883619746504,0.03621558197888234,0.0,0.31392000000000003,-0.36297,9.819809999999999
88333332450,22.09,-0.04366813788489812,0.05646140130201656,0.0,0.18639,-0.40221,9.73152
88338382955,22.09,-0.04366813788489812,0.06178465552059926,0.0,0.05886,-0.41202000000000005,9.82962
88343433460,22.09,-0.03515093113516579,0.05007349623971732,0.0,-0.05886,-0.41202000000000005,9.94734
88348483965,22.09,-0.03089232776029963,0.03408628029144926,0.0,-0.16677000000000003,-0.46107000000000004,10.006200000000002
88353534470,22.09,-0.03089232776029963,0.02769837522915001,0.0,-0.23544,-0.44145,10.09449
88358584975,22.09,-0.03408628029144926,0.023439771854283843,0.0,-0.23544,-0.48069000000000006,10.09449
88363635480,22.09,-0.0404741853537485,0.014905111812031574,0.0,-0.2943,-0.46107000000000004,9.92772
88368685985,22.09,-0.04153883619746504,0.005323254218582705,0.0,-0.32373,-0.48069000000000006,9.760950000000001
88373736490,22.09,-0.031956978604016174,-0.015987215948268057,0.0,-0.23544,-0.49050000000000005,9.66285
88378786995,22.09,-0.02663372438543347,-0.05752605214573309,0.0,-0.11772,-0.45126,9.623610000000001
88383837500,22.09,-0.012775810124598492,-0.07990117315630041,0.0,-0.019620000000000002,-0.46107000000000004,9.79038
88388888005,22.09,-0.006387905062299246,-0.07456046564519776,0.0,0.16677000000000003,-0.48069000000000006,9.937529999999999
88393938510,22.09,-0.00958185759344887,-0.05220279792715039,0.0,0.26487,-0.45126,10.006200000000002
88398989015,22.09,-0.013840460968315033,-0.023439771854283843,0.0,0.30411,-0.44145,9.94734
88404039520,22.09,-0.015987215948268057,0.020245819323134222,0.0,0.31392000000000003,-0.42183,9.760950000000001
88409090025,22.09,-0.014905111812031574,0.05113814708343386,0.0,0.21582,-0.37278,9.55494
88414140530,22.09,-0.011711159280881954,0.054332099614583476,0.0,0.11772,-0.37278,9.56475
88419191035,22.09,-0.012775810124598492,0.04260348704118158,0.0,-0.009810000000000001,-0.33354000000000006,9.59418
88424241540,22.09,-0.008517206749732328,0.03728023282259888,0.0,-0.07848000000000001,-0.33354000000000006,9.68247
88429292045,22.09,-0.012775810124598492,0.02769837522915001,0.0,-0.15696000000000002,-0.33354000000000006,9.84924
88434342550,22.09,-0.01918116847941768,0.0170518667919846,0.0,-0.21582,-0.32373,9.908100000000001
88439393055,22.09,-0.033021629447732716,0.007452555906015787,0.0,-0.22563,-0.37278,9.91791
88444443560,22.09,-0.04581489286485115,0.003193952531149623,0.0,-0.21582,-0.34335000000000004,9.83943
88449494065,22.09,-0.049008845396000776,-0.004258603374866164,0.0,-0.1962,-0.43164,9.67266
88454544570,22.09,-0.04366813788489812,-0.015987215948268057,0.0,-0.14715,-0.41202000000000005,9.54513
88459595075,22.09,-0.0404741853537485,-0.039409534510031964,0.0,-0.05886,-0.43164,9.68247
88464645580,22.09,-0.03515093113516579,-0.05220279792715039,0.0,0.009810000000000001,-0.47088,9.87867
88469696085,22.09,-0.04153883619746504,-0.05007349623971732,0.0,0.0981,-0.49050000000000005,10.01601
88474746590,22.09,-0.04581489286485115,-0.03408628029144926,0.0,0.14715,-0.52974,10.17297
88479797095,22.09,-0.04260348704118158,-0.012775810124598492,0.0,0.1962,-0.52974,10.12392
88484847600,22.09,-0.03515093113516579,0.004258603374866164,0.0,0.18639,-0.5591700000000001,9.95715
88489898105,22.09,-0.033021629447732716,0.01064650843716541,0.0,0.21582,-0.5591700000000001,9.83943
88494948610,22.09,-0.020245819323134222,0.01918116847941768,0.0,0.1962,-0.5493600000000001,9.78057
88499999115,22.09,-0.0170518667919846,0.03515093113516579,0.0,0.0981,-0.5395500000000001,9.819809999999999
88505049620,22.09,-0.01064650843716541,0.04581489286485115,0.0,0.0,-0.51012,9.908100000000001
88510100125,22.09,-0.011711159280881954,0.04153883619746504,0.0,-0.08829,-0.49050000000000005,9.96696
88515150630,22.09,-0.011711159280881954,0.013840460968315033,0.0,-0.14715,-0.48069000000000006,10.006200000000002
88520201135,22.09,-0.007452555906015787,0.0,0.0,-0.13734000000000002,-0.46107000000000004,10.01601
88525251640,22.09,-0.001064650843716541,0.002129301687433082,0.0,-0.12753,-0.44145,9.819809999999999
88530302145,22.09,0.002129301687433082,0.012775810124598492,0.0,-0.08829,-0.43164,9.65304
88535352650,22.09,0.004258603374866164,0.01918116847941768,0.0,-0.15696000000000002,-0.40221,9.56475
88540403155,22.09,-0.004258603374866164,0.004258603374866164,0.0,-0.14715,-0.38259000000000004,9.5157
88545453660,22.09,-0.011711159280881954,-0.02556907354171693,0.0,-0.08829,-0.36297,9.58437
88550504165,22.09,-0.015987215948268057,-0.05220279792715039,0.0,0.0,-0.37278,9.79038
88555554670,22.09,-0.01811651763570114,-0.05007349623971732,0.0,0.07848000000000001,-0.3924,9.87867
88560605175,22.09,-0.012775810124598492,-0.031956978604016174,0.0,0.14715,-0.42183,9.937529999999999
88565655680,22.09,-0.015987215948268057,-0.013840460968315033,0.0,0.16677000000000003,-0.41202000000000005,9.85905
88570706185,22.09,-0.020245819323134222,0.002129301687433082,0.0,0.17658,-0.43164,9.70209
88575756690,22.09,-0.031956978604016174,0.00958185759344887,0.0,0.17658,-0.41202000000000005,9.57456
88580807195,22.09,-0.03834488366631542,0.0170518667919846,0.0,0.15696000000000002,-0.43164,9.55494
88585857700,22.09,-0.03408628029144926,0.02663372438543347,0.0,0.0981,-0.45126,9.64323
88590908205,22.09,-0.033021629447732716,0.024504422698000388,0.0,0.009810000000000001,-0.45126,9.86886
88595958710,22.09,-0.02982767691658309,0.021310470166850764,0.0,-0.04905,-0.51012,10.074869999999999
88601009215,22.09,-0.02769837522915001,0.01811651763570114,0.0,-0.10791,-0.49050000000000005,10.09449
88606059720,22.09,-0.03089232776029963,0.00958185759344887,0.0,-0.08829,-0.5493600000000001,9.95715
88611110225,22.09,-0.033021629447732716,0.003193952531149623,0.0,-0.0981,-0.5493600000000001,9.81
88616160730,22.09,-0.024504422698000388,0.0,0.0,-0.07848000000000001,-0.5493600000000001,9.64323
88621211235,22.09,-0.02663372438543347,-0.004258603374866164,0.0,-0.06867000000000001,-0.5591700000000001,9.68247
88626261740,22.09,-0.01918116847941768,-0.011711159280881954,0.0,-0.05886,-0.52974,9.82962
88631312245,22.09,-0.01918116847941768,-0.015987215948268057,0.0,-0.039240000000000004,-0.5395500000000001,9.98658
88636362750,22.09,-0.01918116847941768,-0.022375121010567305,0.0,-0.019620000000000002,-0.5395500000000001,10.1043
88641413255,22.09,-0.015987215948268057,-0.023439771854283843,0.0,0.05886,-0.51993,10.1043
88646463760,22.09,-0.003193952531149623,-0.022375121010567305,0.0,0.0981,-0.52974,9.94734
88651514265,22.09,-0.001064650843716541,-0.002129301687433082,0.0,0.12753,-0.51012,9.78057
88656564770,22.09,0.004258603374866164,0.015987215948268057,0.0,0.16677000000000003,-0.49050000000000005,9.73152
88661615275,22.09,-0.003193952531149623,0.02769837522915001,0.0,0.06867000000000001,-0.44145,9.68247
88666665780,22.09,-0.008517206749732328,0.01918116847941768,0.0,0.05886,-0.43164,9.7119
88671716285,22.09,-0.012775810124598492,0.005323254218582705,0.0,0.0,-0.44145,9.82962
88676766790,22.09,-0.006387905062299246,0.0,0.0,-0.02943,-0.41202000000000005,9.91791
88681817295,22.09,0.0,-0.004258603374866164,0.0,0.039240000000000004,-0.45126,9.97677
88686867800,22.09,0.002129301687433082,0.003193952531149623,0.0,-0.039240000000000004,-0.46107000000000004,9.96696
88691918305,22.09,-0.001064650843716541,0.008517206749732328,0.0,-0.02943,-0.43164,9.770760000000001
88696968810,22.09,-0.012775810124598492,0.006387905062299246,0.0,0.0,-0.43164,9.6138
88702019315,22.09,-0.023439771854283843,0.004258603374866164,0.0,0.0,-0.45126,9.59418
88707069820,22.09,-0.02663372438543347,0.005323254218582705,0.0,0.009810000000000001,-0.48069000000000006,9.60399
88712120325,22.09,-0.028763026072866547,0.006387905062299246,0.0,-0.06867000000000001,-0.49050000000000005,9.89829
88717170830,22.09,-0.024504422698000388,0.0,0.0,-0.0981,-0.49050000000000005,10.08468
88722221335,22.09,-0.020245819323134222,-0.00958185759344887,0.0,-0.039240000000000004,-0.5493600000000001,10.1043
88727271840,22.09,-0.014905111812031574,-0.023439771854283843,0.0,-0.039240000000000004,-0.5493600000000001,9.97677
88732322345,22.09,-0.01918116847941768,-0.020245819323134222,0.0,0.05886,-0.52974,9.69228
88737372850,22.09,-0.013840460968315033,-0.001064650843716541,0.0,0.08829,-0.51993,9.53532
88742423355,22.09,-0.012775810124598492,0.012775810124598492,0.0,0.0981,-0.51012,9.56475
88747473860,22.09,-0.00958185759344887,0.008517206749732328,0.0,0.02943,-0.48069000000000006,9.74133
88752524365,22.09,-0.003193952531149623,-0.005323254218582705,0.0,0.009810000000000001,-0.51993,9.82962
88757574870,22.09,-0.003193952531149623,-0.0170518667919846,0.0,0.039240000000000004,-0.50031,10.006200000000002
88762625375,22.09,0.0,-0.0170518667919846,0.0,0.08829,-0.48069000000000006,10.074869999999999
88767675880,22.09,-0.001064650843716541,0.004258603374866164,0.0,0.05886,-0.47088,10.01601
88772726385,22.09,-0.007452555906015787,0.01918116847941768,0.0,0.04905,-0.51012,9.82962
88777776890,22.09,-0.004258603374866164,0.020245819323134222,0.0,0.02943,-0.46107000000000004,9.69228
88782827395,22.09,-0.004258603374866164,0.0170518667919846,0.0,0.019620000000000002,-0.44145,9.48627
88787877900,22.09,-0.004258603374866164,0.01064650843716541,0.0,0.0,-0.45126,9.58437
88792928405,22.09,-0.002129301687433082,0.0,0.0,-0.02943,-0.43164,9.81
88797978910,22.09,0.001064650843716541,-0.008517206749732328,0.0,-0.039240000000000004,-0.45126,9.96696
88803029415,22.09,-0.006387905062299246,-0.021310470166850764,0.0,-0.02943,-0.45126,10.03563
88808079920,22.09,-0.012775810124598492,-0.02663372438543347,0.0,0.019620000000000002,-0.49050000000000005,9.94734
88813130425,22.09,-0.0170518667919846,-0.01811651763570114,0.0,0.11772,-0.50031,9.80019
88818180930,22.09,-0.01918116847941768,-0.003193952531149623,0.0,0.15696000000000002,-0.49050000000000005,9.72171
88823231435,22.09,-0.011711159280881954,0.013840460968315033,0.0,0.14715,-0.50031,9.770760000000001
88828281940,22.09,-0.01811651763570114,0.023439771854283843,0.0,0.08829,-0.49050000000000005,9.78057
88833332445,22.09,-0.01918116847941768,0.015987215948268057,0.0,0.009810000000000001,-0.5395500000000001,9.92772
88838382950,22.09,-0.021310470166850764,0.002129301687433082,0.0,0.0,-0.5395500000000001,9.97677
88843433455,22.09,-0.022375121010567305,0.004258603374866164,0.0,0.0,-0.56898,9.97677
88848483960,22.09,-0.013840460968315033,0.004258603374866164,0.0,0.0,-0.56898,9.98658
88853534465,22.09,-0.004258603374866164,0.004258603374866164,0.0,0.0,-0.57879,9.908100000000001
88858584970,22.09,0.001064650843716541,-0.002129301687433082,0.0,0.0,-0.56898,9.7119
88863635475,22.09,0.002129301687433082,0.0,0.0,0.05886,-0.5395500000000001,9.54513
88868685980,22.09,0.001064650843716541,0.006387905062299246,0.0,0.039240000000000004,-0.50031,9.5157
88873736485,22.09,0.004258603374866164,0.013840460968315033,0.0,0.02943,-0.50031,9.633420000000001
88878786990,22.09,0.005323254218582705,0.0170518667919846,0.0,-0.04905,-0.47088,9.84924
88883837495,22.09,0.003193952531149623,0.008517206749732328,0.0,-0.10791,-0.46107000000000004,9.97677
88888888000,22.09,0.005323254218582705,-0.00958185759344887,0.0,-0.0981,-0.45126,9.86886
88893938505,22.09,0.004258603374866164,-0.022375121010567305,0.0,-0.04905,-0.44145,9.73152
88898989010,22.09,0.004258603374866164,-0.02769837522915001,0.0,0.04905,-0.40221,9.68247
88904039515,22.09,0.002129301687433082,-0.028763026072866547,0.0,0.10791,-0.42183,9.6138
88909090020,22.09,-0.006387905062299246,-0.03089232776029963,0.0,0.16677000000000003,-0.45126,9.770760000000001
88914140525,22.09,-0.012775810124598492,-0.022375121010567305,0.0,0.20601000000000003,-0.44145,9.86886
88919191030,22.09,-0.015987215948268057,-0.0170518667919846,0.0,0.20601000000000003,-0.48069000000000006,9.95715
88924241535,22.09,-0.015987215948268057,-0.001064650843716541,0.0,0.17658,-0.51012,10.11411
88929292040,22.09,-0.021310470166850764,0.0170518667919846,0.0,0.17658,-0.51993,10.08468
88934342545,22.09,-0.014905111812031574,0.03728023282259888,0.0,0.11772,-0.56898,9.98658
88939393050,22.09,-0.013840460968315033,0.03408628029144926,0.0,0.039240000000000004,-0.5493600000000001,9.86886
88944443555,22.09,-0.01918116847941768,0.03834488366631542,0.0,0.0,-0.5591700000000001,9.73152
88949494060,22.09,-0.01064650843716541,0.031956978604016174,0.0,-0.05886,-0.57879,9.7119
88954544565,22.09,-0.011711159280881954,0.024504422698000388,0.0,-0.11772,-0.57879,9.81
88959595070,22.09,-0.004258603374866164,0.007452555906015787,0.0,-0.12753,-0.5886,9.91791
88964645575,22.09,0.001064650843716541,-0.013840460968315033,0.0,-0.14715,-0.59841,10.025820000000001
88969696080,22.09,0.006387905062299246,-0.03408628029144926,0.0,-0.0981,-0.56898,9.97677
88974746585,22.09,0.00958185759344887,-0.039409534510031964,0.0,0.019620000000000002,-0.5395500000000001,9.78057
88979797090,22.09,0.011711159280881954,-0.023439771854283843,0.0,0.07848000000000001,-0.5395500000000001,9.633420000000001
88984847595,22.09,0.0170518667919846,-0.007452555906015787,0.0,0.13734000000000002,-0.49050000000000005,9.623610000000001
88989898100,22.09,0.0170518667919846,0.0,0.0,0.13734000000000002,-0.49050000000000005,9.633420000000001
88994948605,22.09,0.014905111812031574,0.001064650843716541,0.0,0.11772,-0.45126,9.70209
88999999110,22.09,0.015987215948268057,0.0,0.0,0.10791,-0.42183,9.81
89005049615,22.09,0.013840460968315033,0.006387905062299246,0.0,0.07848000000000001,-0.41202000000000005,9.83943
89010100120,22.09,0.012775810124598492,0.005323254218582705,0.0,0.07848000000000001,-0.44145,9.83943
89015150625,22.09,0.007452555906015787,0.011711159280881954,0.0,0.019620000000000002,-0.40221,9.81
89020201130,22.09,0.001064650843716541,0.011711159280881954,0.0,0.009810000000000001,-0.40221,9.623610000000001
89025251635,22.09,-0.003193952531149623,0.006387905062299246,0.0,0.039240000000000004,-0.40221,9.52551
89030302140,22.09,-0.007452555906015787,-0.001064650843716541,0.0,0.04905,-0.41202000000000005,9.59418
89035352645,22.09,-0.01064650843716541,0.0,0.0,0.04905,-0.44145,9.66285
89040403150,22.09,-0.015987215948268057,0.0,0.0,0.02943,-0.47088,9.86886
89045453655,22.09,-0.024504422698000388,-0.006387905062299246,0.0,0.0,-0.48069000000000006,10.01601
89050504160,22.09,-0.021310470166850764,-0.006387905062299246,0.0,0.0,-0.51012,9.96696
89055554665,22.09,-0.021310470166850764,-0.011711159280881954,0.0,0.019620000000000002,-0.56898,9.86886
89060605170,22.09,-0.0170518667919846,-0.00958185759344887,0.0,0.08829,-0.57879,9.760950000000001
89065655675,22.09,-0.013840460968315033,-0.003193952531149623,0.0,0.08829,-0.60822,9.7119
89070706180,22.09,-0.011711159280881954,0.002129301687433082,0.0,0.12753,-0.59841,9.819809999999999
89075756685,22.09,-0.00958185759344887,0.003193952531149623,0.0,0.06867000000000001,-0.5886,9.99639
89080807190,22.09,-0.004258603374866164,0.001064650843716541,0.0,0.04905,-0.60822,10.05525
89085857695,22.09,-0.004258603374866164,0.001064650843716541,0.0,0.05886,-0.6278400000000001,10.11411
89090908200,22.09,0.0,0.0,0.0,0.06867000000000001,-0.6278400000000001,10.05525
89095958705,22.09,0.008517206749732328,-0.003193952531149623,0.0,0.06867000000000001,-0.59841,9.95715
89101009210,22.09,0.0170518667919846,-0.004258603374866164,0.0,0.04905,-0.56898,9.89829
89106059715,22.09,0.014905111812031574,0.0,0.0,0.06867000000000001,-0.5493600000000001,9.87867
89111110220,22.09,0.022375121010567305,0.0,0.0,0.07848000000000001,-0.5395500000000001,9.760950000000001
89116160725,22.09,0.024504422698000388,0.0,0.0,0.11772,-0.5493600000000001,9.81
89121211230,22.09,0.020245819323134222,0.003193952531149623,0.0,0.07848000000000001,-0.49050000000000005,9.85905
89126261735,22.09,0.0170518667919846,0.00958185759344887,0.0,0.06867000000000001,-0.46107000000000004,9.92772
89131312240,22.09,0.021310470166850764,0.007452555906015787,0.0,0.019620000000000002,-0.45126,9.94734
89136362745,22.09,0.021310470166850764,0.00958185759344887,0.0,0.02943,-0.43164,9.82962
89141413250,22.09,0.023439771854283843,0.004258603374866164,0.0,0.009810000000000001,-0.43164,9.70209
89146463755,22.09,0.022375121010567305,0.001064650843716541,0.0,0.039240000000000004,-0.42183,9.64323
89151514260,22.09,0.013840460968315033,-0.001064650843716541,0.0,0.039240000000000004,-0.40221,9.65304
89156564765,22.09,0.01064650843716541,0.0,0.0,0.05886,-0.45126,9.80019
89161615270,22.09,0.001064650843716541,0.002129301687433082,-0.005323254218582705,0.009810000000000001,-0.43164,9.87867
89166665775,22.09,-0.004258603374866164,-0.003193952531149623,-0.001064650843716541,0.0,-0.50031,9.937529999999999
89171716280,22.09,-0.005323254218582705,-0.012775810124598492,0.001064650843716541,0.019620000000000002,-0.51012,9.89829
89176766785,22.09,-0.006387905062299246,-0.023439771854283843,0.0,0.0981,-0.51993,9.84924
89181817290,22.09,0.0,-0.013840460968315033,-0.001064650843716541,0.12753,-0.51012,9.751140000000001
89186867795,22.09,-0.001064650843716541,-0.0,-0.003193952531149623,0.17658,-0.52974,9.67266
89191918300,22.09,0.006387905062299246,0.007452555906015787,0.0,0.14715,-0.51993,9.67266
89196968805,22.09,0.002129301687433082,0.011711159280881954,-0.002129301687433082,0.14715,-0.5395500000000001,9.623610000000001
89202019310,22.09,0.004258603374866164,0.012775810124598492,-0.001064650843716541,0.0981,-0.52974,9.70209
89207069815,22.09,0.005323254218582705,0.014905111812031574,-0.001064650843716541,0.08829,-0.51012,9.81
89212120320,22.09,0.01064650843716541,0.014905111812031574,-0.001064650843716541,0.009810000000000001,-0.50031,9.86886
89217170825,22.09,0.0170518667919846,0.014905111812031574,0.001064650843716541,-0.02943,-0.51012,9.888480000000001
89222221330,22.09,0.0170518667919846,0.012775810124598492,0.0,-0.05886,-0.48069000000000006,9.888480000000001
89227271835,22.09,0.014905111812031574,0.001064650843716541,-0.002129301687433082,-0.05886,-0.51012,9.79038
89232322340,22.09,0.004258603374866164,-0.014905111812031574,0.0,-0.04905,-0.47088,9.80019
89237372845,22.09,0.0,-0.023439771854283843,0.0,0.0,-0.49050000000000005,9.888480000000001
89242423350,22.09,0.002129301687433082,-0.024504422698000388,-0.002129301687433082,0.04905,-0.51993,9.96696
89247473855,22.09,0.00958185759344887,-0.022375121010567305,0.001064650843716541,0.10791,-0.51993,9.94734
89252524360,22.09,0.01064650843716541,-0.023439771854283843,-0.001064650843716541,0.14715,-0.51012,10.045440000000001
89257574865,22.09,0.012775810124598492,-0.022375121010567305,0.0,0.18639,-0.5395500000000001,9.92772
89262625370,22.09,0.006387905062299246,-0.011711159280881954,-0.001064650843716541,0.25506,-0.5395500000000001,9.83943
89267675875,22.09,0.012775810124598492,0.0,0.001064650843716541,0.26487,-0.49050000000000005,9.751140000000001
89272726380,22.09,0.013840460968315033,0.015987215948268057,-0.002129301687433082,0.23544,-0.50031,9.7119
89277776885,22.09,0.015987215948268057,0.01811651763570114,0.0,0.20601000000000003,-0.51012,9.770760000000001
89282827390,22.09,0.0170518667919846,0.02663372438543347,-0.001064650843716541,0.10791,-0.51012,9.89829
89287877895,22.09,0.014905111812031574,0.02769837522915001,-0.002129301687433082,0.019620000000000002,-0.48069000000000006,9.97677
89292928400,22.09,0.012775810124598492,0.024504422698000388,-0.003193952531149623,-0.02943,-0.49050000000000005,9.97677
89297978905,22.09,0.012775810124598492,0.01811651763570114,0.0,-0.039240000000000004,-0.50031,9.81
89303029410,22.09,0.015987215948268057,0.00958185759344887,0.0,-0.02943,-0.44145,9.59418
89308079915,22.09,0.022375121010567305,-0.003193952531149623,0.0,-0.009810000000000001,-0.44145,9.56475
89313130420,22.09,0.02982767691658309,-0.008517206749732328,0.0,0.009810000000000001,-0.46107000000000004,9.64323
89318180925,22.09,0.024504422698000388,-0.005323254218582705,0.0,0.0,-0.43164,9.7119
89323231430,22.09,0.021310470166850764,-0.006387905062299246,0.0,0.0,-0.42183,9.84924
89328281935,22.09,0.011711159280881954,-0.014905111812031574,0.0,0.02943,-0.48069000000000006,9.94734
89333332440,22.09,0.008517206749732328,-0.024504422698000388,0.0,0.07848000000000001,-0.47088,9.819809999999999
89338382945,22.09,0.005323254218582705,-0.028763026072866547,0.0,0.15696000000000002,-0.46107000000000004,9.81
89343433450,22.09,0.01064650843716541,-0.022375121010567305,0.002129301687433082,0.18639,-0.45126,9.84924
89348483955,22.09,0.015987215948268057,0.0,-0.002129301687433082,0.1962,-0.45126,9.81
89353534460,22.09,0.01811651763570114,0.007452555906015787,0.0,0.17658,-0.49050000000000005,9.82962
89358584965,22.09,0.013840460968315033,0.012775810124598492,0.0,0.16677000000000003,-0.51993,9.87867
89363635470,22.09,0.004258603374866164,0.011711159280881954,0.001064650843716541,0.12753,-0.52974,9.92772
89368685975,22.09,-0.005323254218582705,0.003193952531149623,0.0,0.0981,-0.51993,9.94734
89373736480,22.09,-0.003193952531149623,0.001064650843716541,0.001064650843716541,0.0981,-0.5493600000000001,9.98658
89378786985,22.09,0.00958185759344887,0.004258603374866164,0.0,0.07848000000000001,-0.5395500000000001,9.94734
89383837490,22.09,0.022375121010567305,0.004258603374866164,-0.001064650843716541,0.0981,-0.5493600000000001,9.95715
89388887995,22.09,0.028763026072866547,0.005323254218582705,-0.002129301687433082,0.07848000000000001,-0.52974,9.908100000000001
89393938500,22.09,0.02663372438543347,0.012775810124598492,0.0,0.07848000000000001,-0.52974,9.81
89398989005,22.09,0.014905111812031574,0.014905111812031574,-0.001064650843716541,0.039240000000000004,-0.5395500000000001,9.80019
89404039510,22.09,0.01918116847941768,0.004258603374866164,0.002129301687433082,0.019620000000000002,-0.47088,9.79038
89409090015,22.09,0.024504422698000388,-0.003193952531149623,0.001064650843716541,0.039240000000000004,-0.48069000000000006,9.770760000000001
89414140520,22.09,0.03728023282259888,-0.02556907354171693,0.004258603374866164,0.039240000000000004,-0.50031,9.87867
89419191025,22.09,0.04260348704118158,-0.024504422698000388,-0.003193952531149623,0.12753,-0.46107000000000004,9.95715
89424241530,22.09,0.04581489286485115,-0.01064650843716541,-0.004258603374866164,0.16677000000000003,-0.43164,9.83943
89429292035,22.09,0.03515093113516579,0.004258603374866164,-0.002129301687433082,0.15696000000000002,-0.41202000000000005,9.78057
89434342540,22.09,0.02556907354171693,0.01064650843716541,-0.002129301687433082,0.12753,-0.40221,9.66285
89439393045,22.09,0.0170518667919846,0.014905111812031574,0.0,0.10791,-0.40221,9.56475
89444443550,22.09,0.01811651763570114,0.011711159280881954,-0.002129301687433082,0.0981,-0.40221,9.59418
89449494055,22.09,0.023439771854283843,0.0,0.0,0.07848000000000001,-0.3924,9.751140000000001
89454544560,22.09,0.033021629447732716,-0.012775810124598492,0.0,0.0981,-0.3924,9.81
89459595065,22.09,0.033021629447732716,-0.013840460968315033,-0.003193952531149623,0.13734000000000002,-0.3924,9.97677
89464645570,22.09,0.0170518667919846,-0.002129301687433082,-0.003193952531149623,0.15696000000000002,-0.41202000000000005,9.96696
89469696075,22.09,0.004258603374866164,0.015987215948268057,0.0,0.12753,-0.44145,9.79038
89474746580,22.09,-0.004258603374866164,0.03728023282259888,0.001064650843716541,0.05886,-0.43164,9.66285
89479797085,22.09,-0.005323254218582705,0.039409534510031964,0.002129301687433082,0.0,-0.42183,9.64323
89484847590,22.09,0.006387905062299246,0.007452555906015787,0.002129301687433082,-0.04905,-0.47088,9.633420000000001
89489898095,22.09,0.015987215948268057,-0.03089232776029963,-0.001064650843716541,-0.05886,-0.48069000000000006,9.86886
89494948600,22.09,0.023439771854283843,-0.05326744877086694,-0.004258603374866164,0.039240000000000004,-0.51012,10.074869999999999
89499999105,22.09,0.01918116847941768,-0.05220279792715039,-0.002129301687433082,0.1962,-0.5395500000000001,10.11411
89505049610,22.09,0.013840460968315033,-0.028763026072866547,-0.001064650843716541,0.27468000000000004,-0.51012,10.03563
89510100115,22.09,0.005323254218582705,0.008517206749732328,-0.001064650843716541,0.28449,-0.51012,9.82962
89515150620,22.09,0.01811651763570114,0.03408628029144926,0.0,0.22563,-0.51012,9.64323
89520201125,22.09,0.02556907354171693,0.033021629447732716,0.001064650843716541,0.18639,-0.48069000000000006,9.68247
89525251630,22.09,0.0404741853537485,0.020245819323134222,0.0,0.0981,-0.46107000000000004,9.760950000000001
89530302135,22.09,0.04260348704118158,0.008517206749732328,0.0,0.06867000000000001,-0.44145,9.85905
89535352640,22.09,0.03621558197888234,-0.001064650843716541,-0.002129301687433082,0.05886,-0.47088,10.05525
89540403145,22.09,0.03089232776029963,-0.023439771854283843,-0.001064650843716541,0.0981,-0.43164,10.12392
89545453650,22.09,0.02769837522915001,-0.02663372438543347,-0.001064650843716541,0.14715,-0.44145,9.97677
89550504155,22.09,0.02556907354171693,-0.02982767691658309,0.0,0.21582,-0.44145,9.94734
89555554660,22.09,0.03621558197888234,-0.023439771854283843,0.0,0.30411,-0.42183,9.79038
89560605165,22.09,0.039409534510031964,0.007452555906015787,0.0,0.31392000000000003,-0.3924,9.67266
89565655670,22.09,0.039409534510031964,0.039409534510031964,0.0,0.23544,-0.41202000000000005,9.68247
89570706175,22.09,0.03089232776029963,0.054332099614583476,0.0,0.12753,-0.3924,9.888480000000001
89575756680,22.09,0.020245819323134222,0.04581489286485115,0.0,0.0,-0.41202000000000005,9.95715
89580807185,22.09,0.00958185759344887,0.03408628029144926,0.0,-0.13734000000000002,-0.41202000000000005,10.01601
89585857690,22.09,0.015987215948268057,0.004258603374866164,0.0,-0.12753,-0.42183,9.908100000000001
89590908195,22.09,0.03089232776029963,-0.03089232776029963,-0.001064650843716541,-0.06867000000000001,-0.42183,9.72171
89595958700,22.09,0.04366813788489812,-0.05859070298944965,0.0,0.0981,-0.43164,9.60399
89601009205,22.09,0.04366813788489812,-0.05965535383316618,-0.001064650843716541,0.22563,-0.40221,9.623610000000001
89606059710,22.09,0.033021629447732716,-0.05007349623971732,-0.002129301687433082,0.33354000000000006,-0.42183,9.67266
89611110215,22.09,0.020245819323134222,-0.008517206749732328,-0.002129301687433082,0.36297,-0.43164,9.79038
89616160720,22.09,0.01918116847941768,0.028763026072866547,0.0,0.28449,-0.41202000000000005,9.819809999999999
89621211225,22.09,0.020245819323134222,0.031956978604016174,0.001064650843716541,0.1962,-0.41202000000000005,9.888480000000001
89626261730,22.09,0.03515093113516579,0.022375121010567305,0.0,0.13734000000000002,-0.41202000000000005,9.91791
89631312235,22.09,0.04260348704118158,0.02982767691658309,-0.003193952531149623,0.13734000000000002,-0.38259000000000004,9.819809999999999
89636362740,22.09,0.04366813788489812,0.04794419455228423,-0.001064650843716541,0.009810000000000001,-0.38259000000000004,9.770760000000001
89641413245,22.09,0.033021629447732716,0.05752605214573309,0.0,-0.08829,-0.36297,9.7119
89646463750,22.09,0.0170518667919846,0.03728023282259888,0.001064650843716541,-0.16677000000000003,-0.38259000000000004,9.68247
89651514255,22.09,0.011711159280881954,-0.004258603374866164,0.001064650843716541,-0.17658,-0.3924,9.74133
89656564760,22.09,0.013840460968315033,-0.04794419455228423,0.002129301687433082,-0.0981,-0.41202000000000005,9.82962
89661615265,22.09,0.03515093113516579,-0.07243116395776468,-0.001064650843716541,0.039240000000000004,-0.3924,9.91791
89666665770,22.09,0.04260348704118158,-0.07990117315630041,0.0,0.1962,-0.40221,9.937529999999999
89671716275,22.09,0.04260348704118158,-0.08309512568745003,0.0,0.38259000000000004,-0.40221,9.97677
89676766780,22.09,0.031956978604016174,-0.06604325889546543,0.0,0.5395500000000001,-0.42183,9.81
89681817285,22.09,0.01918116847941768,-0.022375121010567305,0.0,0.60822,-0.42183,9.751140000000001
89686867790,22.09,0.01918116847941768,0.021310470166850764,0.0,0.5886,-0.41202000000000005,9.751140000000001
89691918295,22.09,0.021310470166850764,0.054332099614583476,0.0,0.47088,-0.40221,9.94734
89696968800,22.09,0.03408628029144926,0.07990117315630041,0.0,0.2943,-0.41202000000000005,10.09449
89702019305,22.09,0.046879543708567686,0.08735372906231618,0.0,0.04905,-0.42183,10.182780000000001
89707069810,22.09,0.039409534510031964,0.08415977653116657,0.0,-0.12753,-0.43164,10.08468
89712120315,22.09,0.028763026072866547,0.07349581480148122,0.0,-0.23544,-0.43164,9.908100000000001
89717170820,22.09,0.023439771854283843,0.06178465552059926,0.0,-0.37278,-0.41202000000000005,9.751140000000001
89722221325,22.09,0.02663372438543347,0.0404741853537485,0.0,-0.42183,-0.40221,9.65304
89727271830,22.09,0.03728023282259888,-0.003193952531149623,0.0,-0.42183,-0.40221,9.70209
89732322335,22.09,0.04581489286485115,-0.05326744877086694,0.0,-0.36297,-0.41202000000000005,9.83943
89737372840,22.09,0.049008845396000776,-0.09267698328089889,0.0,-0.18639,-0.3924,9.87867
89742423345,22.09,0.04794419455228423,-0.10545279340549739,0.0,0.039240000000000004,-0.41202000000000005,9.85905
89747473850,22.09,0.04581489286485115,-0.09054768159346581,0.0,0.22563,-0.38259000000000004,9.81
89752524355,22.09,0.044732788728614664,-0.07030186227033158,0.0,0.44145,-0.36297,9.69228
89757574860,22.09,0.04260348704118158,-0.049008845396000776,0.0,0.5493600000000001,-0.33354000000000006,9.633420000000001
89762625365,22.09,0.054332099614583476,-0.023439771854283843,0.0,0.59841,-0.32373,9.59418
89767675870,22.09,0.05539675045830002,0.006387905062299246,0.0,0.5886,-0.2943,9.65304
89772726375,22.09,0.05539675045830002,0.033021629447732716,0.0,0.5493600000000001,-0.2943,9.770760000000001
89777776880,22.09,0.049008845396000776,0.05007349623971732,0.0,0.41202000000000005,-0.28449,9.86886
89782827385,22.09,0.03728023282259888,0.06178465552059926,0.0,0.2943,-0.27468000000000004,9.83943
89787877890,22.09,0.033021629447732716,0.07030186227033158,0.0,0.14715,-0.27468000000000004,9.751140000000001
89792928395,22.09,0.02769837522915001,0.07883652231258387,0.0,0.0,-0.25506,9.770760000000001
89797978900,22.09,0.03621558197888234,0.0756251164889143,0.0,-0.16677000000000003,-0.27468000000000004,9.78057
89803029405,22.09,0.03089232776029963,0.060720004676882725,0.0,-0.2943,-0.2943,9.73152
89808079910,22.09,0.021310470166850764,0.02663372438543347,0.0,-0.37278,-0.33354000000000006,9.80019
89813130415,22.09,0.011711159280881954,-0.008517206749732328,0.0,-0.3924,-0.34335000000000004,9.89829
89818180920,22.09,0.00958185759344887,-0.03834488366631542,0.0,-0.30411,-0.41202000000000005,9.97677
89823231425,22.09,0.006387905062299246,-0.05326744877086694,0.0,-0.22563,-0.44145,10.03563
89828281930,22.09,0.008517206749732328,-0.07349581480148122,0.0,-0.07848000000000001,-0.45126,10.09449
89833332435,22.09,0.022375121010567305,-0.09054768159346581,0.0,0.12753,-0.48069000000000006,10.045440000000001
89838382940,22.09,0.03834488366631542,-0.0756251164889143,0.0,0.30411,-0.49050000000000005,9.96696
89843433445,22.09,0.04260348704118158,-0.04153883619746504,0.0,0.42183,-0.49050000000000005,9.819809999999999
89848483950,22.09,0.03621558197888234,-0.005323254218582705,0.0,0.44145,-0.48069000000000006,9.81
89853534455,22.09,0.04366813788489812,0.01811651763570114,0.0,0.42183,-0.45126,9.87867
89858584960,22.09,0.054332099614583476,0.03728023282259888,0.0,0.32373,-0.42183,9.92772
89863635465,22.09,0.06817256058289851,0.0404741853537485,0.0,0.21582,-0.40221,9.92772
89868685970,22.09,0.0756251164889143,0.033021629447732716,0.0,0.13734000000000002,-0.34335000000000004,9.97677
89873736475,22.09,0.07990117315630041,0.033021629447732716,0.0,0.07848000000000001,-0.32373,9.86886
89878786980,22.09,0.06923721142661506,0.044732788728614664,0.0,0.019620000000000002,-0.26487,9.72171
89883837485,22.09,0.05859070298944965,0.03621558197888234,0.0,-0.039240000000000004,-0.21582,9.6138
89888887990,22.09,0.05859070298944965,0.0170518667919846,0.0,-0.07848000000000001,-0.18639,9.57456
89893938495,22.09,0.060720004676882725,-0.005323254218582705,-0.005323254218582705,-0.07848000000000001,-0.1962,9.633420000000001
89898989000,22.09,0.060720004676882725,-0.033021629447732716,-0.001064650843716541,-0.02943,-0.18639,9.81
89904039505,22.09,0.05220279792715039,-0.06284930636431581,0.0,0.05886,-0.1962,9.91791
89909090010,22.09,0.04581489286485115,-0.07990117315630041,0.0,0.1962,-0.21582,9.99639
89914140515,22.09,0.03728023282259888,-0.08309512568745003,0.001064650843716541,0.40221,-0.26487,9.92772
89919191020,22.09,0.02663372438543347,-0.06817256058289851,0.001064650843716541,0.56898,-0.25506,9.770760000000001
89924241525,22.09,0.02556907354171693,-0.04153883619746504,0.0,0.6670800000000001,-0.27468000000000004,9.70209
89929292030,22.09,0.02769837522915001,-0.005323254218582705,-0.002129301687433082,0.71613,-0.28449,9.770760000000001
89934342535,22.09,0.03089232776029963,0.03089232776029963,0.0,0.6180300000000001,-0.31392000000000003,9.82962
89939393040,22.09,0.02769837522915001,0.06923721142661506,-0.003193952531149623,0.49050000000000005,-0.37278,9.92772
89944443545,22.09,0.03089232776029963,0.10653489754173388,-0.002129301687433082,0.25506,-0.33354000000000006,9.95715
89949494050,22.09,0.03089232776029963,0.13634512116579703,0.0,0.02943,-0.36297,9.98658
89954544555,22.09,0.02769837522915001,0.14913838458291545,0.0,-0.28449,-0.35316,9.87867
89959595060,22.09,0.033021629447732716,0.12569861272863161,-0.003193952531149623,-0.5395500000000001,-0.34335000000000004,9.81
89964645565,22.09,0.04260348704118158,0.0756251164889143,-0.001064650843716541,-0.72594,-0.31392000000000003,9.68247
89969696070,22.09,0.046879543708567686,0.02769837522915001,-0.001064650843716541,-0.7651800000000001,-0.31392000000000003,9.633420000000001
89974746575,22.09,0.060720004676882725,-0.031956978604016174,-0.002129301687433082,-0.73575,-0.33354000000000006,9.72171
89979797080,22.09,0.05752605214573309,-0.08841837990603273,0.0,-0.57879,-0.30411,9.760950000000001
89984847585,22.09,0.05326744877086694,-0.1278279144160647,-0.001064650843716541,-0.30411,-0.2943,9.81
89989898090,22.09,0.054332099614583476,-0.14913838458291545,0.0,0.0,-0.2943,9.83943
89994948595,22.09,0.05859070298944965,-0.150203035426632,0.0,0.32373,-0.30411,9.80019
89999999100,22.09,0.06284930636431581,-0.13849187614575004,-0.002129301687433082,0.6180300000000001,-0.27468000000000004,9.751140000000001
90005049605,22.09,0.06710790973918197,-0.10866419922916695,-0.001064650843716541,0.85347,-0.23544,9.80019
90010100110,22.09,0.07243116395776468,-0.05752605214573309,0.0,1.03005,-0.22563,9.83943
90015150615,22.09,0.06391395720803235,0.005323254218582705,-0.001064650843716541,1.03005,-0.1962,9.82962
90020201120,22.09,0.04794419455228423,0.05539675045830002,-0.004258603374866164,0.85347,-0.20601000000000003,9.937529999999999
90025251625,22.09,0.044732788728614664,0.09267698328089889,-0.002129301687433082,0.6867000000000001,-0.1962,10.006200000000002
90030302130,22.09,0.0404741853537485,0.1171814059788993,-0.002129301687433082,0.45126,-0.20601000000000003,9.99639
90035352635,22.09,0.04581489286485115,0.1331511686346474,-0.003193952531149623,0.17658,-0.21582,9.97677
90040403140,22.09,0.046879543708567686,0.12995721610349775,-0.003193952531149623,-0.0981,-0.21582,9.92772
90045453645,22.09,0.04366813788489812,0.11185815176031658,0.0,-0.30411,-0.22563,9.81
90050504150,22.09,0.03728023282259888,0.0852244273748831,0.0,-0.49050000000000005,-0.25506,9.79038
90055554655,22.09,0.02663372438543347,0.05113814708343386,0.0,-0.5886,-0.28449,9.760950000000001
90060605160,22.09,0.03089232776029963,0.014905111812031574,0.0,-0.60822,-0.28449,9.760950000000001
90065655665,22.09,0.03728023282259888,-0.015987215948268057,-0.001064650843716541,-0.57879,-0.27468000000000004,9.81
90070706170,22.09,0.039409534510031964,-0.04794419455228423,0.0,-0.50031,-0.35316,9.87867
90075756675,22.09,0.05007349623971732,-0.08415977653116657,0.0,-0.32373,-0.31392000000000003,9.79038
90080807180,22.09,0.054332099614583476,-0.10225884087434776,0.0,-0.10791,-0.2943,9.67266
90085857685,22.09,0.05752605214573309,-0.10438814256178083,0.0,0.10791,-0.28449,9.623610000000001
90090908190,22.09,0.060720004676882725,-0.10225884087434776,0.001064650843716541,0.32373,-0.25506,9.57456
90095958695,22.09,0.06391395720803235,-0.08948303074974927,-0.002129301687433082,0.51993,-0.24525000000000002,9.65304
90101009200,22.09,0.07243116395776468,-0.08415977653116657,0.002129301687433082,0.6768900000000001,-0.1962,9.78057
90106059705,22.09,0.07670722062515077,-0.06391395720803235,0.0,0.80442,-0.16677000000000003,9.888480000000001
90111110210,22.09,0.08415977653116657,-0.031956978604016174,0.001064650843716541,0.8829,-0.16677000000000003,9.96696
90116160715,22.09,0.07030186227033158,0.01918116847941768,-0.003193952531149623,0.85347,-0.13734000000000002,9.937529999999999
90121211220,22.09,0.05646140130201656,0.06391395720803235,-0.002129301687433082,0.74556,-0.12753,9.89829
90126261725,22.09,0.05326744877086694,0.11292280260403312,-0.002129301687433082,0.51993,-0.13734000000000002,9.85905
90131312230,22.09,0.049008845396000776,0.15233233711406508,-0.002129301687433082,0.1962,-0.11772,9.86886
90136362735,22.09,0.044732788728614664,0.16510814723866357,-0.002129301687433082,-0.14715,-0.0981,9.888480000000001
90141413240,22.09,0.04153883619746504,0.1555262896452147,-0.003193952531149623,-0.45126,-0.16677000000000003,9.92772
90146463745,22.09,0.03621558197888234,0.12463396188491506,0.0,-0.73575,-0.15696000000000002,9.97677
90151514250,22.09,0.02982767691658309,0.07670722062515077,0.002129301687433082,-0.86328,-0.20601000000000003,9.908100000000001
90156564755,22.09,0.028763026072866547,0.006387905062299246,0.001064650843716541,-0.9123300000000001,-0.21582,9.81
90161615260,22.09,0.02982767691658309,-0.07670722062515077,0.0,-0.7749900000000001,-0.26487,9.72171
90166665765,22.09,0.03515093113516579,-0.14594443205176583,0.002129301687433082,-0.46107000000000004,-0.25506,9.64323
90171716270,22.09,0.05220279792715039,-0.19708257913519966,0.001064650843716541,-0.07848000000000001,-0.27468000000000004,9.65304
90176766775,22.09,0.05539675045830002,-0.21092304010351473,-0.001064650843716541,0.34335000000000004,-0.2943,9.760950000000001
90181817280,22.09,0.06817256058289851,-0.19174187162409706,0.0,0.7651800000000001,-0.27468000000000004,9.86886
90186867785,22.09,0.06817256058289851,-0.12250466019748199,-0.002129301687433082,1.06929,-0.27468000000000004,9.908100000000001
90191918290,22.09,0.07136651311404815,-0.03515093113516579,-0.003193952531149623,1.1281500000000002,-0.21582,9.96696
90196968795,22.09,0.07456046564519776,0.05326744877086694,-0.001064650843716541,1.03005,-0.1962,9.86886
90202019300,22.09,0.0756251164889143,0.13102186694721432,-0.002129301687433082,0.8142300000000001,-0.14715,9.81
90207069805,22.09,0.0756251164889143,0.17683675981206545,0.0,0.43164,-0.12753,9.819809999999999
90212120310,22.09,0.07670722062515077,0.19174187162409706,-0.001064650843716541,0.039240000000000004,-0.08829,9.760950000000001
90217170815,22.09,0.0756251164889143,0.1672549022186166,-0.003193952531149623,-0.30411,-0.04905,9.79038
90222221320,22.09,0.06497860805174888,0.1097288500728835,-0.002129301687433082,-0.57879,-0.039240000000000004,9.78057
90227271825,22.09,0.06284930636431581,0.05220279792715039,-0.003193952531149623,-0.69651,-0.05886,9.819809999999999
90232322330,22.09,0.05539675045830002,-0.011711159280881954,0.0,-0.69651,-0.05886,9.81
90237372835,22.09,0.046879543708567686,-0.06604325889546543,-0.002129301687433082,-0.5591700000000001,-0.05886,9.79038
90242423340,22.09,0.04794419455228423,-0.08203047484373349,0.002129301687433082,-0.35316,-0.08829,9.73152
90247473845,22.09,0.04366813788489812,-0.09587093581204853,0.0,-0.15696000000000002,-0.10791,9.73152
90252524350,22.09,0.03834488366631542,-0.09906488834319814,-0.002129301687433082,0.06867000000000001,-0.12753,9.623610000000001
90257574855,22.09,0.03515093113516579,-0.08628907821859966,0.0,0.23544,-0.16677000000000003,9.69228
90262625360,22.09,0.03515093113516579,-0.08415977653116657,0.0,0.43164,-0.15696000000000002,9.81
90267675865,22.09,0.04581489286485115,-0.06817256058289851,0.0,0.5493600000000001,-0.17658,9.89829
90272726370,22.09,0.05007349623971732,-0.04153883619746504,-0.002129301687433082,0.63765,-0.18639,9.908100000000001
90277776875,22.09,0.05220279792715039,-0.012775810124598492,-0.002129301687433082,0.65727,-0.20601000000000003,9.96696
90282827380,22.09,0.05965535383316618,0.031956978604016174,-0.002129301687433082,0.6278400000000001,-0.1962,9.888480000000001
90287877885,22.09,0.06178465552059926,0.07990117315630041,-0.005323254218582705,0.46107000000000004,-0.17658,9.84924
90292928390,22.09,0.06178465552059926,0.10653489754173388,-0.001064650843716541,0.27468000000000004,-0.17658,9.84924
90297978895,22.09,0.060720004676882725,0.1288925652597812,0.0,0.0,-0.13734000000000002,9.80019
90303029400,22.09,0.05859070298944965,0.12037535851004891,0.0,-0.27468000000000004,-0.0981,9.87867
90308079905,22.09,0.06497860805174888,0.07777187146886733,0.0,-0.45126,-0.11772,9.81
90313130410,22.09,0.06497860805174888,0.01918116847941768,0.001064650843716541,-0.49050000000000005,-0.08829,9.85905
90318180915,22.09,0.07136651311404815,-0.04153883619746504,0.0,-0.43164,-0.06867000000000001,9.888480000000001
90323231420,22.09,0.07030186227033158,-0.08096582400001695,-0.001064650843716541,-0.25506,-0.07848000000000001,9.84924
90328281925,22.09,0.07030186227033158,-0.07777187146886733,0.0,-0.05886,-0.08829,9.81
90333332430,22.09,0.06710790973918197,-0.07030186227033158,-0.001064650843716541,0.07848000000000001,-0.04905,9.70209
90338382935,22.09,0.06391395720803235,-0.044732788728614664,0.0,0.18639,-0.04905,9.633420000000001
90343433440,22.09,0.05752605214573309,-0.02769837522915001,0.001064650843716541,0.28449,-0.039240000000000004,9.67266
90348483945,22.09,0.05965535383316618,-0.028763026072866547,0.002129301687433082,0.32373,-0.039240000000000004,9.72171
90353534450,22.09,0.05859070298944965,-0.020245819323134222,-0.002129301687433082,0.33354000000000006,-0.039240000000000004,9.81
90358584955,22.09,0.06497860805174888,-0.012775810124598492,0.0,0.34335000000000004,-0.05886,9.86886
90363635460,22.09,0.06284930636431581,0.0,-0.003193952531149623,0.3924,-0.039240000000000004,9.92772
90368685965,22.09,0.05646140130201656,0.01811651763570114,-0.004258603374866164,0.35316,-0.05886,9.94734
90373736470,22.09,0.054332099614583476,0.046879543708567686,0.0,0.25506,-0.05886,9.83943
90378786975,22.09,0.05007349623971732,0.07030186227033158,-0.002129301687433082,0.16677000000000003,-0.04905,9.770760000000001
90383837480,22.09,0.049008845396000776,0.07456046564519776,0.0,0.0,-0.08829,9.74133
90388887985,22.09,0.05113814708343386,0.06284930636431581,0.0,-0.14715,-0.08829,9.68247
90393938490,22.09,0.05113814708343386,0.03515093113516579,0.0,-0.25506,-0.06867000000000001,9.760950000000001
90398988995,22.09,0.054332099614583476,-0.001064650843716541,-0.004258603374866164,-0.27468000000000004,-0.07848000000000001,9.908100000000001
90404039500,22.09,0.05539675045830002,-0.02982767691658309,-0.003193952531149623,-0.22563,-0.06867000000000001,9.92772
90409090005,22.09,0.05752605214573309,-0.03621558197888234,-0.002129301687433082,-0.13734000000000002,-0.08829,9.87867
90414140510,22.09,0.060720004676882725,-0.03515093113516579,-0.005323254218582705,-0.04905,-0.05886,9.80019
90419191015,22.09,0.05859070298944965,-0.031956978604016174,-0.002129301687433082,0.07848000000000001,-0.07848000000000001,9.66285
90424241520,22.09,0.06391395720803235,-0.03089232776029963,0.001064650843716541,0.11772,-0.039240000000000004,9.633420000000001
90429292025,22.09,0.06284930636431581,-0.03621558197888234,0.0,0.15696000000000002,-0.009810000000000001,9.66285
90434342530,22.09,0.06817256058289851,-0.03621558197888234,-0.001064650843716541,0.26487,-0.009810000000000001,9.78057
90439393035,22.09,0.06923721142661506,-0.028763026072866547,0.0,0.28449,0.0,9.92772
90444443540,22.09,0.06497860805174888,-0.012775810124598492,-0.003193952531149623,0.2943,0.0,10.05525
90449494045,22.09,0.05859070298944965,0.007452555906015787,-0.003193952531149623,0.30411,-0.009810000000000001,10.06506
90454544550,22.09,0.05646140130201656,0.028763026072866547,-0.002129301687433082,0.26487,-0.019620000000000002,9.89829
90459595055,22.09,0.054332099614583476,0.046879543708567686,0.0,0.15696000000000002,-0.019620000000000002,9.770760000000001
90464645560,22.09,0.05859070298944965,0.05539675045830002,0.0,0.0981,0.0,9.60399
90469696065,22.09,0.05859070298944965,0.046879543708567686,0.0,-0.019620000000000002,-0.019620000000000002,9.59418
90474746570,22.09,0.05965535383316618,0.03621558197888234,0.0,-0.10791,0.0,9.83943
90479797075,22.09,0.05965535383316618,0.022375121010567305,-0.001064650843716541,-0.18639,-0.009810000000000001,9.94734
90484847580,22.09,0.05752605214573309,0.003193952531149623,-0.002129301687433082,-0.16677000000000003,-0.02943,9.95715
90489898085,22.09,0.05539675045830002,-0.01811651763570114,-0.002129301687433082,-0.18639,0.009810000000000001,9.91791
90494948590,22.09,0.05859070298944965,-0.03515093113516579,-0.003193952531149623,-0.07848000000000001,-0.009810000000000001,9.64323
90499999095,22.09,0.06497860805174888,-0.04153883619746504,0.0,0.04905,0.0,9.55494
90505049600,22.09,0.06923721142661506,-0.039409534510031964,-0.002129301687433082,0.12753,0.009810000000000001,9.623610000000001
90510100105,22.09,0.07243116395776468,-0.022375121010567305,-0.002129301687433082,0.18639,0.019620000000000002,9.65304
90515150610,22.09,0.06178465552059926,-0.003193952531149623,-0.003193952531149623,0.16677000000000003,0.039240000000000004,9.85905
90520201115,22.09,0.054332099614583476,0.001064650843716541,0.0,0.15696000000000002,0.009810000000000001,10.006200000000002
90525251620,22.09,0.046879543708567686,-0.001064650843716541,-0.001064650843716541,0.14715,0.019620000000000002,9.99639
90530302125,22.09,0.054332099614583476,-0.005323254218582705,0.0,0.17658,0.019620000000000002,9.908100000000001
90535352630,22.09,0.05859070298944965,-0.008517206749732328,-0.005323254218582705,0.17658,0.0,9.81
90540403135,22.09,0.07349581480148122,0.00958185759344887,-0.001064650843716541,0.20601000000000003,0.039240000000000004,9.73152
90545453640,22.09,0.06923721142661506,0.031956978604016174,0.0,0.12753,0.019620000000000002,9.70209
90550504145,22.09,0.06284930636431581,0.03621558197888234,0.0,0.05886,0.019620000000000002,9.78057
90555554650,22.09,0.04794419455228423,0.03089232776029963,-0.004258603374866164,-0.019620000000000002,0.019620000000000002,9.78057
90560605155,22.09,0.04581489286485115,0.007452555906015787,0.0,-0.04905,0.02943,9.81
90565655660,22.09,0.05752605214573309,-0.013840460968315033,0.0,-0.039240000000000004,0.05886,9.87867
90570706165,22.09,0.0756251164889143,-0.011711159280881954,-0.001064650843716541,0.019620000000000002,0.07848000000000001,9.84924
90575756670,22.09,0.07883652231258387,-0.011711159280881954,-0.002129301687433082,0.04905,0.06867000000000001,9.819809999999999
90580807175,22.09,0.07456046564519776,-0.003193952531149623,-0.001064650843716541,0.05886,0.05886,9.79038
90585857680,22.09,0.06178465552059926,0.008517206749732328,0.0,0.04905,0.0981,9.65304
90590908185,22.09,0.04794419455228423,0.01064650843716541,-0.001064650843716541,0.04905,0.04905,9.633420000000001
90595958690,22.09,0.04581489286485115,0.01064650843716541,-0.001064650843716541,-0.009810000000000001,0.08829,9.73152
90601009195,22.09,0.05539675045830002,-0.003193952531149623,0.0,-0.009810000000000001,0.04905,9.85905
90606059700,22.09,0.07030186227033158,-0.0170518667919846,-0.002129301687433082,0.009810000000000001,0.08829,10.01601
90611110205,22.09,0.07670722062515077,-0.01811651763570114,-0.001064650843716541,0.05886,0.07848000000000001,10.045440000000001
90616160710,22.09,0.07136651311404815,-0.007452555906015787,0.0,0.07848000000000001,0.04905,9.888480000000001
90621211215,22.09,0.05113814708343386,0.002129301687433082,0.005323254218582705,0.0981,0.05886,9.72171
90626261720,22.09,0.04366813788489812,0.005323254218582705,0.003193952531149623,0.11772,0.06867000000000001,9.623610000000001
90631312225,22.09,0.04794419455228423,0.004258603374866164,0.0,0.11772,0.06867000000000001,9.54513
90636362730,22.09,0.06178465552059926,0.0,0.0,0.06867000000000001,0.08829,9.68247
90641413235,22.09,0.07777187146886733,-0.012775810124598492,-0.005323254218582705,0.06867000000000001,0.10791,9.91791
90646463740,22.09,0.08096582400001695,-0.00958185759344887,0.0,0.11772,0.13734000000000002,10.01601
90651514245,22.09,0.07136651311404815,-0.011711159280881954,0.0,0.13734000000000002,0.06867000000000001,9.937529999999999
90656564750,22.09,0.05752605214573309,0.001064650843716541,0.0,0.08829,0.08829,9.79038
90661615255,22.09,0.05007349623971732,0.022375121010567305,0.0,0.0981,0.14715,9.58437
90666665760,22.09,0.05965535383316618,0.02982767691658309,0.001064650843716541,0.039240000000000004,0.13734000000000002,9.59418
90671716265,22.09,0.06497860805174888,0.022375121010567305,0.0,0.0,0.16677000000000003,9.70209
90676766770,22.09,0.06604325889546543,0.006387905062299246,-0.005323254218582705,-0.039240000000000004,0.16677000000000003,9.87867
90681817275,22.09,0.07136651311404815,-0.015987215948268057,0.0,-0.04905,0.15696000000000002,9.97677
90686867780,22.09,0.05752605214573309,-0.023439771854283843,-0.002129301687433082,0.0,0.11772,10.006200000000002
90691918285,22.09,0.05007349623971732,-0.013840460968315033,0.0,0.02943,0.10791,9.86886
90696968790,22.09,0.04794419455228423,-0.008517206749732328,0.0,0.06867000000000001,0.10791,9.80019
90702019295,22.09,0.05007349623971732,-0.001064650843716541,0.0,0.10791,0.11772,9.770760000000001
90707069800,22.09,0.06391395720803235,0.0,0.0,0.06867000000000001,0.08829,9.65304
90712120305,22.09,0.06284930636431581,-0.003193952531149623,-0.002129301687433082,0.11772,0.10791,9.67266
90717170810,22.09,0.06923721142661506,-0.005323254218582705,0.0,0.0981,0.14715,9.69228
90722221315,22.09,0.06710790973918197,0.001064650843716541,0.0,0.11772,0.14715,9.79038
90727271820,22.09,0.06284930636431581,0.007452555906015787,0.0,0.0981,0.13734000000000002,9.89829
90732322325,22.09,0.05859070298944965,0.008517206749732328,0.0,0.06867000000000001,0.11772,9.89829
90737372830,22.09,0.06284930636431581,0.002129301687433082,-0.002129301687433082,0.039240000000000004,0.15696000000000002,9.81
90742423335,22.09,0.06391395720803235,0.0,-0.001064650843716541,0.05886,0.18639,9.70209
90747473840,22.09,0.07030186227033158,0.001064650843716541,-0.003193952531149623,0.04905,0.17658,9.70209
90752524345,22.09,0.06923721142661506,0.008517206749732328,-0.001064650843716541,0.06867000000000001,0.20601000000000003,9.78057
90757574850,22.09,0.05752605214573309,0.011711159280881954,0.0,0.02943,0.18639,9.81
90762625355,22.09,0.05220279792715039,0.014905111812031574,0.0,-0.009810000000000001,0.14715,9.92772
90767675860,22.09,0.046879543708567686,0.015987215948268057,-0.001064650843716541,-0.039240000000000004,0.16677000000000003,9.84924
90772726365,22.09,0.05113814708343386,0.005323254218582705,-0.001064650843716541,-0.0981,0.15696000000000002,9.89829
90777776870,22.09,0.060720004676882725,-0.002129301687433082,-0.001064650843716541,-0.039240000000000004,0.18639,9.84924
90782827375,22.09,0.06604325889546543,-0.008517206749732328,0.0,0.0,0.15696000000000002,9.760950000000001
90787877880,22.09,0.06710790973918197,-0.00958185759344887,-0.001064650843716541,0.0,0.18639,9.67266
90792928385,22.09,0.060720004676882725,-0.013840460968315033,-0.001064650843716541,0.04905,0.20601000000000003,9.623610000000001
90797978890,22.09,0.05646140130201656,-0.01918116847941768,-0.001064650843716541,0.08829,0.22563,9.623610000000001
90803029395,22.09,0.05752605214573309,-0.023439771854283843,-0.001064650843716541,0.12753,0.28449,9.79038
90808079900,22.09,0.06178465552059926,-0.020245819323134222,-0.001064650843716541,0.1962,0.28449,9.96696
90813130405,22.09,0.06178465552059926,-0.01064650843716541,0.0,0.1962,0.1962,9.937529999999999
90818180910,22.09,0.05007349623971732,0.0,-0.003193952531149623,0.17658,0.16677000000000003,9.79038
90823231415,22.09,0.05113814708343386,0.01811651763570114,0.001064650843716541,0.15696000000000002,0.11772,9.78057
90828281920,22.09,0.044732788728614664,0.031956978604016174,-0.002129301687433082,0.0981,0.16677000000000003,9.78057
90833332425,22.09,0.04794419455228423,0.03621558197888234,-0.002129301687433082,0.039240000000000004,0.11772,9.770760000000001
90838382930,22.09,0.05965535383316618,0.03408628029144926,-0.002129301687433082,-0.019620000000000002,0.15696000000000002,9.84924
90843433435,22.09,0.06497860805174888,0.01918116847941768,-0.003193952531149623,-0.11772,0.18639,9.82962
90848483940,22.09,0.07030186227033158,-0.001064650843716541,-0.002129301687433082,-0.13734000000000002,0.20601000000000003,9.87867
90853534445,22.09,0.07136651311404815,-0.005323254218582705,-0.001064650843716541,-0.06867000000000001,0.22563,9.819809999999999
90858584950,22.09,0.06710790973918197,-0.003193952531149623,0.0,-0.07848000000000001,0.21582,9.760950000000001
90863635455,22.09,0.06497860805174888,0.001064650843716541,-0.001064650843716541,-0.06867000000000001,0.31392000000000003,9.70209
90868685960,22.09,0.06604325889546543,0.003193952531149623,-0.001064650843716541,-0.039240000000000004,0.33354000000000006,9.633420000000001
90873736465,22.09,0.06710790973918197,-0.008517206749732328,0.0,0.0,0.38259000000000004,9.65304
90878786970,22.09,0.054332099614583476,-0.021310470166850764,0.0,0.039240000000000004,0.42183,9.73152
90883837475,22.09,0.05007349623971732,-0.024504422698000388,0.0,0.0981,0.34335000000000004,9.760950000000001
90888887980,22.09,0.03728023282259888,-0.012775810124598492,0.0,0.07848000000000001,0.18639,9.80019
90893938485,22.09,0.02982767691658309,-0.006387905062299246,0.0,0.05886,0.11772,9.83943
90898988990,22.09,0.03408628029144926,-0.006387905062299246,0.0,0.06867000000000001,0.11772,9.89829
90904039495,22.09,0.03515093113516579,-0.012775810124598492,0.0,0.11772,0.07848000000000001,9.908100000000001
90909090000,22.09,0.049008845396000776,-0.014905111812031574,-0.003193952531149623,0.14715,0.11772,9.81
90914140505,22.09,0.06284930636431581,-0.004258603374866164,0.0,0.17658,0.16677000000000003,9.760950000000001
90919191010,22.09,0.07777187146886733,0.004258603374866164,0.0,0.1962,0.21582,9.73152
90924241515,22.09,0.08203047484373349,0.012775810124598492,0.0,0.13734000000000002,0.30411,9.85905
90929292020,22.09,0.06604325889546543,0.022375121010567305,-0.002129301687433082,0.0981,0.33354000000000006,9.83943
90934342525,22.09,0.06391395720803235,0.024504422698000388,-0.001064650843716541,0.04905,0.25506,9.770760000000001
90939393030,22.09,0.06284930636431581,0.02982767691658309,0.0,-0.019620000000000002,0.30411,9.7119
90944443535,22.09,0.06923721142661506,0.0404741853537485,-0.001064650843716541,-0.08829,0.35316,9.73152
90949494040,22.09,0.07136651311404815,0.028763026072866547,0.0,-0.13734000000000002,0.37278,9.751140000000001
90954544545,22.09,0.06817256058289851,0.006387905062299246,-0.003193952531149623,-0.14715,0.43164,9.68247
90959595050,22.09,0.05646140130201656,-0.007452555906015787,0.0,-0.11772,0.36297,9.770760000000001
90964645555,22.09,0.03834488366631542,-0.015987215948268057,0.0,-0.0981,0.2943,9.73152
90969696060,22.09,0.03089232776029963,-0.022375121010567305,0.0,-0.05886,0.28449,9.81
90974746565,22.09,0.03515093113516579,-0.020245819323134222,0.002129301687433082,-0.08829,0.1962,9.95715
90979797070,22.09,0.0404741853537485,-0.033021629447732716,-0.001064650843716541,-0.009810000000000001,0.1962,9.888480000000001
90984847575,22.09,0.054332099614583476,-0.039409534510031964,0.0,0.0981,0.20601000000000003,9.89829
90989898080,22.09,0.06391395720803235,-0.02769837522915001,0.0,0.17658,0.2943,9.760950000000001
90994948585,22.09,0.06497860805174888,-0.004258603374866164,-0.001064650843716541,0.23544,0.30411,9.72171
90999999090,22.09,0.06178465552059926,0.01064650843716541,0.0,0.20601000000000003,0.30411,9.74133
91005049595,22.09,0.054332099614583476,0.024504422698000388,0.0,0.14715,0.2943,9.70209
91010100100,22.09,0.05646140130201656,0.0170518667919846,-0.001064650843716541,0.10791,0.31392000000000003,9.7119
91015150605,22.09,0.05965535383316618,0.01918116847941768,-0.003193952531149623,0.05886,0.3924,9.78057
91020201110,22.09,0.06604325889546543,0.02769837522915001,-0.001064650843716541,0.02943,0.36297,9.80019
91025251615,22.09,0.06178465552059926,0.024504422698000388,-0.003193952531149623,-0.019620000000000002,0.35316,9.79038
91030302120,22.09,0.06178465552059926,0.015987215948268057,0.0,-0.07848000000000001,0.31392000000000003,9.68247
91035352625,22.09,0.049008845396000776,0.015987215948268057,-0.003193952531149623,-0.0981,0.2943,9.66285
91040403130,22.09,0.04260348704118158,0.003193952531149623,0.0,-0.11772,0.34335000000000004,9.60399
91045453635,22.09,0.04366813788489812,-0.003193952531149623,-0.002129301687433082,-0.11772,0.41202000000000005,9.770760000000001
91050504140,22.09,0.046879543708567686,-0.006387905062299246,0.0,-0.07848000000000001,0.37278,9.96696
91055554645,22.09,0.044732788728614664,-0.013840460968315033,-0.003193952531149623,-0.05886,0.30411,9.96696
91060605150,22.09,0.05113814708343386,-0.022375121010567305,0.0,-0.02943,0.25506,9.92772
91065655655,22.09,0.04581489286485115,-0.02556907354171693,-0.002129301687433082,0.0,0.1962,9.78057
91070706160,22.09,0.04366813788489812,-0.021310470166850764,0.001064650843716541,0.039240000000000004,0.25506,9.66285
91075756665,22.09,0.05326744877086694,-0.014905111812031574,0.001064650843716541,0.11772,0.34335000000000004,9.73152
91080807170,22.09,0.05859070298944965,-0.003193952531149623,-0.001064650843716541,0.13734000000000002,0.3924,9.80019
91085857675,22.09,0.05965535383316618,0.0,0.0,0.1962,0.44145,9.80019
91090908180,22.09,0.05859070298944965,0.0,0.0,0.10791,0.41202000000000005,9.81
91095958685,22.09,0.05859070298944965,0.014905111812031574,0.0,0.10791,0.34335000000000004,9.79038
91101009190,22.09,0.05326744877086694,0.01811651763570114,-0.001064650843716541,0.07848000000000001,0.2943,9.7119
91106059695,22.09,0.05113814708343386,0.02556907354171693,-0.002129301687433082,0.02943,0.30411,9.73152
91111110200,22.09,0.054332099614583476,0.03408628029144926,-0.001064650843716541,-0.04905,0.28449,9.73152
91116160705,22.09,0.05539675045830002,0.024504422698000388,0.0,-0.0981,0.34335000000000004,9.74133
91121211210,22.09,0.06178465552059926,0.014905111812031574,0.0,-0.13734000000000002,0.41202000000000005,9.760950000000001
91126261715,22.09,0.060720004676882725,0.001064650843716541,0.001064650843716541,-0.16677000000000003,0.50031,9.819809999999999
91131312220,22.09,0.060720004676882725,-0.014905111812031574,0.0,-0.11772,0.52974,9.81
91136362725,22.09,0.05220279792715039,-0.020245819323134222,0.0,-0.019620000000000002,0.47088,9.888480000000001
91141413230,22.09,0.04260348704118158,-0.014905111812031574,0.0,-0.02943,0.31392000000000003,9.78057
91146463735,22.09,0.03515093113516579,-0.013840460968315033,-0.003193952531149623,-0.02943,0.25506,9.68247
91151514240,22.09,0.03621558197888234,-0.011711159280881954,-0.002129301687433082,0.019620000000000002,0.25506,9.66285
91156564745,22.09,0.044732788728614664,-0.014905111812031574,-0.001064650843716541,0.019620000000000002,0.37278,9.73152
91161615250,22.09,0.054332099614583476,-0.014905111812031574,0.0,0.11772,0.49050000000000005,9.79038
91166665755,22.09,0.060720004676882725,-0.002129301687433082,-0.003193952531149623,0.17658,0.5395500000000001,9.84924
91171716260,22.09,0.05965535383316618,0.007452555906015787,-0.002129301687433082,0.15696000000000002,0.42183,9.79038
91176766765,22.09,0.04581489286485115,0.01811651763570114,0.0,0.05886,0.30411,9.69228
91181817270,22.09,0.039409534510031964,0.021310470166850764,0.0,-0.05886,0.28449,9.7119
91186867775,22.09,0.04260348704118158,0.015987215948268057,0.0,-0.08829,0.34335000000000004,9.68247
91191918280,22.09,0.049008845396000776,0.015987215948268057,0.0,-0.06867000000000001,0.42183,9.79038
91196968785,22.09,0.06284930636431581,0.015987215948268057,0.0,-0.04905,0.48069000000000006,9.86886
91202019290,22.09,0.06178465552059926,0.015987215948268057,0.0,-0.07848000000000001,0.51012,9.84924
91207069795,22.09,0.05646140130201656,0.005323254218582705,0.0,-0.11772,0.45126,9.819809999999999
91212120300,22.09,0.044732788728614664,-0.006387905062299246,0.0,-0.12753,0.36297,9.82962
91217170805,22.09,0.028763026072866547,-0.014905111812031574,0.0,-0.0981,0.35316,9.80019
91222221310,22.09,0.03515093113516579,-0.01811651763570114,0.0,-0.04905,0.37278,9.83943
91227271815,22.09,0.054332099614583476,-0.011711159280881954,0.0,0.009810000000000001,0.40221,9.89829
91232322320,22.09,0.05859070298944965,-0.007452555906015787,0.0,0.039240000000000004,0.41202000000000005,9.85905
91237372825,22.09,0.05859070298944965,-0.014905111812031574,0.0,0.05886,0.45126,9.74133
91242423330,22.09,0.05113814708343386,-0.013840460968315033,0.0,0.10791,0.41202000000000005,9.70209
91247473835,22.09,0.04366813788489812,-0.007452555906015787,0.0,0.11772,0.43164,9.633420000000001
91252524340,22.09,0.04366813788489812,0.005323254218582705,0.0,0.11772,0.47088,9.65304
91257574845,22.09,0.05113814708343386,0.01811651763570114,0.0,0.0981,0.48069000000000006,9.81
91262625350,22.09,0.05646140130201656,0.021310470166850764,0.0,0.02943,0.48069000000000006,9.78057
91267675855,22.09,0.05326744877086694,0.021310470166850764,0.0,-0.019620000000000002,0.38259000000000004,9.78057
91272726360,22.09,0.049008845396000776,0.020245819323134222,0.0,-0.06867000000000001,0.33354000000000006,9.70209
91277776865,22.09,0.05007349623971732,0.0170518667919846,0.0,-0.14715,0.40221,9.6138
91282827370,22.09,0.04581489286485115,0.014905111812031574,0.0,-0.15696000000000002,0.51012,9.751140000000001
91287877875,22.09,0.054332099614583476,0.004258603374866164,0.0,-0.14715,0.57879,9.819809999999999
91292928380,22.09,0.05220279792715039,-0.006387905062299246,0.0,-0.10791,0.5591700000000001,9.83943
91297978885,22.09,0.0404741853537485,-0.00958185759344887,0.0,-0.0981,0.43164,9.89829
91303029390,22.09,0.03621558197888234,-0.00958185759344887,0.0,-0.0981,0.33354000000000006,9.770760000000001
91308079895,22.09,0.03515093113516579,-0.01064650843716541,0.0,-0.06867000000000001,0.37278,9.68247
91313130400,22.09,0.039409534510031964,-0.01811651763570114,0.0,-0.02943,0.46107000000000004,9.751140000000001
91318180905,22.09,0.05007349623971732,-0.02769837522915001,0.0,0.04905,0.51993,9.770760000000001
91323231410,22.09,0.046879543708567686,-0.012775810124598492,0.0,0.12753,0.50031,9.80019
91328281915,22.09,0.04581489286485115,-0.001064650843716541,0.0,0.08829,0.43164,9.73152
91333332420,22.09,0.04794419455228423,0.014905111812031574,0.0,0.039240000000000004,0.46107000000000004,9.7119
91338382925,22.09,0.04794419455228423,0.022375121010567305,0.0,0.009810000000000001,0.41202000000000005,9.760950000000001
91343433430,22.09,0.044732788728614664,0.012775810124598492,0.0,-0.019620000000000002,0.45126,9.760950000000001
91348483935,22.09,0.049008845396000776,0.012775810124598492,0.0,-0.019620000000000002,0.49050000000000005,9.74133
91353534440,22.09,0.05113814708343386,0.013840460968315033,0.0,-0.07848000000000001,0.51993,9.73152
91358584945,22.09,0.05220279792715039,0.011711159280881954,-0.005323254218582705,-0.06867000000000001,0.56898,9.72171
91363635450,22.09,0.054332099614583476,0.01811651763570114,0.0,-0.039240000000000004,0.5493600000000001,9.81
91368685955,22.09,0.04366813788489812,0.007452555906015787,0.0,-0.10791,0.52974,9.80019
91373736460,22.09,0.03408628029144926,-0.013840460968315033,-0.002129301687433082,-0.12753,0.48069000000000006,9.80019
91378786965,22.09,0.031956978604016174,-0.013840460968315033,0.0,-0.04905,0.40221,9.86886
91383837470,22.09,0.033021629447732716,-0.01811651763570114,0.0,-0.07848000000000001,0.43164,9.79038
91388887975,22.09,0.04366813788489812,-0.02769837522915001,-0.002129301687433082,0.0,0.45126,9.82962
91393938480,22.09,0.05326744877086694,-0.014905111812031574,0.002129301687433082,0.06867000000000001,0.50031,9.888480000000001
91398988985,22.09,0.05113814708343386,-0.007452555906015787,-0.001064650843716541,0.08829,0.51012,9.73152
91404039490,22.09,0.046879543708567686,0.006387905062299246,-0.002129301687433082,0.11772,0.48069000000000006,9.72171
91409089995,22.09,0.04794419455228423,0.02769837522915001,-0.002129301687433082,0.039240000000000004,0.42183,9.67266
91414140500,22.09,0.04260348704118158,0.02769837522915001,0.001064650843716541,-0.06867000000000001,0.47088,9.69228
91419191005,22.09,0.046879543708567686,0.014905111812031574,0.0,-0.14715,0.57879,9.751140000000001
91424241510,22.09,0.05539675045830002,0.00958185759344887,0.002129301687433082,-0.11772,0.60822,9.83943
91429292015,22.09,0.05539675045830002,-0.007452555906015787,-0.003193952531149623,-0.06867000000000001,0.6768900000000001,9.770760000000001
91434342520,22.09,0.05326744877086694,-0.003193952531149623,0.0,0.0,0.64746,9.73152
91439393025,22.09,0.04581489286485115,0.012775810124598492,-0.002129301687433082,-0.019620000000000002,0.51993,9.66285
91444443530,22.09,0.02769837522915001,0.014905111812031574,-0.002129301687433082,-0.10791,0.43164,9.59418
91449494035,22.09,0.021310470166850764,0.011711159280881954,-0.003193952531149623,-0.15696000000000002,0.41202000000000005,9.67266
91454544540,22.09,0.02982767691658309,0.0,0.0,-0.18639,0.42183,9.78057
91459595045,22.09,0.03515093113516579,-0.024504422698000388,-0.001064650843716541,-0.12753,0.60822,9.908100000000001
91464645550,22.09,0.054332099614583476,-0.03621558197888234,0.0,0.0,0.65727,9.99639
91469696055,22.09,0.05326744877086694,-0.028763026072866547,0.0,0.17658,0.5886,9.96696
91474746560,22.09,0.039409534510031964,-0.02982767691658309,-0.002129301687433082,0.17658,0.46107000000000004,9.7119
91479797065,22.09,0.033021629447732716,-0.002129301687433082,-0.004258603374866164,0.12753,0.36297,9.633420000000001
91484847570,22.09,0.033021629447732716,0.04794419455228423,0.0,0.039240000000000004,0.30411,9.67266
91489898075,22.09,0.0404741853537485,0.05539675045830002,-0.002129301687433082,-0.10791,0.38259000000000004,9.68247
91494948580,22.09,0.05113814708343386,0.054332099614583476,0.0,-0.23544,0.51993,9.85905
91499999085,22.09,0.06817256058289851,0.033021629447732716,0.0,-0.28449,0.63765,9.908100000000001
91505049590,22.09,0.07456046564519776,-0.00958185759344887,-0.002129301687433082,-0.25506,0.80442,9.81
91510100095,22.09,0.060720004676882725,-0.028763026072866547,-0.001064650843716541,-0.16677000000000003,0.84366,9.79038
91515150600,22.09,0.05113814708343386,-0.023439771854283843,0.0,-0.019620000000000002,0.69651,9.67266
91520201105,22.09,0.02769837522915001,-0.01918116847941768,-0.003193952531149623,-0.02943,0.5591700000000001,9.52551
91525251610,22.09,0.0170518667919846,-0.001064650843716541,0.0,-0.06867000000000001,0.45126,9.54513
91530302115,22.09,0.0170518667919846,0.01064650843716541,0.0,-0.0981,0.41202000000000005,9.66285
91535352620,22.09,0.024504422698000388,0.01064650843716541,0.0,-0.15696000000000002,0.41202000000000005,9.751140000000001
91540403125,22.09,0.039409534510031964,0.002129301687433082,0.0,-0.15696000000000002,0.52974,9.87867
91545453630,22.09,0.049008845396000776,-0.007452555906015787,-0.002129301687433082,-0.11772,0.60822,9.97677
91550504135,22.09,0.049008845396000776,-0.028763026072866547,-0.003193952531149623,-0.039240000000000004,0.69651,9.91791
91555554640,22.09,0.04794419455228423,-0.05007349623971732,-0.001064650843716541,0.06867000000000001,0.72594,9.87867
91560605145,22.09,0.03621558197888234,-0.03834488366631542,-0.002129301687433082,0.16677000000000003,0.60822,9.79038
91565655650,22.09,0.024504422698000388,-0.021310470166850764,0.0,0.22563,0.45126,9.66285
91570706155,22.09,0.022375121010567305,0.011711159280881954,0.001064650843716541,0.18639,0.35316,9.633420000000001
91575756660,22.09,0.02769837522915001,0.04581489286485115,-0.001064650843716541,0.039240000000000004,0.3924,9.72171
91580807165,22.09,0.049008845396000776,0.07030186227033158,-0.001064650843716541,-0.11772,0.45126,9.84924
91585857670,22.09,0.06497860805174888,0.06710790973918197,-0.002129301687433082,-0.28449,0.5395500000000001,9.87867
91590908175,22.09,0.06923721142661506,0.05859070298944965,-0.003193952531149623,-0.37278,0.6278400000000001,9.908100000000001
91595958680,22.09,0.06923721142661506,0.033021629447732716,0.0,-0.42183,0.74556,9.85905
91601009185,22.09,0.06284930636431581,-0.008517206749732328,0.0,-0.42183,0.8142300000000001,9.751140000000001
91606059690,22.09,0.04581489286485115,-0.03089232776029963,0.0,-0.31392000000000003,0.8142300000000001,9.66285
91611110195,22.09,0.03515093113516579,-0.05859070298944965,0.001064650843716541,-0.14715,0.85347,9.60399
91616160700,22.09,0.020245819323134222,-0.07136651311404815,0.001064650843716541,0.019620000000000002,0.80442,9.59418
91621211205,22.09,0.0,-0.06923721142661506,-0.001064650843716541,0.1962,0.64746,9.65304
91626261710,22.09,-0.00958185759344887,-0.06284930636431581,0.002129301687433082,0.26487,0.46107000000000004,9.633420000000001
91631312215,22.09,-0.003193952531149623,-0.04581489286485115,0.0,0.31392000000000003,0.31392000000000003,9.73152
91636362720,22.09,0.006387905062299246,-0.003193952531149623,-0.002129301687433082,0.32373,0.20601000000000003,9.82962
91641413225,22.09,0.03515093113516579,0.02663372438543347,0.0,0.20601000000000003,0.21582,9.84924
91646463730,22.09,0.05646140130201656,0.06391395720803235,-0.002129301687433082,0.08829,0.37278,9.95715
91651514235,22.09,0.08203047484373349,0.09054768159346581,0.0,-0.05886,0.47088,9.908100000000001
91656564740,22.09,0.08735372906231618,0.09374163412461543,-0.003193952531149623,-0.27468000000000004,0.6670800000000001,9.819809999999999
91661615245,22.09,0.08735372906231618,0.08096582400001695,-0.004258603374866164,-0.38259000000000004,0.9123300000000001,9.73152
91666665750,22.09,0.08096582400001695,0.05646140130201656,0.002129301687433082,-0.47088,1.02024,9.78057
91671716255,22.09,0.05646140130201656,0.022375121010567305,-0.002129301687433082,-0.50031,0.94176,9.751140000000001
91676766760,22.09,0.022375121010567305,-0.020245819323134222,0.0,-0.43164,0.85347,9.7119
91681817265,22.09,0.003193952531149623,-0.05965535383316618,-0.001064650843716541,-0.37278,0.6867000000000001,9.64323
91686867770,22.09,-0.002129301687433082,-0.09161233243718235,0.0,-0.22563,0.60822,9.751140000000001
91691918275,22.09,-0.006387905062299246,-0.11398745344774965,0.0,0.02943,0.6180300000000001,9.760950000000001
91696968780,22.09,-0.006387905062299246,-0.11185815176031658,-0.002129301687433082,0.35316,0.48069000000000006,9.89829
91702019285,22.09,0.002129301687433082,-0.07990117315630041,0.002129301687433082,0.49050000000000005,0.38259000000000004,9.760950000000001
91707069790,22.09,0.011711159280881954,-0.039409534510031964,-0.001064650843716541,0.60822,0.33354000000000006,9.7119
91712120295,22.09,0.03408628029144926,0.005323254218582705,0.0,0.59841,0.32373,9.70209
91717170800,22.09,0.04794419455228423,0.044732788728614664,0.0,0.49050000000000005,0.37278,9.72171
91722221305,22.09,0.07243116395776468,0.08309512568745003,0.0,0.23544,0.51012,9.751140000000001
91727271810,22.09,0.08735372906231618,0.1171814059788993,-0.002129301687433082,0.039240000000000004,0.64746,9.770760000000001
91732322315,22.09,0.09161233243718235,0.12569861272863161,-0.002129301687433082,-0.20601000000000003,0.7749900000000001,9.770760000000001
91737372820,22.09,0.0852244273748831,0.11505210429146619,-0.002129301687433082,-0.42183,0.8829,9.65304
91742423325,22.09,0.06817256058289851,0.09587093581204853,-0.005323254218582705,-0.60822,0.9908100000000001,9.60399
91747473830,22.09,0.04366813788489812,0.05220279792715039,0.001064650843716541,-0.74556,0.9810000000000001,9.64323
91752524335,22.09,0.023439771854283843,0.002129301687433082,0.0,-0.7651800000000001,0.86328,9.7119
91757574840,22.09,0.01064650843716541,-0.03408628029144926,0.0,-0.6670800000000001,0.73575,9.751140000000001
91762625345,22.09,-0.002129301687433082,-0.0756251164889143,0.001064650843716541,-0.5493600000000001,0.64746,9.80019
91767675850,22.09,-0.01064650843716541,-0.11505210429146619,0.003193952531149623,-0.36297,0.60822,9.83943
91772726355,22.09,-0.005323254218582705,-0.1331511686346474,0.005323254218582705,-0.11772,0.59841,9.91791
91777776860,22.09,0.0,-0.13208651779093086,0.0,0.24525000000000002,0.59841,9.83943
91782827365,22.09,0.003193952531149623,-0.10545279340549739,-0.002129301687433082,0.5886,0.56898,9.85905
91787877870,22.09,0.005323254218582705,-0.06178465552059926,-0.001064650843716541,0.71613,0.40221,9.770760000000001
91792928375,22.09,0.008517206749732328,-0.015987215948268057,-0.001064650843716541,0.70632,0.32373,9.770760000000001
91797978880,22.09,0.03089232776029963,0.02769837522915001,-0.001064650843716541,0.6278400000000001,0.31392000000000003,9.82962
91803029385,22.09,0.05539675045830002,0.08309512568745003,0.0,0.42183,0.38259000000000004,9.819809999999999
91808079890,22.09,0.07030186227033158,0.10866419922916695,-0.003193952531149623,0.14715,0.5493600000000001,9.87867
91813130395,22.09,0.08628907821859966,0.10545279340549739,-0.003193952531149623,-0.039240000000000004,0.72594,9.89829
91818180900,22.09,0.09480628496833199,0.09267698328089889,-0.003193952531149623,-0.17658,0.9319500000000001,9.770760000000001
91823231405,22.09,0.08628907821859966,0.07670722062515077,-0.002129301687433082,-0.35316,1.03005,9.58437
91828281910,22.09,0.06178465552059926,0.05220279792715039,-0.002129301687433082,-0.41202000000000005,1.08891,9.496080000000001
91833332415,22.09,0.028763026072866547,0.01811651763570114,0.0,-0.50031,0.9613800000000001,9.55494
91838382920,22.09,0.008517206749732328,-0.015987215948268057,0.0,-0.50031,0.79461,9.54513
91843433425,22.09,-0.003193952531149623,-0.04581489286485115,0.0,-0.40221,0.74556,9.58437
91848483930,22.09,-0.006387905062299246,-0.06178465552059926,0.0,-0.26487,0.64746,9.68247
91853534435,22.09,-0.005323254218582705,-0.07990117315630041,0.0,-0.15696000000000002,0.5591700000000001,9.760950000000001
91858584940,22.09,-0.001064650843716541,-0.08309512568745003,-0.003193952531149623,0.009810000000000001,0.5493600000000001,9.819809999999999
91863635445,22.09,0.00958185759344887,-0.06497860805174888,0.0,0.20601000000000003,0.6180300000000001,9.80019
91868685950,22.09,0.013840460968315033,-0.05007349623971732,-0.002129301687433082,0.33354000000000006,0.60822,9.78057
91873736455,22.09,0.015987215948268057,-0.03089232776029963,0.0,0.42183,0.59841,9.888480000000001
91878786960,22.09,0.01918116847941768,-0.008517206749732328,0.0,0.43164,0.46107000000000004,9.84924
91883837465,22.09,0.02556907354171693,0.023439771854283843,0.0,0.31392000000000003,0.49050000000000005,9.819809999999999
91888887970,22.09,0.04153883619746504,0.03621558197888234,-0.003193952531149623,0.21582,0.59841,9.86886
91893938475,22.09,0.05646140130201656,0.05007349623971732,0.0,0.16677000000000003,0.59841,10.01601
91898988980,22.09,0.05220279792715039,0.060720004676882725,-0.002129301687433082,0.009810000000000001,0.60822,9.87867
91904039485,22.09,0.05646140130201656,0.060720004676882725,0.0,-0.11772,0.69651,9.81
91909089990,22.09,0.05965535383316618,0.07030186227033158,-0.001064650843716541,-0.22563,0.72594,9.81
91914140495,22.09,0.049008845396000776,0.07030186227033158,0.0,-0.3924,0.7651800000000001,9.85905
91919191000,22.09,0.04366813788489812,0.06497860805174888,-0.003193952531149623,-0.5395500000000001,0.73575,9.95715
91924241505,22.09,0.04260348704118158,0.05326744877086694,0.0,-0.65727,0.6670800000000001,9.94734
91929292010,22.09,0.03834488366631542,0.031956978604016174,-0.001064650843716541,-0.71613,0.6670800000000001,9.85905
91934342515,22.09,0.044732788728614664,0.005323254218582705,-0.002129301687433082,-0.73575,0.72594,9.72171
91939393020,22.09,0.049008845396000776,-0.006387905062299246,0.0,-0.65727,0.8240400000000001,9.68247
91944443525,22.09,0.044732788728614664,-0.04153883619746504,0.002129301687433082,-0.5591700000000001,0.95157,9.56475
91949494030,22.09,0.031956978604016174,-0.08096582400001695,0.003193952531149623,-0.34335000000000004,1.02024,9.57456
91954544535,22.09,0.012775810124598492,-0.10653489754173388,0.001064650843716541,-0.08829,1.02024,9.59418
91959595040,22.09,0.0,-0.11931070766633237,0.002129301687433082,0.14715,0.9123300000000001,9.50589
91964645545,22.09,-0.024504422698000388,-0.10119419003063122,0.0,0.38259000000000004,0.75537,9.57456
91969696050,22.09,-0.024504422698000388,-0.08309512568745003,0.0,0.57879,0.50031,9.6138
91974746555,22.09,-0.024504422698000388,-0.06497860805174888,-0.002129301687433082,0.63765,0.38259000000000004,9.58437
91979797060,22.09,-0.006387905062299246,-0.03089232776029963,0.001064650843716541,0.6867000000000001,0.32373,9.59418
91984847565,22.09,0.01811651763570114,0.01064650843716541,0.0,0.6768900000000001,0.42183,9.623610000000001
91989898070,22.09,0.05539675045830002,0.04581489286485115,0.0,0.56898,0.57879,9.66285
91994948575,22.09,0.06923721142661506,0.08096582400001695,-0.004258603374866164,0.42183,0.7848,9.751140000000001
91999999080,22.09,0.0756251164889143,0.10332349171806432,-0.001064650843716541,0.20601000000000003,0.87309,9.7119
92005049585,22.09,0.06178465552059926,0.10438814256178083,-0.001064650843716541,-0.05886,0.87309,9.73152
92010100090,22.09,0.04366813788489812,0.09587093581204853,-0.001064650843716541,-0.27468000000000004,0.85347,9.72171
92015150595,22.09,0.03408628029144926,0.08735372906231618,-0.002129301687433082,-0.45126,0.80442,9.68247
92020201100,22.09,0.022375121010567305,0.05859070298944965,-0.002129301687433082,-0.60822,0.86328,9.78057
92025251605,22.09,0.02556907354171693,0.014905111812031574,-0.001064650843716541,-0.63765,0.84366,9.89829
92030302110,22.09,0.011711159280881954,-0.02556907354171693,-0.002129301687433082,-0.5886,0.7651800000000001,9.95715
92035352615,22.09,0.0,-0.04581489286485115,0.0,-0.50031,0.6670800000000001,9.888480000000001
92040403120,22.09,0.0,-0.05752605214573309,0.002129301687433082,-0.41202000000000005,0.5886,9.888480000000001
92045453625,22.09,-0.001064650843716541,-0.06284930636431581,0.003193952531149623,-0.27468000000000004,0.5591700000000001,9.937529999999999
92050504130,22.09,0.006387905062299246,-0.06710790973918197,0.002129301687433082,-0.15696000000000002,0.6180300000000001,9.95715
92055554635,22.09,0.020245819323134222,-0.07030186227033158,0.002129301687433082,0.02943,0.69651,10.006200000000002
92060605140,22.09,0.028763026072866547,-0.05646140130201656,-0.002129301687433082,0.21582,0.70632,10.006200000000002
92065655645,22.09,0.02769837522915001,-0.028763026072866547,-0.001064650843716541,0.30411,0.60822,9.79038
92070706150,22.09,0.02769837522915001,0.006387905062299246,-0.001064650843716541,0.24525000000000002,0.5886,9.60399
92075756655,22.09,0.031956978604016174,0.024504422698000388,0.003193952531149623,0.20601000000000003,0.65727,9.66285
92080807160,22.09,0.033021629447732716,0.020245819323134222,-0.002129301687433082,0.17658,0.7749900000000001,9.70209
92085857665,22.09,0.039409534510031964,0.015987215948268057,0.0,0.17658,0.84366,9.81
92090908170,22.09,0.04366813788489812,0.0170518667919846,0.0,0.11772,0.86328,9.78057
92095958675,22.09,0.044732788728614664,0.01811651763570114,-0.002129301687433082,0.06867000000000001,0.8240400000000001,9.64323
92101009180,22.09,0.031956978604016174,0.013840460968315033,0.001064650843716541,0.019620000000000002,0.75537,9.57456
92106059685,22.09,0.021310470166850764,0.00958185759344887,-0.001064650843716541,-0.019620000000000002,0.74556,9.43722
92111110190,22.09,0.020245819323134222,0.012775810124598492,-0.001064650843716541,-0.019620000000000002,0.8142300000000001,9.47646
92116160695,22.09,0.021310470166850764,0.02769837522915001,-0.001064650843716541,-0.06867000000000001,0.86328,9.53532
92121211200,22.09,0.03089232776029963,0.04581489286485115,0.0,-0.15696000000000002,0.80442,9.623610000000001
92126261705,22.09,0.02663372438543347,0.05646140130201656,-0.003193952531149623,-0.27468000000000004,0.7651800000000001,9.65304
92131312210,22.09,0.02663372438543347,0.04581489286485115,0.0,-0.43164,0.72594,9.64323
92136362715,22.09,0.014905111812031574,0.033021629447732716,0.001064650843716541,-0.51993,0.64746,9.67266
92141413220,22.09,0.00958185759344887,0.004258603374866164,0.002129301687433082,-0.5591700000000001,0.7749900000000001,9.633420000000001
92146463725,22.09,0.013840460968315033,-0.02556907354171693,0.001064650843716541,-0.44145,0.9221400000000001,9.770760000000001
92151514230,22.09,0.01811651763570114,-0.06178465552059926,0.0,-0.30411,1.08891,9.888480000000001
92156564735,22.09,0.0170518667919846,-0.09800023749948161,0.003193952531149623,-0.04905,1.10853,9.86886
92161615240,22.09,-0.006387905062299246,-0.11611675513518273,0.0,0.28449,0.9613800000000001,9.819809999999999
92166665745,22.09,-0.03089232776029963,-0.1097288500728835,0.0,0.51993,0.5591700000000001,9.68247
92171716250,22.09,-0.05539675045830002,-0.060720004676882725,-0.002129301687433082,0.57879,0.32373,9.633420000000001
92176766755,22.09,-0.04260348704118158,-0.01064650843716541,-0.001064650843716541,0.5395500000000001,0.14715,9.7119
92181817260,22.09,-0.001064650843716541,0.03834488366631542,-0.001064650843716541,0.40221,0.18639,9.937529999999999
92186867765,22.09,0.04366813788489812,0.06923721142661506,0.0,0.21582,0.41202000000000005,10.074869999999999
92191918270,22.09,0.08628907821859966,0.09161233243718235,-0.002129301687433082,0.04905,0.72594,10.09449
92196968775,22.09,0.10332349171806432,0.10653489754173388,-0.004258603374866164,-0.11772,0.9319500000000001,9.908100000000001
92202019280,22.09,0.10119419003063122,0.10866419922916695,0.0,-0.2943,1.1477700000000002,9.66285
92207069785,22.09,0.07349581480148122,0.09587093581204853,-0.002129301687433082,-0.45126,1.22625,9.52551
92212120290,22.09,0.03728023282259888,0.04581489286485115,0.0,-0.5591700000000001,1.22625,9.46665
92217170795,22.09,-0.001064650843716541,-0.00958185759344887,0.0,-0.56898,1.0987200000000001,9.48627
92222221300,22.09,-0.01918116847941768,-0.05859070298944965,0.001064650843716541,-0.45126,0.9613800000000001,9.67266
92227271805,22.09,-0.03408628029144926,-0.09161233243718235,-0.002129301687433082,-0.27468000000000004,0.75537,9.80019
92232322310,22.09,-0.03089232776029963,-0.10438814256178083,0.001064650843716541,-0.05886,0.60822,9.85905
92237372815,22.09,-0.028763026072866547,-0.09693558665576507,-0.001064650843716541,0.11772,0.50031,9.770760000000001
92242423320,22.09,-0.0170518667919846,-0.06284930636431581,0.002129301687433082,0.23544,0.37278,9.7119
92247473825,22.09,0.0,-0.02769837522915001,0.0,0.2943,0.44145,9.67266
92252524330,22.09,0.021310470166850764,0.005323254218582705,0.004258603374866164,0.30411,0.59841,9.73152
92257574835,22.09,0.04581489286485115,0.02556907354171693,0.001064650843716541,0.28449,0.84366,9.78057
92262625340,22.09,0.054332099614583476,0.023439771854283843,-0.001064650843716541,0.28449,1.03005,9.81
92267675845,22.09,0.046879543708567686,0.01918116847941768,-0.003193952531149623,0.30411,1.00062,9.81
92272726350,22.09,0.022375121010567305,0.024504422698000388,-0.003193952531149623,0.23544,0.8240400000000001,9.64323
92277776855,22.09,0.0,0.0404741853537485,0.0,0.05886,0.65727,9.60399
92282827360,22.09,-0.003193952531149623,0.060720004676882725,0.0,-0.11772,0.52974,9.69228
92287877865,22.09,0.005323254218582705,0.06604325889546543,0.0,-0.2943,0.5493600000000001,9.81
92292928370,22.09,0.02556907354171693,0.05539675045830002,0.0,-0.37278,0.6768900000000001,9.86886
92297978875,22.09,0.04794419455228423,0.02982767691658309,0.0,-0.44145,0.86328,9.888480000000001
92303029380,22.09,0.046879543708567686,-0.001064650843716541,0.0,-0.41202000000000005,1.02024,9.73152
92308079885,22.09,0.03621558197888234,-0.03621558197888234,0.0,-0.26487,1.16739,9.64323
92313130390,22.09,0.00958185759344887,-0.05859070298944965,0.0,-0.0981,1.1281500000000002,9.59418
92318180895,22.09,-0.012775810124598492,-0.06817256058289851,0.0,0.05886,0.9123300000000001,9.56475
92323231400,22.09,-0.033021629447732716,-0.05326744877086694,0.0,0.16677000000000003,0.69651,9.59418
92328281905,22.09,-0.03408628029144926,-0.024504422698000388,0.0,0.16677000000000003,0.40221,9.70209
92333332410,22.09,-0.024504422698000388,0.001064650843716541,0.0,0.05886,0.33354000000000006,9.751140000000001
92338382915,22.09,-0.003193952531149623,0.013840460968315033,0.0,0.0,0.48069000000000006,9.888480000000001
92343433420,22.09,0.024504422698000388,0.011711159280881954,0.0,0.0,0.64746,9.97677
92348483925,22.09,0.044732788728614664,-0.008517206749732328,0.0,0.06867000000000001,0.9221400000000001,9.91791
92353534430,22.09,0.04260348704118158,-0.0170518667919846,0.0,0.18639,1.06929,9.86886
92358584935,22.09,0.03728023282259888,-0.002129301687433082,0.0,0.23544,1.01043,9.73152
92363635440,22.09,0.01811651763570114,0.015987215948268057,0.0,0.1962,0.8338500000000001,9.55494
92368685945,22.09,0.0,0.03408628029144926,0.0,0.039240000000000004,0.71613,9.50589
92373736450,22.09,-0.002129301687433082,0.05539675045830002,0.0,-0.12753,0.56898,9.56475
92378786955,22.09,0.004258603374866164,0.05965535383316618,0.0,-0.23544,0.6180300000000001,9.6138
92383837460,22.09,0.011711159280881954,0.04366813788489812,0.0,-0.33354000000000006,0.75537,9.68247
92388887965,22.09,0.022375121010567305,0.013840460968315033,0.0,-0.36297,0.9810000000000001,9.81
92393938470,22.09,0.031956978604016174,-0.03089232776029963,0.0,-0.24525000000000002,1.0987200000000001,9.79038
92398988975,22.09,0.0170518667919846,-0.05752605214573309,0.0,-0.08829,1.10853,9.80019
92404039480,22.09,-0.004258603374866164,-0.05220279792715039,0.0,0.039240000000000004,0.87309,9.67266
92409089985,22.09,-0.024504422698000388,-0.02663372438543347,0.0,0.05886,0.5591700000000001,9.54513
92414140490,22.09,-0.03515093113516579,-0.003193952531149623,0.0,0.0,0.44145,9.52551
92419190995,22.09,-0.023439771854283843,0.00958185759344887,0.0,-0.0981,0.49050000000000005,9.68247
92424241500,22.09,0.0,0.0,0.0,-0.05886,0.73575,9.81
92429292005,22.09,0.022375121010567305,-0.02663372438543347,0.0,0.07848000000000001,1.00062,9.937529999999999
92434342510,22.09,0.03089232776029963,-0.02556907354171693,0.0,0.24525000000000002,1.00062,9.97677
92439393015,22.09,0.0170518667919846,-0.01064650843716541,0.0,0.25506,0.89271,9.80019
92444443520,22.09,0.0,0.01064650843716541,0.0,0.17658,0.6278400000000001,9.70209
92449494025,22.09,-0.013840460968315033,0.039409534510031964,0.0,0.0,0.46107000000000004,9.69228
92454544530,22.09,-0.011711159280881954,0.046879543708567686,0.0,-0.12753,0.49050000000000005,9.68247
92459595035,22.09,0.008517206749732328,0.039409534510031964,0.0,-0.23544,0.65727,9.83943
92464645540,22.09,0.03621558197888234,0.02556907354171693,0.0,-0.1962,0.95157,9.888480000000001
92469696045,22.09,0.044732788728614664,0.0,0.0,-0.14715,1.20663,9.82962
92474746550,22.09,0.03515093113516579,-0.01918116847941768,0.0,-0.05886,1.13796,9.78057
92479797055,22.09,0.004258603374866164,-0.01811651763570114,0.0,-0.019620000000000002,0.9123300000000001,9.6138
92484847560,22.09,-0.028763026072866547,-0.015987215948268057,0.0,-0.039240000000000004,0.64746,9.496080000000001
92489898065,22.09,-0.03728023282259888,-0.008517206749732328,0.0,-0.04905,0.5493600000000001,9.58437
92494948570,22.09,-0.02982767691658309,-0.005323254218582705,0.0,-0.07848000000000001,0.52974,9.72171
92499999075,22.09,0.003193952531149623,-0.014905111812031574,0.0,-0.039240000000000004,0.71613,9.78057
92505049580,22.09,0.02769837522915001,-0.01811651763570114,0.0,0.06867000000000001,0.95157,9.81
92510100085,22.09,0.033021629447732716,-0.01064650843716541,0.0,0.16677000000000003,1.02024,9.73152
92515150590,22.09,0.013840460968315033,0.0,0.0,0.16677000000000003,0.94176,9.56475
92520201095,22.09,-0.006387905062299246,0.00958185759344887,0.0,0.10791,0.7651800000000001,9.58437
92525251600,22.09,-0.020245819323134222,0.01811651763570114,0.0,0.009810000000000001,0.64746,9.633420000000001
92530302105,22.09,-0.01811651763570114,0.0170518667919846,0.0,-0.07848000000000001,0.63765,9.74133
92535352610,22.09,-0.003193952531149623,0.015987215948268057,0.0,-0.0981,0.6867000000000001,9.908100000000001
92540403115,22.09,0.014905111812031574,0.023439771854283843,0.0,-0.15696000000000002,0.75537,9.89829
92545453620,22.09,0.021310470166850764,0.020245819323134222,0.0,-0.16677000000000003,0.8142300000000001,9.81
92550504125,22.09,0.012775810124598492,0.007452555906015787,0.0,-0.18639,0.9221400000000001,9.770760000000001
92555554630,22.09,0.0,-0.007452555906015787,0.0,-0.12753,0.90252,9.770760000000001
92560605135,22.09,-0.00958185759344887,-0.02663372438543347,0.0,-0.05886,0.86328,9.78057
92565655640,22.09,-0.013840460968315033,-0.02982767691658309,0.0,0.019620000000000002,0.75537,9.85905
92570706145,22.09,-0.013840460968315033,-0.021310470166850764,0.0,0.039240000000000004,0.65727,9.86886
92575756650,22.09,-0.006387905062299246,-0.006387905062299246,0.0,0.04905,0.60822,9.751140000000001
92580807155,22.09,0.00958185759344887,0.003193952531149623,0.0,0.009810000000000001,0.6670800000000001,9.68247
92585857660,22.09,0.015987215948268057,0.004258603374866164,0.0,0.039240000000000004,0.7651800000000001,9.59418
92590908165,22.09,0.012775810124598492,-0.008517206749732328,0.0,0.08829,0.95157,9.52551
92595958670,22.09,0.00958185759344887,-0.008517206749732328,0.0,0.17658,1.06929,9.60399
92601009175,22.09,0.005323254218582705,0.0,0.0,0.20601000000000003,1.04967,9.59418
92606059680,22.09,-0.001064650843716541,0.012775810124598492,0.0,0.14715,0.89271,9.633420000000001
92611110185,22.09,-0.013840460968315033,0.022375121010567305,0.0,0.02943,0.6670800000000001,9.58437
92616160690,22.09,-0.0170518667919846,0.031956978604016174,0.0,-0.07848000000000001,0.51012,9.46665
92621211195,22.09,-0.0170518667919846,0.02982767691658309,0.0,-0.1962,0.60822,9.45684
92626261700,22.09,0.0,0.024504422698000388,0.0,-0.1962,0.84366,9.55494
92631312205,22.09,0.01064650843716541,0.012775810124598492,0.0,-0.18639,1.0791000000000002,9.64323
92636362710,22.09,0.007452555906015787,0.0,0.0,-0.14715,1.19682,9.73152
92641413215,22.09,-0.004258603374866164,-0.015987215948268057,0.0,-0.08829,1.04967,9.85905
92646463720,22.09,-0.028763026072866547,-0.024504422698000388,0.0,-0.07848000000000001,0.7848,9.73152
92651514225,22.09,-0.05326744877086694,-0.02982767691658309,0.0,-0.06867000000000001,0.52974,9.70209
92656564730,22.09,-0.05539675045830002,-0.02556907354171693,0.0,-0.08829,0.40221,9.81
92661615235,22.09,-0.03621558197888234,-0.0170518667919846,0.0,-0.02943,0.46107000000000004,9.89829
92666665740,22.09,-0.012775810124598492,-0.0170518667919846,0.0,0.009810000000000001,0.63765,10.01601
92671716245,22.09,0.014905111812031574,-0.015987215948268057,0.0,0.07848000000000001,0.84366,10.09449
92676766750,22.09,0.01918116847941768,-0.021310470166850764,0.0,0.1962,0.90252,9.97677
92681817255,22.09,0.005323254218582705,-0.020245819323134222,0.0,0.26487,0.89271,9.83943
92686867760,22.09,-0.01064650843716541,-0.004258603374866164,0.0,0.26487,0.71613,9.770760000000001
92691918265,22.09,-0.021310470166850764,0.023439771854283843,0.0,0.15696000000000002,0.57879,9.67266
92696968770,22.09,-0.008517206749732328,0.0404741853537485,0.0,0.02943,0.5886,9.65304
92702019275,22.09,0.008517206749732328,0.05007349623971732,0.0,-0.07848000000000001,0.72594,9.72171
92707069780,22.09,0.02556907354171693,0.039409534510031964,0.0,-0.11772,0.9711900000000001,9.64323
92712120285,22.09,0.024504422698000388,0.022375121010567305,0.0,-0.12753,1.15758,9.623610000000001
92717170790,22.09,0.012775810124598492,0.011711159280881954,0.0,-0.06867000000000001,1.15758,9.6138
92722221295,22.09,-0.012775810124598492,0.01064650843716541,0.0,-0.12753,0.9810000000000001,9.496080000000001
92727271800,22.09,-0.04153883619746504,0.001064650843716541,0.0,-0.16677000000000003,0.74556,9.56475
92732322305,22.09,-0.04581489286485115,-0.005323254218582705,0.0,-0.21582,0.5886,9.64323
92737372810,22.09,-0.039409534510031964,-0.024504422698000388,0.0,-0.20601000000000003,0.59841,9.74133
92742423315,22.09,-0.024504422698000388,-0.04153883619746504,0.0,-0.11772,0.70632,9.79038
92747473820,22.09,-0.006387905062299246,-0.0404741853537485,0.0,0.06867000000000001,0.80442,9.80019
92752524325,22.09,-0.001064650843716541,-0.02769837522915001,0.0,0.18639,0.89271,9.65304
92757574830,22.09,-0.003193952531149623,-0.01064650843716541,0.0,0.23544,0.8829,9.57456
92762625335,22.09,-0.01811651763570114,-0.001064650843716541,0.0,0.23544,0.79461,9.6138
92767675840,22.09,-0.03089232776029963,0.002129301687433082,0.0,0.14715,0.73575,9.6138
92772726345,22.09,-0.03408628029144926,0.008517206749732328,0.0,0.10791,0.6768900000000001,9.770760000000001
92777776850,22.09,-0.01918116847941768,0.02556907354171693,0.0,0.04905,0.59841,9.888480000000001
92782827355,22.09,-0.004258603374866164,0.031956978604016174,0.0,-0.05886,0.63765,9.81
92787877860,22.09,-0.004258603374866164,0.02982767691658309,0.0,-0.16677000000000003,0.69651,9.80019
92792928365,22.09,0.001064650843716541,0.0170518667919846,0.0,-0.14715,0.7848,9.79038
92797978870,22.09,-0.006387905062299246,-0.003193952531149623,0.0,-0.11772,0.90252,9.760950000000001
92803029375,22.09,-0.012775810124598492,-0.015987215948268057,0.0,-0.05886,0.9711900000000001,9.81
92808079880,22.09,-0.00958185759344887,-0.01918116847941768,0.0,-0.02943,0.8829,9.908100000000001
92813130385,22.09,-0.021310470166850764,-0.0170518667919846,0.0,0.009810000000000001,0.7651800000000001,9.82962
92818180890,22.09,-0.028763026072866547,-0.020245819323134222,0.0,0.019620000000000002,0.64746,9.74133
92823231395,22.09,-0.02982767691658309,-0.014905111812031574,0.0,0.04905,0.60822,9.751140000000001
92828281900,22.09,-0.02556907354171693,-0.004258603374866164,0.0,0.039240000000000004,0.60822,9.67266
92833332405,22.09,-0.014905111812031574,0.004258603374866164,0.0,0.06867000000000001,0.73575,9.751140000000001
92838382910,22.09,-0.00958185759344887,0.008517206749732328,0.0,0.08829,0.79461,9.82962
92843433415,22.09,-0.001064650843716541,-0.003193952531149623,0.0,0.07848000000000001,0.8240400000000001,9.83943
92848483920,22.09,-0.004258603374866164,-0.00958185759344887,0.0,0.11772,0.84366,9.83943
92853534425,22.09,-0.003193952531149623,0.0,0.0,0.11772,0.73575,9.73152
92858584930,22.09,-0.012775810124598492,0.01064650843716541,0.0,0.05886,0.75537,9.56475
92863635435,22.09,-0.012775810124598492,0.01918116847941768,0.0,0.009810000000000001,0.74556,9.53532
92868685940,22.09,-0.01064650843716541,0.028763026072866547,0.0,-0.02943,0.7749900000000001,9.53532
92873736445,22.09,-0.015987215948268057,0.01918116847941768,0.0,-0.07848000000000001,0.86328,9.46665
92878786950,22.09,-0.014905111812031574,0.008517206749732328,0.0,-0.06867000000000001,0.9319500000000001,9.6138
92883837455,22.09,-0.015987215948268057,0.001064650843716541,0.0,-0.05886,0.90252,9.74133
92888887960,22.09,-0.02556907354171693,-0.002129301687433082,0.0,-0.08829,0.8142300000000001,9.7119
92893938465,22.09,-0.03089232776029963,-0.01064650843716541,0.0,-0.06867000000000001,0.71613,9.73152
92898988970,22.09,-0.03515093113516579,-0.013840460968315033,0.0,-0.05886,0.6180300000000001,9.65304
92904039475,22.09,-0.03728023282259888,-0.01064650843716541,0.0,-0.04905,0.64746,9.57456
92909089980,22.09,-0.022375121010567305,-0.005323254218582705,0.0,-0.02943,0.7749900000000001,9.66285
92914140485,22.09,-0.020245819323134222,-0.002129301687433082,0.0,0.009810000000000001,0.8829,9.751140000000001
92919190990,22.09,-0.021310470166850764,-0.01064650843716541,0.0,0.04905,0.84366,9.81
92924241495,22.09,-0.02663372438543347,-0.015987215948268057,0.0,0.08829,0.8142300000000001,9.84924
92929292000,22.09,-0.039409534510031964,-0.021310470166850764,0.0,0.12753,0.70632,9.819809999999999
92934342505,22.09,-0.03621558197888234,-0.013840460968315033,0.0,0.10791,0.5886,9.81
92939393010,22.09,-0.033021629447732716,0.0,0.0,0.10791,0.5395500000000001,9.87867
92944443515,22.09,-0.023439771854283843,0.01064650843716541,0.0,0.08829,0.5591700000000001,9.79038
92949494020,22.09,-0.015987215948268057,0.00958185759344887,0.0,0.06867000000000001,0.69651,9.74133
92954544525,22.09,-0.002129301687433082,0.004258603374866164,0.0,0.05886,0.85347,9.78057
92959595030,22.09,0.0,0.008517206749732328,0.0,0.07848000000000001,0.9221400000000001,9.770760000000001
92964645535,22.09,-0.007452555906015787,0.011711159280881954,0.0,0.08829,0.94176,9.72171
92969696040,22.09,-0.01918116847941768,0.014905111812031574,0.0,0.039240000000000004,0.7651800000000001,9.78057
92974746545,22.09,-0.03621558197888234,0.0170518667919846,0.0,-0.05886,0.57879,9.73152
92979797050,22.09,-0.04153883619746504,0.013840460968315033,0.0,-0.14715,0.50031,9.623610000000001
92984847555,22.09,-0.02663372438543347,0.005323254218582705,0.0,-0.16677000000000003,0.60822,9.68247
92989898060,22.09,-0.011711159280881954,0.002129301687433082,0.0,-0.0981,0.87309,9.74133
92994948565,22.09,-0.002129301687433082,-0.007452555906015787,0.0,-0.02943,1.03005,9.770760000000001
92999999070,22.09,-0.005323254218582705,-0.013840460968315033,0.0,0.039240000000000004,0.9810000000000001,9.74133
93005049575,22.09,-0.02982767691658309,-0.020245819323134222,0.0,0.05886,0.75537,9.59418
93010100080,22.09,-0.05752605214573309,-0.021310470166850764,0.0,0.04905,0.60822,9.48627
93015150585,22.09,-0.05752605214573309,-0.011711159280881954,0.0,0.039240000000000004,0.5591700000000001,9.58437
93020201090,22.09,-0.04794419455228423,0.002129301687433082,0.0,0.05886,0.6180300000000001,9.73152
93025251595,22.09,-0.028763026072866547,0.0,0.0,0.04905,0.71613,9.87867
93030302100,22.09,-0.013840460968315033,-0.004258603374866164,0.0,0.07848000000000001,0.71613,9.91791
93035352605,22.09,-0.015987215948268057,-0.013840460968315033,0.0,0.11772,0.72594,9.760950000000001
93040403110,22.09,-0.02556907354171693,-0.008517206749732328,0.0,0.14715,0.73575,9.64323
93045453615,22.09,-0.02982767691658309,0.01064650843716541,0.0,0.11772,0.72594,9.72171
93050504120,22.09,-0.033021629447732716,0.01918116847941768,0.0,0.04905,0.70632,9.79038
93055554625,22.09,-0.03515093113516579,0.014905111812031574,0.0,0.009810000000000001,0.63765,9.888480000000001
93060605130,22.09,-0.02769837522915001,0.002129301687433082,0.0,-0.02943,0.59841,9.908100000000001
93065655635,22.09,-0.020245819323134222,0.001064650843716541,0.0,-0.04905,0.6867000000000001,9.73152
93070706140,22.09,-0.011711159280881954,0.0,0.0,-0.009810000000000001,0.85347,9.65304
93075756645,22.09,-0.011711159280881954,0.003193952531149623,0.0,0.019620000000000002,0.8829,9.7119
93080807150,22.09,-0.02769837522915001,0.002129301687433082,0.0,0.019620000000000002,0.8338500000000001,9.67266
93085857655,22.09,-0.0404741853537485,-0.006387905062299246,0.0,0.009810000000000001,0.70632,9.69228
93090908160,22.09,-0.044732788728614664,-0.006387905062299246,0.0,0.0,0.60822,9.73152
93095958665,22.09,-0.04260348704118158,-0.003193952531149623,0.0,-0.009810000000000001,0.59841,9.72171
93101009170,22.09,-0.031956978604016174,-0.002129301687433082,0.0,0.0,0.6768900000000001,9.770760000000001
93106059675,22.09,-0.01811651763570114,-0.002129301687433082,0.0,0.05886,0.6768900000000001,9.80019
93111110180,22.09,-0.02663372438543347,-0.002129301687433082,0.0,0.05886,0.65727,9.67266
93116160685,22.09,-0.02982767691658309,0.001064650843716541,0.0,0.039240000000000004,0.71613,9.53532
93121211190,22.09,-0.03089232776029963,0.011711159280881954,0.0,0.019620000000000002,0.79461,9.57456
93126261695,22.09,-0.024504422698000388,0.00958185759344887,0.0,0.019620000000000002,0.87309,9.66285
93131312200,22.09,-0.03408628029144926,0.0,0.0,0.0,0.8338500000000001,9.760950000000001
93136362705,22.09,-0.0404741853537485,-0.013840460968315033,0.0,0.04905,0.70632,9.79038
93141413210,22.09,-0.05007349623971732,-0.024504422698000388,0.0,0.0981,0.5886,9.64323
93146463715,22.09,-0.05113814708343386,-0.0170518667919846,0.0,0.08829,0.57879,9.623610000000001
93151514220,22.09,-0.044732788728614664,0.001064650843716541,0.0,0.13734000000000002,0.6278400000000001,9.65304
93156564725,22.09,-0.03408628029144926,-0.002129301687433082,0.0,0.11772,0.72594,9.7119
93161615230,22.09,-0.03089232776029963,-0.00958185759344887,0.0,0.20601000000000003,0.74556,9.85905
93166665735,22.09,-0.03621558197888234,0.0,0.0,0.1962,0.6670800000000001,9.85905
93171716240,22.09,-0.039409534510031964,0.023439771854283843,0.0,0.06867000000000001,0.52974,9.751140000000001
93176766745,22.09,-0.0404741853537485,0.02982767691658309,0.0,-0.06867000000000001,0.51012,9.81
93181817250,22.09,-0.03728023282259888,0.023439771854283843,0.0,-0.12753,0.5591700000000001,9.91791
93186867755,22.09,-0.02663372438543347,0.005323254218582705,0.0,-0.10791,0.70632,9.888480000000001
93191918260,22.09,-0.020245819323134222,-0.015987215948268057,0.0,-0.009810000000000001,0.79461,9.937529999999999
93196968765,22.09,-0.020245819323134222,-0.014905111812031574,0.0,0.019620000000000002,0.73575,9.908100000000001
93202019270,22.09,-0.03408628029144926,-0.01064650843716541,0.0,0.04905,0.70632,9.751140000000001
93207069775,22.09,-0.03515093113516579,-0.00958185759344887,0.0,0.05886,0.6867000000000001,9.68247
93212120280,22.09,-0.04153883619746504,-0.011711159280881954,0.0,0.08829,0.6670800000000001,9.74133
93217170785,22.09,-0.046879543708567686,-0.0170518667919846,0.0,0.13734000000000002,0.6180300000000001,9.751140000000001
93222221290,22.09,-0.05007349623971732,-0.012775810124598492,0.0,0.15696000000000002,0.51012,9.79038
93227271795,22.09,-0.033021629447732716,0.003193952531149623,0.0,0.11772,0.5493600000000001,9.69228
93232322300,22.09,-0.022375121010567305,0.012775810124598492,0.0,0.0981,0.6278400000000001,9.65304
93237372805,22.09,-0.01918116847941768,0.011711159280881954,0.0,0.06867000000000001,0.74556,9.66285
93242423310,22.09,-0.01918116847941768,0.003193952531149623,0.0,0.08829,0.7651800000000001,9.65304
93247473815,22.09,-0.03515093113516579,-0.001064650843716541,0.0,0.11772,0.7749900000000001,9.55494
93252524320,22.09,-0.03728023282259888,0.01064650843716541,0.0,0.10791,0.71613,9.58437
93257574825,22.09,-0.04260348704118158,0.028763026072866547,0.0,0.009810000000000001,0.63765,9.6138
93262625330,22.09,-0.046879543708567686,0.023439771854283843,0.0,-0.10791,0.5886,9.623610000000001
93267675835,22.09,-0.0404741853537485,0.001064650843716541,0.0,-0.12753,0.63765,9.7119
93272726340,22.09,-0.03621558197888234,-0.008517206749732328,0.0,-0.05886,0.6867000000000001,9.68247
93277776845,22.09,-0.04366813788489812,-0.0170518667919846,0.0,0.0,0.74556,9.66285
93282827350,22.09,-0.04366813788489812,-0.014905111812031574,0.0,0.06867000000000001,0.72594,9.74133
93287877855,22.09,-0.04581489286485115,-0.013840460968315033,0.0,0.0981,0.6867000000000001,9.751140000000001
93292928360,22.09,-0.05965535383316618,-0.013840460968315033,0.0,0.07848000000000001,0.59841,9.74133
93297978865,22.09,-0.060720004676882725,-0.0170518667919846,0.0,0.10791,0.50031,9.82962
93303029370,22.09,-0.06497860805174888,-0.008517206749732328,0.0,0.10791,0.41202000000000005,9.89829
93308079875,22.09,-0.05326744877086694,-0.01064650843716541,0.0,0.08829,0.47088,9.92772
93313130380,22.09,-0.031956978604016174,-0.011711159280881954,0.0,0.14715,0.59841,9.96696
93318180885,22.09,-0.02663372438543347,-0.00958185759344887,0.0,0.20601000000000003,0.65727,9.95715
93323231390,22.09,-0.02769837522915001,-0.01064650843716541,0.0,0.23544,0.63765,9.84924
93328281895,22.09,-0.031956978604016174,0.00958185759344887,-0.007452555906015787,0.21582,0.57879,9.81
93333332400,22.09,-0.03621558197888234,0.03834488366631542,0.0,0.10791,0.48069000000000006,9.72171
93338382905,22.09,-0.044732788728614664,0.03515093113516579,0.0,-0.08829,0.51993,9.72171
93343433410,22.09,-0.03834488366631542,0.0170518667919846,-0.001064650843716541,-0.06867000000000001,0.60822,9.87867
93348483915,22.09,-0.020245819323134222,-0.001064650843716541,-0.001064650843716541,-0.04905,0.72594,9.84924
93353534420,22.09,-0.022375121010567305,-0.005323254218582705,-0.004258603374866164,0.0,0.7651800000000001,9.72171
93358584925,22.09,-0.031956978604016174,-0.003193952531149623,-0.002129301687433082,0.04905,0.73575,9.66285
93363635430,22.09,-0.0404741853537485,0.004258603374866164,-0.002129301687433082,0.02943,0.63765,9.60399
93368685935,22.09,-0.046879543708567686,0.003193952531149623,0.0,0.0,0.59841,9.48627
93373736440,22.09,-0.05539675045830002,-0.007452555906015787,-0.002129301687433082,0.019620000000000002,0.59841,9.54513
93378786945,22.09,-0.05752605214573309,-0.023439771854283843,0.0,0.05886,0.64746,9.60399
93383837450,22.09,-0.054332099614583476,-0.02663372438543347,-0.002129301687433082,0.13734000000000002,0.6867000000000001,9.66285
93388887955,22.09,-0.04153883619746504,-0.012775810124598492,0.0,0.1962,0.69651,9.67266
93393938460,22.09,-0.0404741853537485,0.002129301687433082,0.0,0.21582,0.64746,9.623610000000001
93398988965,22.09,-0.04794419455228423,0.002129301687433082,-0.001064650843716541,0.13734000000000002,0.56898,9.64323
93404039470,22.09,-0.05646140130201656,0.012775810124598492,-0.001064650843716541,0.0981,0.42183,9.69228
93409089975,22.09,-0.06391395720803235,0.022375121010567305,-0.001064650843716541,0.02943,0.41202000000000005,9.69228
93414140480,22.09,-0.05752605214573309,0.01811651763570114,0.003193952531149623,-0.05886,0.51993,9.81
93419190985,22.09,-0.03834488366631542,-0.003193952531149623,0.0,-0.019620000000000002,0.6670800000000001,10.03563
93424241490,22.09,-0.03408628029144926,-0.021310470166850764,0.0,0.06867000000000001,0.73575,10.03563
93429291995,22.09,-0.03621558197888234,-0.024504422698000388,-0.001064650843716541,0.13734000000000002,0.63765,9.92772
93434342500,22.09,-0.05113814708343386,-0.014905111812031574,-0.003193952531149623,0.18639,0.48069000000000006,9.82962
93439393005,22.09,-0.06178465552059926,0.00958185759344887,0.003193952531149623,0.0981,0.28449,9.73152
93444443510,22.09,-0.07030186227033158,0.0170518667919846,0.0,0.0,0.32373,9.70209
93449494015,22.09,-0.04153883619746504,0.003193952531149623,0.0,-0.009810000000000001,0.51012,9.85905
93454544520,22.09,-0.024504422698000388,-0.012775810124598492,0.002129301687433082,0.06867000000000001,0.72594,9.99639
93459595025,22.09,-0.024504422698000388,-0.031956978604016174,-0.001064650843716541,0.24525000000000002,0.7848,10.006200000000002
93464645530,22.09,-0.02663372438543347,-0.022375121010567305,0.0,0.31392000000000003,0.6768900000000001,9.888480000000001
93469696035,22.09,-0.04366813788489812,0.005323254218582705,0.0,0.26487,0.43164,9.59418
93474746540,22.09,-0.05965535383316618,0.0170518667919846,-0.001064650843716541,0.15696000000000002,0.33354000000000006,9.47646
93479797045,22.09,-0.06178465552059926,0.03621558197888234,0.0,0.02943,0.36297,9.623610000000001
93484847550,22.09,-0.04366813788489812,0.04581489286485115,-0.001064650843716541,-0.019620000000000002,0.46107000000000004,9.72171
93489898055,22.09,-0.020245819323134222,0.03728023282259888,-0.001064650843716541,-0.07848000000000001,0.6867000000000001,9.78057
93494948560,22.09,-0.00958185759344887,0.011711159280881954,0.0,-0.0981,0.9221400000000001,9.79038
93499999065,22.09,-0.01811651763570114,-0.012775810124598492,-0.001064650843716541,0.0,0.9123300000000001,9.74133
93505049570,22.09,-0.04366813788489812,-0.03621558197888234,-0.002129301687433082,0.0981,0.7848,9.56475
93510100075,22.09,-0.07883652231258387,-0.03728023282259888,0.0,0.11772,0.5591700000000001,9.52551
93515150580,22.09,-0.10012953918691468,-0.023439771854283843,0.002129301687433082,0.11772,0.36297,9.57456
93520201085,22.09,-0.09161233243718235,-0.014905111812031574,-0.004258603374866164,0.11772,0.25506,9.74133
93525251590,22.09,-0.06923721142661506,-0.008517206749732328,0.001064650843716541,0.12753,0.32373,9.888480000000001
93530302095,22.09,-0.046879543708567686,-0.002129301687433082,0.0,0.10791,0.42183,9.908100000000001
93535352600,22.09,-0.02556907354171693,-0.005323254218582705,0.0,0.17658,0.5395500000000001,9.888480000000001
93540403105,22.09,-0.028763026072866547,0.004258603374866164,-0.001064650843716541,0.23544,0.5591700000000001,9.79038
93545453610,22.09,-0.04366813788489812,0.00958185759344887,0.001064650843716541,0.18639,0.5493600000000001,9.7119
93550504115,22.09,-0.05326744877086694,0.002129301687433082,0.003193952531149623,0.13734000000000002,0.57879,9.751140000000001
93555554620,22.09,-0.054332099614583476,-0.01918116847941768,-0.002129301687433082,0.22563,0.5886,9.85905
93560605125,22.09,-0.05326744877086694,-0.02982767691658309,0.0,0.31392000000000003,0.51993,9.84924
93565655630,22.09,-0.05539675045830002,-0.006387905062299246,0.0,0.2943,0.41202000000000005,9.819809999999999
93570706135,22.09,-0.04581489286485115,0.022375121010567305,-0.001064650843716541,0.20601000000000003,0.30411,9.72171
93575756640,22.09,-0.046879543708567686,0.05007349623971732,0.0,0.05886,0.25506,9.633420000000001
93580807145,22.09,-0.046879543708567686,0.05752605214573309,0.003193952531149623,-0.0981,0.34335000000000004,9.751140000000001
93585857650,22.09,-0.033021629447732716,0.03728023282259888,0.002129301687433082,-0.18639,0.56898,9.83943
93590908155,22.09,-0.01811651763570114,0.015987215948268057,0.002129301687433082,-0.20601000000000003,0.74556,9.937529999999999
93595958660,22.09,-0.023439771854283843,-0.024504422698000388,0.001064650843716541,-0.07848000000000001,0.8829,9.98658
93601009165,22.09,-0.03728023282259888,-0.04794419455228423,0.0,0.04905,0.75537,9.888480000000001
93606059670,22.09,-0.05539675045830002,-0.05220279792715039,0.0,0.18639,0.56898,9.60399
93611110175,22.09,-0.08735372906231618,-0.04794419455228423,0.001064650843716541,0.26487,0.37278,9.56475
93616160680,22.09,-0.09374163412461543,-0.0404741853537485,0.0,0.32373,0.27468000000000004,9.58437
93621211185,22.09,-0.08203047484373349,-0.014905111812031574,0.003193952531149623,0.40221,0.1962,9.770760000000001
93626261690,22.09,-0.06817256058289851,0.005323254218582705,0.0,0.31392000000000003,0.24525000000000002,9.86886
93631312195,22.09,-0.039409534510031964,0.01918116847941768,0.001064650843716541,0.26487,0.30411,9.97677
93636362700,22.09,-0.015987215948268057,0.03728023282259888,-0.001064650843716541,0.20601000000000003,0.34335000000000004,9.97677
93641413205,22.09,-0.011711159280881954,0.05220279792715039,0.0,0.07848000000000001,0.37278,9.81
93646463710,22.09,-0.01918116847941768,0.05859070298944965,0.0,-0.06867000000000001,0.47088,9.633420000000001
93651514215,22.09,-0.021310470166850764,0.05646140130201656,-0.001064650843716541,-0.17658,0.6278400000000001,9.57456
93656564720,22.09,-0.02769837522915001,0.03621558197888234,0.001064650843716541,-0.23544,0.74556,9.60399
93661615225,22.09,-0.03089232776029963,0.004258603374866164,0.002129301687433082,-0.21582,0.9221400000000001,9.6138
93666665730,22.09,-0.046879543708567686,-0.02982767691658309,0.0,-0.14715,0.8142300000000001,9.72171
93671716235,22.09,-0.07136651311404815,-0.06178465552059926,0.0,-0.019620000000000002,0.60822,9.67266
93676766740,22.09,-0.09800023749948161,-0.07670722062515077,-0.003193952531149623,0.11772,0.42183,9.65304
93681817245,22.09,-0.1097288500728835,-0.07670722062515077,0.002129301687433082,0.27468000000000004,0.21582,9.64323
93686867750,22.09,-0.10545279340549739,-0.06923721142661506,0.003193952531149623,0.38259000000000004,0.20601000000000003,9.83943
93691918255,22.09,-0.08309512568745003,-0.05113814708343386,0.001064650843716541,0.50031,0.17658,9.94734
93696968760,22.09,-0.06391395720803235,-0.0170518667919846,0.0,0.5395500000000001,0.1962,9.99639
93702019265,22.09,-0.0404741853537485,0.007452555906015787,-0.001064650843716541,0.50031,0.22563,9.937529999999999
93707069770,22.09,-0.014905111812031574,0.03089232776029963,-0.001064650843716541,0.3924,0.24525000000000002,9.96696
93712120275,22.09,-0.015987215948268057,0.07243116395776468,0.0,0.27468000000000004,0.27468000000000004,9.82962
93717170780,22.09,-0.020245819323134222,0.09161233243718235,-0.003193952531149623,0.07848000000000001,0.33354000000000006,9.81
93722221285,22.09,-0.01064650843716541,0.09587093581204853,0.0,-0.14715,0.50031,9.80019
93727271790,22.09,-0.011711159280881954,0.07990117315630041,0.0,-0.30411,0.60822,9.819809999999999
93732322295,22.09,-0.01811651763570114,0.044732788728614664,0.0,-0.41202000000000005,0.7651800000000001,9.7119
93737372800,22.09,-0.01918116847941768,0.0170518667919846,0.0,-0.42183,0.79461,9.70209
93742423305,22.09,-0.044732788728614664,-0.01811651763570114,0.0,-0.35316,0.6867000000000001,9.65304
93747473810,22.09,-0.07136651311404815,-0.046879543708567686,-0.001064650843716541,-0.25506,0.51993,9.53532
93752524315,22.09,-0.09587093581204853,-0.06391395720803235,0.002129301687433082,-0.14715,0.37278,9.55494
93757574820,22.09,-0.10332349171806432,-0.07349581480148122,0.004258603374866164,-0.039240000000000004,0.36297,9.633420000000001
93762625325,22.09,-0.08948303074974927,-0.08309512568745003,0.002129301687433082,0.10791,0.3924,9.84924
93767675830,22.09,-0.08096582400001695,-0.08309512568745003,-0.001064650843716541,0.36297,0.31392000000000003,10.006200000000002
93772726335,22.09,-0.07349581480148122,-0.06710790973918197,0.001064650843716541,0.51012,0.28449,9.908100000000001
93777776840,22.09,-0.06817256058289851,-0.03621558197888234,0.0,0.60822,0.13734000000000002,9.770760000000001
93782827345,22.09,-0.06178465552059926,-0.001064650843716541,0.0,0.56898,0.12753,9.66285
93787877850,22.09,-0.05539675045830002,0.02982767691658309,0.003193952531149623,0.49050000000000005,0.16677000000000003,9.73152
93792928355,22.09,-0.039409534510031964,0.05859070298944965,-0.001064650843716541,0.34335000000000004,0.2943,9.908100000000001
93797978860,22.09,-0.02663372438543347,0.05646140130201656,0.001064650843716541,0.18639,0.40221,10.06506
93803029365,22.09,-0.01064650843716541,0.05007349623971732,0.0,0.10791,0.47088,9.99639
93808079870,22.09,-0.011711159280881954,0.05326744877086694,0.0,0.019620000000000002,0.47088,9.92772
93813130375,22.09,-0.024504422698000388,0.05113814708343386,-0.001064650843716541,-0.0981,0.44145,9.79038
93818180880,22.09,-0.039409534510031964,0.04794419455228423,-0.003193952531149623,-0.20601000000000003,0.45126,9.64323
93823231385,22.09,-0.05646140130201656,0.033021629447732716,-0.001064650843716541,-0.27468000000000004,0.44145,9.67266
93828281890,22.09,-0.05539675045830002,0.001064650843716541,0.001064650843716541,-0.31392000000000003,0.44145,9.7119
93833332395,22.09,-0.05220279792715039,-0.01811651763570114,0.0,-0.24525000000000002,0.51993,9.78057
93838382900,22.09,-0.05113814708343386,-0.03621558197888234,0.0,-0.14715,0.52974,9.83943
93843433405,22.09,-0.05326744877086694,-0.054332099614583476,0.0,-0.039240000000000004,0.48069000000000006,9.770760000000001
93848483910,22.09,-0.07030186227033158,-0.05646140130201656,0.0,0.0981,0.32373,9.70209
93853534415,22.09,-0.07990117315630041,-0.046879543708567686,0.0,0.1962,0.20601000000000003,9.623610000000001
93858584920,22.09,-0.07990117315630041,-0.02769837522915001,0.0,0.21582,0.20601000000000003,9.65304
93863635425,22.09,-0.06923721142661506,-0.008517206749732328,0.0,0.27468000000000004,0.25506,9.751140000000001
93868685930,22.09,-0.05326744877086694,-0.003193952531149623,0.0,0.25506,0.31392000000000003,9.82962
93873736435,22.09,-0.0404741853537485,0.005323254218582705,0.0,0.27468000000000004,0.32373,9.87867
93878786940,22.09,-0.04260348704118158,0.020245819323134222,0.0,0.21582,0.28449,9.80019
93883837445,22.09,-0.039409534510031964,0.023439771854283843,0.0,0.14715,0.30411,9.66285
93888887950,22.09,-0.04366813788489812,0.03408628029144926,0.0,0.06867000000000001,0.35316,9.65304
93893938455,22.09,-0.05113814708343386,0.033021629447732716,0.0,-0.019620000000000002,0.43164,9.73152
93898988960,22.09,-0.04260348704118158,0.008517206749732328,0.0,-0.04905,0.51012,9.78057
93904039465,22.09,-0.044732788728614664,-0.01064650843716541,0.0,0.009810000000000001,0.51993,9.79038
93909089970,22.09,-0.05539675045830002,-0.01918116847941768,0.0,0.05886,0.45126,9.7119
93914140475,22.09,-0.06923721142661506,-0.02556907354171693,0.0,0.11772,0.38259000000000004,9.64323
93919190980,22.09,-0.08096582400001695,-0.02982767691658309,0.0,0.15696000000000002,0.35316,9.65304
93924241485,22.09,-0.08735372906231618,-0.044732788728614664,0.0,0.26487,0.27468000000000004,9.69228
93929291990,22.09,-0.09267698328089889,-0.05220279792715039,0.0,0.38259000000000004,0.21582,9.82962
93934342495,22.09,-0.08309512568745003,-0.04366813788489812,0.0,0.49050000000000005,0.1962,9.89829
93939393000,22.09,-0.06817256058289851,-0.02663372438543347,0.0,0.52974,0.15696000000000002,9.94734
93944443505,22.09,-0.06391395720803235,0.001064650843716541,0.0,0.52974,0.0981,10.03563
93949494010,22.09,-0.05326744877086694,0.02556907354171693,0.0,0.40221,-0.009810000000000001,10.01601
93954544515,22.09,-0.04581489286485115,0.049008845396000776,0.0,0.26487,-0.009810000000000001,9.95715
93959595020,22.09,-0.03515093113516579,0.07777187146886733,0.0,0.07848000000000001,0.08829,10.006200000000002
93964645525,22.09,-0.022375121010567305,0.10119419003063122,0.0,-0.07848000000000001,0.21582,9.99639
93969696030,22.09,-0.004258603374866164,0.10012953918691468,0.0,-0.30411,0.36297,9.91791
93974746535,22.09,-0.001064650843716541,0.06923721142661506,0.0,-0.43164,0.57879,9.937529999999999
93979797040,22.09,-0.00958185759344887,0.024504422698000388,0.0,-0.44145,0.64746,9.80019
93984847545,22.09,-0.028763026072866547,-0.006387905062299246,0.0,-0.38259000000000004,0.5886,9.79038
93989898050,22.09,-0.05113814708343386,-0.024504422698000388,0.0,-0.35316,0.49050000000000005,9.60399
93994948555,22.09,-0.0756251164889143,-0.04260348704118158,0.0,-0.27468000000000004,0.38259000000000004,9.54513
93999999060,22.09,-0.09267698328089889,-0.06710790973918197,0.0,-0.14715,0.33354000000000006,9.58437
94005049565,22.09,-0.08841837990603273,-0.08841837990603273,0.0,0.04905,0.32373,9.67266
94010100070,22.09,-0.08735372906231618,-0.10225884087434776,0.0,0.31392000000000003,0.38259000000000004,9.79038
94015150575,22.09,-0.08309512568745003,-0.09267698328089889,0.0,0.5886,0.24525000000000002,9.78057
94020201080,22.09,-0.07883652231258387,-0.05752605214573309,0.0,0.6867000000000001,0.0981,9.67266
94025251585,22.09,-0.08203047484373349,-0.01918116847941768,0.0,0.64746,0.0,9.60399
94030302090,22.09,-0.0756251164889143,0.00958185759344887,0.0,0.60822,-0.02943,9.60399
94035352595,22.09,-0.05752605214573309,0.03728023282259888,0.0,0.47088,-0.019620000000000002,9.770760000000001
94040403100,22.09,-0.033021629447732716,0.05539675045830002,0.0,0.34335000000000004,0.0981,9.79038
94045453605,22.09,-0.00958185759344887,0.06710790973918197,0.0,0.22563,0.36297,9.84924
94050504110,22.09,-0.005323254218582705,0.07136651311404815,0.0,0.14715,0.44145,10.025820000000001
94055554615,22.09,-0.01064650843716541,0.07243116395776468,0.0,-0.019620000000000002,0.40221,9.80019
94060605120,22.09,-0.0404741853537485,0.06710790973918197,0.0,-0.20601000000000003,0.38259000000000004,9.72171
94065655625,22.09,-0.05539675045830002,0.044732788728614664,0.0,-0.2943,0.31392000000000003,9.67266
94070706130,22.09,-0.060720004676882725,0.02982767691658309,0.0,-0.38259000000000004,0.34335000000000004,9.79038
94075756635,22.09,-0.06604325889546543,0.013840460968315033,0.0,-0.38259000000000004,0.28449,9.94734
94080807140,22.09,-0.06497860805174888,-0.013840460968315033,0.0,-0.40221,0.1962,9.96696
94085857645,22.09,-0.07349581480148122,-0.03834488366631542,0.0,-0.33354000000000006,0.10791,9.94734
94090908150,22.09,-0.07349581480148122,-0.049008845396000776,0.0,-0.25506,0.10791,9.89829
94095958655,22.09,-0.06710790973918197,-0.07136651311404815,0.0,-0.10791,0.1962,9.83943
94101009160,22.09,-0.060720004676882725,-0.09267698328089889,0.005323254218582705,0.0981,0.42183,9.96696
94106059665,22.09,-0.06284930636431581,-0.10545279340549739,0.001064650843716541,0.49050000000000005,0.41202000000000005,10.03563
94111110170,22.09,-0.06604325889546543,-0.09374163412461543,0.0,0.6867000000000001,0.2943,9.87867
94116160675,22.09,-0.08203047484373349,-0.05859070298944965,-0.001064650843716541,0.8240400000000001,0.11772,9.68247
94121211180,22.09,-0.07883652231258387,-0.01918116847941768,0.002129301687433082,0.7651800000000001,0.0,9.55494
94126261685,22.09,-0.07777187146886733,0.020245819323134222,0.0,0.72594,-0.0981,9.623610000000001
94131312190,22.09,-0.06284930636431581,0.05007349623971732,-0.001064650843716541,0.56898,-0.04905,9.7119
94136362695,22.09,-0.039409534510031964,0.07030186227033158,-0.001064650843716541,0.40221,0.0,9.81
94141413200,22.09,-0.011711159280881954,0.1097288500728835,-0.001064650843716541,0.17658,0.07848000000000001,9.84924
94146463705,22.09,0.003193952531149623,0.1331511686346474,-0.001064650843716541,-0.08829,0.18639,9.81
94151514210,22.09,0.008517206749732328,0.1374272253020335,-0.002129301687433082,-0.38259000000000004,0.28449,9.74133
94156564715,22.09,-0.007452555906015787,0.11398745344774965,-0.001064650843716541,-0.6278400000000001,0.41202000000000005,9.72171
94161615220,22.09,-0.01918116847941768,0.06604325889546543,-0.003193952531149623,-0.71613,0.47088,9.69228
94166665725,22.09,-0.03621558197888234,0.012775810124598492,0.001064650843716541,-0.7651800000000001,0.5886,9.64323
94171716230,22.09,-0.054332099614583476,-0.046879543708567686,0.004258603374866164,-0.6768900000000001,0.60822,9.69228
94176766735,22.09,-0.07883652231258387,-0.11505210429146619,0.004258603374866164,-0.44145,0.59841,9.73152
94181817240,22.09,-0.09693558665576507,-0.17364280728091586,0.004258603374866164,-0.0981,0.50031,9.80019
94186867745,22.09,-0.12356931104119852,-0.19387117331153014,0.001064650843716541,0.35316,0.2943,9.86886
94191918250,22.09,-0.14594443205176583,-0.17470745812463237,0.0,0.8240400000000001,0.0,9.819809999999999
94196968755,22.09,-0.1555262896452147,-0.10653489754173388,0.004258603374866164,0.9711900000000001,-0.2943,9.770760000000001
94202019260,22.09,-0.13849187614575004,-0.028763026072866547,0.0,0.90252,-0.35316,9.760950000000001
94207069765,22.09,-0.10332349171806432,0.046879543708567686,0.0,0.85347,-0.34335000000000004,9.99639
94212120270,22.09,-0.06497860805174888,0.10545279340549739,0.0,0.60822,-0.34335000000000004,9.94734
94217170775,22.09,-0.03728023282259888,0.13849187614575004,0.0,0.33354000000000006,-0.22563,9.937529999999999
94222221280,22.09,-0.004258603374866164,0.150203035426632,-0.001064650843716541,0.0,-0.17658,9.79038
94227271785,22.09,0.014905111812031574,0.12995721610349775,-0.001064650843716541,-0.27468000000000004,-0.019620000000000002,9.80019
94232322290,22.09,0.02982767691658309,0.08096582400001695,-0.001064650843716541,-0.47088,0.10791,9.79038
94237372795,22.09,0.03515093113516579,0.03089232776029963,0.0,-0.51012,0.25506,9.82962
94242423300,22.09,0.02769837522915001,-0.021310470166850764,-0.004258603374866164,-0.5395500000000001,0.86328,9.82962
94247473805,22.09,0.015987215948268057,-0.05007349623971732,0.0,-0.25506,0.85347,10.143540000000002
94252524310,22.09,-0.03089232776029963,-0.05859070298944965,0.002129301687433082,-0.12753,0.71613,9.84924
94257574815,22.09,-0.09374163412461543,-0.05646140130201656,0.001064650843716541,0.019620000000000002,0.33354000000000006,9.40779
94262625320,22.09,-0.10653489754173388,-0.05646140130201656,0.004258603374866164,0.0,0.009810000000000001,9.43722
94267675825,22.09,-0.1288925652597812,-0.04366813788489812,0.0,0.02943,0.039240000000000004,9.633420000000001
94272726330,22.09,-0.11185815176031658,-0.04366813788489812,0.0,0.16677000000000003,-0.11772,10.006200000000002
94277776835,22.09,-0.09161233243718235,-0.05007349623971732,0.002129301687433082,0.22563,-0.08829,10.006200000000002
94282827340,22.09,-0.08096582400001695,-0.05646140130201656,-0.001064650843716541,0.35316,-0.08829,9.92772
94287877845,22.09,-0.05007349623971732,-0.05326744877086694,0.001064650843716541,0.45126,-0.08829,9.73152
94292928350,22.09,-0.03834488366631542,-0.013840460968315033,0.0,0.50031,-0.04905,9.65304
94297978855,22.09,-0.02769837522915001,0.0404741853537485,-0.002129301687433082,0.51012,-0.019620000000000002,9.64323
94303029360,22.09,-0.02769837522915001,0.07670722062515077,0.001064650843716541,0.33354000000000006,0.02943,9.70209
94308079865,22.09,-0.024504422698000388,0.09693558665576507,0.0,0.07848000000000001,0.08829,9.80019
94313130370,22.09,-0.021310470166850764,0.09054768159346581,0.0,-0.10791,0.14715,9.83943
94318180875,22.09,-0.02556907354171693,0.05859070298944965,-0.001064650843716541,-0.22563,0.35316,9.78057
94323231380,22.09,-0.01918116847941768,0.015987215948268057,0.0,-0.28449,0.41202000000000005,9.94734
94328281885,22.09,-0.03728023282259888,-0.014905111812031574,-0.001064650843716541,-0.24525000000000002,0.43164,9.937529999999999
94333332390,22.09,-0.06178465552059926,-0.033021629447732716,-0.001064650843716541,-0.13734000000000002,0.20601000000000003,9.86886
94338382895,22.09,-0.08309512568745003,-0.03834488366631542,-0.001064650843716541,-0.0981,0.039240000000000004,9.7119
94343433400,22.09,-0.09693558665576507,-0.020245819323134222,0.0,-0.08829,0.05886,9.751140000000001
94348483905,22.09,-0.08415977653116657,-0.004258603374866164,0.004258603374866164,-0.019620000000000002,-0.04905,9.84924
94353534410,22.09,-0.08415977653116657,-0.011711159280881954,0.002129301687433082,-0.009810000000000001,-0.009810000000000001,9.79038
94358584915,22.09,-0.07883652231258387,-0.02769837522915001,0.003193952531149623,0.02943,-0.019620000000000002,9.770760000000001
94363635420,22.09,-0.054332099614583476,-0.046879543708567686,0.001064650843716541,0.12753,-0.02943,9.72171
94368685925,22.09,-0.04153883619746504,-0.06284930636431581,0.001064650843716541,0.2943,-0.009810000000000001,9.78057
94373736430,22.09,-0.03834488366631542,-0.06497860805174888,-0.002129301687433082,0.38259000000000004,0.23544,9.87867
94378786935,22.09,-0.05007349623971732,-0.02769837522915001,-0.001064650843716541,0.5886,0.02943,10.13373
94383837440,22.09,-0.04581489286485115,0.00958185759344887,0.0,0.44145,-0.05886,9.70209
94388887945,22.09,-0.06284930636431581,0.05752605214573309,0.002129301687433082,0.35316,0.0,9.68247
94393938450,22.09,-0.054332099614583476,0.07670722062515077,0.0,0.17658,0.019620000000000002,9.72171
94398988955,22.09,-0.04366813788489812,0.07883652231258387,0.0,-0.019620000000000002,0.009810000000000001,9.770760000000001
94404039460,22.09,-0.03621558197888234,0.05539675045830002,0.0,-0.13734000000000002,0.07848000000000001,9.82962
94409089965,22.09,-0.031956978604016174,0.01811651763570114,-0.001064650843716541,-0.17658,0.05886,9.937529999999999
94414140470,22.09,-0.03728023282259888,-0.001064650843716541,-0.002129301687433082,-0.23544,0.0981,9.908100000000001
94419190975,22.09,-0.04581489286485115,-0.008517206749732328,-0.002129301687433082,-0.16677000000000003,0.0981,9.85905
94424241480,22.09,-0.049008845396000776,-0.015987215948268057,0.0,-0.10791,0.0981,9.80019
94429291985,22.09,-0.05326744877086694,-0.021310470166850764,0.001064650843716541,-0.06867000000000001,0.0981,9.7119
94434342490,22.09,-0.05113814708343386,-0.02556907354171693,0.0,0.0,0.11772,9.6138
94439392995,22.09,-0.05220279792715039,-0.03834488366631542,0.004258603374866164,0.02943,0.16677000000000003,9.623610000000001
94444443500,22.09,-0.05859070298944965,-0.04794419455228423,0.003193952531149623,0.15696000000000002,0.22563,9.760950000000001
94449494005,22.09,-0.07243116395776468,-0.04366813788489812,0.0,0.2943,0.0981,9.819809999999999
94454544510,22.09,-0.08628907821859966,-0.033021629447732716,0.0,0.30411,-0.04905,9.85905
94459595015,22.09,-0.08735372906231618,-0.01811651763570114,0.002129301687433082,0.31392000000000003,-0.04905,9.91791
94464645520,22.09,-0.08096582400001695,0.007452555906015787,0.0,0.2943,-0.12753,10.025820000000001
94469696025,22.09,-0.06923721142661506,0.03408628029144926,0.001064650843716541,0.23544,-0.16677000000000003,9.888480000000001
94474746530,22.09,-0.06817256058289851,0.05007349623971732,0.0,0.16677000000000003,-0.11772,9.80019
94479797035,22.09,-0.05220279792715039,0.044732788728614664,0.002129301687433082,0.05886,-0.11772,9.6138
94484847540,22.09,-0.044732788728614664,0.033021629447732716,0.001064650843716541,-0.019620000000000002,-0.08829,9.68247
94489898045,22.09,-0.03728023282259888,0.024504422698000388,0.0,-0.0981,-0.039240000000000004,9.86886
94494948550,22.09,-0.02982767691658309,0.0170518667919846,-0.002129301687433082,-0.13734000000000002,-0.02943,9.97677
94499999055,22.09,-0.02982767691658309,-0.001064650843716541,0.0,-0.16677000000000003,0.0,9.99639
94505049560,22.09,-0.02982767691658309,-0.0170518667919846,-0.001064650843716541,-0.13734000000000002,0.04905,9.86886
94510100065,22.09,-0.03515093113516579,-0.028763026072866547,0.0,0.0,0.04905,9.6138
94515150570,22.09,-0.02982767691658309,-0.028763026072866547,0.0,0.05886,0.08829,9.50589
94520201075,22.09,-0.02982767691658309,-0.022375121010567305,0.0,0.12753,0.37278,9.59418
94525251580,22.09,-0.03728023282259888,-0.011711159280881954,0.001064650843716541,0.1962,0.22563,9.86886
94530302085,22.09,-0.06817256058289851,-0.002129301687433082,-0.002129301687433082,0.11772,0.05886,9.888480000000001
94535352590,22.09,-0.09161233243718235,-0.004258603374866164,0.001064650843716541,0.0981,0.02943,9.819809999999999
94540403095,22.09,-0.09054768159346581,-0.011711159280881954,0.0,0.14715,-0.06867000000000001,9.96696
94545453600,22.09,-0.0852244273748831,-0.004258603374866164,0.0,0.14715,-0.039240000000000004,9.86886
94550504105,22.09,-0.07670722062515077,0.001064650843716541,-0.002129301687433082,0.16677000000000003,-0.10791,9.83943
94555554610,22.09,-0.05646140130201656,0.01064650843716541,0.0,0.16677000000000003,-0.11772,9.73152
94560605115,22.09,-0.05965535383316618,0.0170518667919846,-0.001064650843716541,0.0981,-0.12753,9.79038
94565655620,22.09,-0.05752605214573309,0.012775810124598492,0.0,0.07848000000000001,-0.16677000000000003,9.80019
94570706125,22.09,-0.06604325889546543,0.01064650843716541,-0.001064650843716541,0.009810000000000001,-0.12753,9.81
94575756630,22.09,-0.05965535383316618,-0.002129301687433082,0.001064650843716541,0.0,-0.11772,9.888480000000001
94580807135,22.09,-0.04153883619746504,-0.020245819323134222,0.0,0.009810000000000001,-0.0981,9.92772
94585857640,22.09,-0.021310470166850764,-0.023439771854283843,0.0,0.08829,-0.04905,9.85905
94590908145,22.09,-0.014905111812031574,-0.013840460968315033,-0.003193952531149623,0.15696000000000002,-0.009810000000000001,9.85905
94595958650,22.09,-0.023439771854283843,0.01064650843716541,0.0,0.16677000000000003,0.0,9.770760000000001
94601009155,22.09,-0.0404741853537485,0.03408628029144926,0.003193952531149623,0.07848000000000001,0.009810000000000001,9.64323
94606059660,22.09,-0.05539675045830002,0.03834488366631542,0.0,0.02943,0.02943,9.64323
94611110165,22.09,-0.06178465552059926,0.01918116847941768,0.0,-0.04905,0.039240000000000004,9.78057
94616160670,22.09,-0.05113814708343386,0.008517206749732328,0.0,-0.07848000000000001,0.0,9.87867
94621211175,22.09,-0.04260348704118158,-0.007452555906015787,0.0,-0.05886,0.0,10.074869999999999
94626261680,22.09,-0.04581489286485115,-0.01811651763570114,0.0,-0.04905,-0.009810000000000001,10.01601
94631312185,22.09,-0.05965535383316618,-0.014905111812031574,0.0,0.019620000000000002,-0.039240000000000004,9.79038
94636362690,22.09,-0.07243116395776468,-0.020245819323134222,0.0,0.06867000000000001,-0.05886,9.64323
94641413195,22.09,-0.07777187146886733,-0.020245819323134222,0.0,0.13734000000000002,-0.06867000000000001,9.57456
94646463700,22.09,-0.07243116395776468,-0.007452555906015787,0.0,0.10791,-0.10791,9.64323
94651514205,22.09,-0.05752605214573309,-0.00958185759344887,0.0,0.12753,-0.12753,9.85905
94656564710,22.09,-0.046879543708567686,-0.012775810124598492,0.0,0.12753,-0.10791,10.006200000000002
94661615215,22.09,-0.049008845396000776,-0.015987215948268057,0.0,0.15696000000000002,-0.10791,9.96696
94666665720,22.09,-0.05113814708343386,-0.002129301687433082,0.0,0.15696000000000002,-0.13734000000000002,9.84924
94671716225,22.09,-0.05220279792715039,0.01918116847941768,0.0,0.15696000000000002,-0.10791,9.69228
94676766730,22.09,-0.05113814708343386,0.04581489286485115,0.0,0.10791,-0.0981,9.54513
94681817235,22.09,-0.04794419455228423,0.044732788728614664,0.0,-0.02943,-0.06867000000000001,9.65304
94686867740,22.09,-0.04153883619746504,0.022375121010567305,0.0,-0.0981,-0.06867000000000001,9.74133
94691918245,22.09,-0.0404741853537485,-0.005323254218582705,0.0,-0.10791,-0.05886,9.85905
94696968750,22.09,-0.04153883619746504,-0.022375121010567305,0.0,-0.04905,-0.04905,9.98658
94702019255,22.09,-0.05007349623971732,-0.020245819323134222,0.0,-0.019620000000000002,-0.08829,10.01601
94707069760,22.09,-0.054332099614583476,-0.012775810124598492,0.0,0.009810000000000001,-0.10791,9.937529999999999
94712120265,22.09,-0.060720004676882725,-0.01918116847941768,0.0,0.04905,-0.10791,9.85905
94717170770,22.09,-0.05752605214573309,-0.01811651763570114,0.0,0.10791,-0.0981,9.78057
94722221275,22.09,-0.05220279792715039,-0.0170518667919846,0.0,0.15696000000000002,-0.12753,9.64323
94727271780,22.09,-0.05646140130201656,-0.00958185759344887,0.0,0.17658,-0.11772,9.73152
94732322285,22.09,-0.05220279792715039,0.003193952531149623,0.0,0.14715,-0.11772,9.84924
94737372790,22.09,-0.05220279792715039,0.013840460968315033,0.0,0.11772,-0.15696000000000002,9.91791
94742423295,22.09,-0.05859070298944965,0.012775810124598492,0.0,0.06867000000000001,-0.17658,10.006200000000002
94747473800,22.09,-0.05859070298944965,0.007452555906015787,0.0,0.06867000000000001,-0.17658,9.86886
94752524305,22.09,-0.05646140130201656,0.00958185759344887,0.0,0.019620000000000002,-0.16677000000000003,9.65304
94757574810,22.09,-0.0404741853537485,0.01064650843716541,0.0,0.019620000000000002,-0.13734000000000002,9.64323
94762625315,22.09,-0.033021629447732716,0.011711159280881954,0.0,0.02943,-0.11772,9.623610000000001
94767675820,22.09,-0.03728023282259888,0.003193952531149623,0.0,0.009810000000000001,-0.10791,9.79038
94772726325,22.09,-0.05539675045830002,-0.004258603374866164,0.0,-0.039240000000000004,-0.10791,9.92772
94777776830,22.09,-0.05752605214573309,0.0,0.0,-0.039240000000000004,-0.12753,9.888480000000001
94782827335,22.09,-0.06178465552059926,0.0,0.0,-0.019620000000000002,-0.14715,9.888480000000001
94787877840,22.09,-0.05326744877086694,-0.005323254218582705,0.0,-0.009810000000000001,-0.13734000000000002,9.86886
94792928345,22.09,-0.04366813788489812,-0.00958185759344887,0.0,0.019620000000000002,-0.13734000000000002,9.87867
94797978850,22.09,-0.04260348704118158,-0.013840460968315033,0.0,0.039240000000000004,-0.15696000000000002,9.78057
94803029355,22.09,-0.04794419455228423,-0.014905111812031574,0.0,0.06867000000000001,-0.14715,9.760950000000001
94808079860,22.09,-0.06178465552059926,-0.006387905062299246,0.0,0.05886,-0.17658,9.68247
94813130365,22.09,-0.07030186227033158,-0.004258603374866164,0.0,0.08829,-0.16677000000000003,9.72171
94818180870,22.09,-0.05965535383316618,-0.01064650843716541,0.0,0.0981,-0.18639,9.908100000000001
94823231375,22.09,-0.05007349623971732,-0.00958185759344887,0.0,0.0981,-0.1962,9.97677
94828281880,22.09,-0.044732788728614664,-0.00958185759344887,0.0,0.13734000000000002,-0.20601000000000003,9.96696
94833332385,22.09,-0.04153883619746504,0.003193952531149623,0.0,0.15696000000000002,-0.18639,9.83943
94838382890,22.09,-0.049008845396000776,0.0170518667919846,0.0,0.13734000000000002,-0.17658,9.66285
94843433395,22.09,-0.05539675045830002,0.024504422698000388,0.0,0.08829,-0.18639,9.54513
94848483900,22.09,-0.05539675045830002,0.028763026072866547,0.0,0.039240000000000004,-0.18639,9.67266
94853534405,22.09,-0.05220279792715039,0.021310470166850764,0.0,-0.019620000000000002,-0.18639,9.83943
94858584910,22.09,-0.05007349623971732,0.006387905062299246,0.0,-0.06867000000000001,-0.18639,9.94734
94863635415,22.09,-0.04366813788489812,0.008517206749732328,0.0,-0.10791,-0.1962,10.025820000000001
94868685920,22.09,-0.04366813788489812,0.004258603374866164,0.0,-0.10791,-0.1962,9.95715
94873736425,22.09,-0.05326744877086694,0.001064650843716541,0.0,-0.10791,-0.21582,9.86886
94878786930,22.09,-0.054332099614583476,0.0,0.0,-0.12753,-0.22563,9.751140000000001
94883837435,22.09,-0.05965535383316618,-0.007452555906015787,0.0,-0.039240000000000004,-0.21582,9.60399
94888887940,22.09,-0.05752605214573309,-0.024504422698000388,0.0,-0.019620000000000002,-0.20601000000000003,9.66285
94893938445,22.09,-0.046879543708567686,-0.03834488366631542,0.0,0.039240000000000004,-0.20601000000000003,9.81
94898988950,22.09,-0.04366813788489812,-0.04260348704118158,0.0,0.10791,-0.21582,9.94734
94904039455,22.09,-0.04366813788489812,-0.03834488366631542,0.0,0.20601000000000003,-0.22563,10.01601
94909089960,22.09,-0.05007349623971732,-0.02556907354171693,-0.005323254218582705,0.22563,-0.21582,9.95715
94914140465,22.09,-0.05113814708343386,-0.003193952531149623,0.0,0.28449,-0.20601000000000003,9.760950000000001
94919190970,22.09,-0.05007349623971732,0.01918116847941768,0.0,0.2943,-0.23544,9.56475
94924241475,22.09,-0.04794419455228423,0.028763026072866547,-0.001064650843716541,0.1962,-0.21582,9.60399
94929291980,22.09,-0.044732788728614664,0.03408628029144926,-0.002129301687433082,0.14715,-0.1962,9.68247
94934342485,22.09,-0.03834488366631542,0.03621558197888234,0.0,0.039240000000000004,-0.16677000000000003,9.82962
94939392990,22.09,-0.04153883619746504,0.02769837522915001,0.0,-0.04905,-0.17658,9.98658
94944443495,22.09,-0.04794419455228423,0.023439771854283843,0.0,-0.0981,-0.18639,9.937529999999999
94949494000,22.09,-0.05859070298944965,0.01918116847941768,0.0,-0.15696000000000002,-0.23544,9.84924
94954544505,22.09,-0.060720004676882725,0.014905111812031574,0.0,-0.15696000000000002,-0.22563,9.82962
94959595010,22.09,-0.05113814708343386,0.007452555906015787,0.003193952531149623,-0.16677000000000003,-0.23544,9.760950000000001
94964645515,22.09,-0.049008845396000776,-0.008517206749732328,0.001064650843716541,-0.14715,-0.25506,9.72171
94969696020,22.09,-0.05326744877086694,-0.031956978604016174,-0.001064650843716541,-0.11772,-0.24525000000000002,9.78057
94974746525,22.09,-0.05007349623971732,-0.049008845396000776,0.0,-0.02943,-0.27468000000000004,9.751140000000001
94979797030,22.09,-0.05220279792715039,-0.046879543708567686,0.002129301687433082,0.08829,-0.28449,9.85905
94984847535,22.09,-0.05539675045830002,-0.03834488366631542,0.0,0.17658,-0.26487,9.96696
94989898040,22.09,-0.054332099614583476,-0.01811651763570114,0.0,0.18639,-0.28449,9.89829
94994948545,22.09,-0.049008845396000776,-0.005323254218582705,0.0,0.22563,-0.30411,9.82962
94999999050,22.09,-0.046879543708567686,0.003193952531149623,-0.001064650843716541,0.20601000000000003,-0.28449,9.69228
95005049555,22.09,-0.0404741853537485,0.01811651763570114,0.0,0.21582,-0.27468000000000004,9.55494
95010100060,22.09,-0.03728023282259888,0.03408628029144926,0.0,0.13734000000000002,-0.27468000000000004,9.66285
95015150565,22.09,-0.039409534510031964,0.0404741853537485,-0.001064650843716541,0.019620000000000002,-0.23544,9.81
95020201070,22.09,-0.0404741853537485,0.03621558197888234,-0.001064650843716541,-0.04905,-0.22563,9.87867
95025251575,22.09,-0.044732788728614664,0.01918116847941768,0.001064650843716541,-0.11772,-0.24525000000000002,9.95715
95030302080,22.09,-0.05007349623971732,0.007452555906015787,-0.001064650843716541,-0.16677000000000003,-0.23544,9.92772
95035352585,22.09,-0.046879543708567686,-0.003193952531149623,0.002129301687433082,-0.11772,-0.24525000000000002,9.82962
95040403090,22.09,-0.04581489286485115,-0.005323254218582705,0.004258603374866164,-0.0981,-0.27468000000000004,9.80019
95045453595,22.09,-0.05113814708343386,-0.011711159280881954,-0.001064650843716541,-0.04905,-0.26487,9.819809999999999
95050504100,22.09,-0.05646140130201656,-0.021310470166850764,-0.002129301687433082,-0.02943,-0.26487,9.760950000000001
95055554605,22.09,-0.05752605214573309,-0.02769837522915001,-0.002129301687433082,0.009810000000000001,-0.2943,9.819809999999999
95060605110,22.09,-0.05326744877086694,-0.02663372438543347,0.002129301687433082,0.08829,-0.30411,9.89829
95065655615,22.09,-0.05220279792715039,-0.014905111812031574,0.002129301687433082,0.08829,-0.30411,9.94734
95070706120,22.09,-0.05113814708343386,-0.002129301687433082,0.0,0.11772,-0.34335000000000004,9.99639
95075756625,22.09,-0.04260348704118158,0.005323254218582705,0.001064650843716541,0.07848000000000001,-0.30411,9.95715
95080807130,22.09,-0.046879543708567686,0.006387905062299246,-0.001064650843716541,0.05886,-0.33354000000000006,9.7119
95085857635,22.09,-0.05007349623971732,0.00958185759344887,0.0,0.05886,-0.34335000000000004,9.68247
95090908140,22.09,-0.04366813788489812,0.012775810124598492,-0.003193952531149623,0.05886,-0.30411,9.66285
95095958645,22.09,-0.03621558197888234,0.012775810124598492,0.0,0.009810000000000001,-0.33354000000000006,9.7119
95101009150,22.09,-0.0404741853537485,0.012775810124598492,0.0,0.0,-0.28449,9.86886
95106059655,22.09,-0.033021629447732716,0.004258603374866164,0.0,-0.04905,-0.27468000000000004,9.908100000000001
95111110160,22.09,-0.03089232776029963,0.0,0.0,-0.04905,-0.26487,9.78057
95116160665,22.09,-0.03728023282259888,-0.003193952531149623,-0.001064650843716541,-0.019620000000000002,-0.26487,9.74133
95121211170,22.09,-0.03515093113516579,0.001064650843716541,0.002129301687433082,0.0,-0.25506,9.70209
95126261675,22.09,-0.03834488366631542,-0.003193952531149623,0.0,0.02943,-0.25506,9.69228
95131312180,22.09,-0.04366813788489812,-0.004258603374866164,-0.001064650843716541,0.0,-0.25506,9.78057
95136362685,22.09,-0.04794419455228423,-0.006387905062299246,-0.002129301687433082,0.009810000000000001,-0.28449,9.82962
95141413190,22.09,-0.05113814708343386,-0.011711159280881954,0.0,0.02943,-0.2943,9.87867
95146463695,22.09,-0.054332099614583476,-0.011711159280881954,0.0,0.019620000000000002,-0.32373,9.96696
95151514200,22.09,-0.05326744877086694,0.0,0.0,0.02943,-0.32373,10.01601
95156564705,22.09,-0.054332099614583476,0.007452555906015787,0.002129301687433082,0.019620000000000002,-0.35316,9.92772
95161615210,22.09,-0.054332099614583476,0.004258603374866164,0.0,0.0,-0.36297,9.819809999999999
95166665715,22.09,-0.05326744877086694,0.004258603374866164,0.0,0.019620000000000002,-0.38259000000000004,9.751140000000001
95171716220,22.09,-0.054332099614583476,0.0,0.001064650843716541,0.0,-0.40221,9.74133
95176766725,22.09,-0.049008845396000776,-0.002129301687433082,0.0,0.009810000000000001,-0.40221,9.84924
95181817230,22.09,-0.04366813788489812,0.003193952531149623,0.0,0.0,-0.40221,9.91791
95186867735,22.09,-0.03728023282259888,0.004258603374866164,0.0,-0.009810000000000001,-0.41202000000000005,9.937529999999999
95191918240,22.09,-0.04153883619746504,-0.0,-0.002129301687433082,-0.02943,-0.36297,9.87867
95196968745,22.09,-0.03515093113516579,-0.003193952531149623,-0.001064650843716541,-0.019620000000000002,-0.3924,9.79038
95202019250,22.09,-0.03728023282259888,-0.006387905062299246,0.0,0.009810000000000001,-0.34335000000000004,9.69228
95207069755,22.09,-0.02982767691658309,-0.005323254218582705,0.0,0.04905,-0.32373,9.72171
95212120260,22.09,-0.024504422698000388,0.003193952531149623,0.0,0.039240000000000004,-0.32373,9.7119
95217170765,22.09,-0.024504422698000388,0.004258603374866164,0.001064650843716541,0.0,-0.31392000000000003,9.68247
95222221270,22.09,-0.031956978604016174,-0.0,-0.001064650843716541,-0.039240000000000004,-0.28449,9.80019
95227271775,22.09,-0.02982767691658309,0.002129301687433082,0.0,0.0,-0.32373,9.86886
95232322280,22.09,-0.03515093113516579,0.0,0.0,-0.02943,-0.33354000000000006,9.84924
95237372785,22.09,-0.0404741853537485,0.001064650843716541,-0.001064650843716541,-0.039240000000000004,-0.33354000000000006,9.85905
95242423290,22.09,-0.04153883619746504,0.008517206749732328,0.0,-0.04905,-0.33354000000000006,9.81
95247473795,22.09,-0.05007349623971732,0.003193952531149623,0.0,-0.04905,-0.33354000000000006,9.78057
95252524300,22.09,-0.05326744877086694,-0.006387905062299246,0.0,0.0,-0.35316,9.82962
95257574805,22.09,-0.05326744877086694,-0.013840460968315033,0.001064650843716541,0.0,-0.36297,9.82962
95262625310,22.09,-0.05752605214573309,-0.020245819323134222,0.0,0.0,-0.3924,9.92772
95267675815,22.09,-0.04794419455228423,-0.021310470166850764,0.0,0.05886,-0.41202000000000005,9.95715
95272726320,22.09,-0.04260348704118158,-0.004258603374866164,0.0,0.0981,-0.46107000000000004,9.92772
95277776825,22.09,-0.044732788728614664,0.001064650843716541,0.002129301687433082,0.0981,-0.44145,9.908100000000001
95282827330,22.09,-0.05113814708343386,0.005323254218582705,0.0,0.06867000000000001,-0.45126,9.87867
95287877835,22.09,-0.04366813788489812,0.0170518667919846,0.0,0.06867000000000001,-0.43164,9.760950000000001
95292928340,22.09,-0.03834488366631542,0.0170518667919846,0.0,0.019620000000000002,-0.44145,9.73152
95297978845,22.09,-0.03515093113516579,0.011711159280881954,0.0,0.0,-0.44145,9.760950000000001
95303029350,22.09,-0.02556907354171693,0.011711159280881954,-0.001064650843716541,-0.039240000000000004,-0.40221,9.86886
95308079855,22.09,-0.01918116847941768,0.00958185759344887,0.0,-0.06867000000000001,-0.42183,9.888480000000001
95313130360,22.09,-0.022375121010567305,0.0170518667919846,0.0,-0.10791,-0.38259000000000004,9.85905
95318180865,22.09,-0.02982767691658309,0.014905111812031574,-0.002129301687433082,-0.13734000000000002,-0.36297,9.80019
95323231370,22.09,-0.033021629447732716,-0.002129301687433082,0.001064650843716541,-0.12753,-0.37278,9.72171
95328281875,22.09,-0.03089232776029963,-0.01918116847941768,-0.001064650843716541,-0.06867000000000001,-0.34335000000000004,9.633420000000001
95333332380,22.09,-0.024504422698000388,-0.01811651763570114,0.0,-0.019620000000000002,-0.35316,9.60399
95338382885,22.09,-0.024504422698000388,-0.020245819323134222,0.0,0.0,-0.35316,9.751140000000001
95343433390,22.09,-0.03089232776029963,-0.015987215948268057,-0.006387905062299246,0.019620000000000002,-0.36297,9.86886
95348483895,22.09,-0.031956978604016174,-0.01064650843716541,0.0,0.04905,-0.33354000000000006,9.94734
95353534400,22.09,-0.04581489286485115,-0.002129301687433082,-0.001064650843716541,0.05886,-0.35316,9.888480000000001
95358584905,22.09,-0.05539675045830002,0.00958185759344887,0.0,0.039240000000000004,-0.38259000000000004,9.84924
95363635410,22.09,-0.05326744877086694,0.022375121010567305,0.001064650843716541,0.019620000000000002,-0.41202000000000005,9.819809999999999
95368685915,22.09,-0.04794419455228423,0.015987215948268057,0.002129301687433082,-0.039240000000000004,-0.41202000000000005,9.819809999999999
95373736420,22.09,-0.046879543708567686,0.012775810124598492,-0.002129301687433082,-0.07848000000000001,-0.42183,9.86886
95378786925,22.09,-0.046879543708567686,0.011711159280881954,-0.002129301687433082,-0.07848000000000001,-0.46107000000000004,9.87867
95383837430,22.09,-0.044732788728614664,-0.005323254218582705,-0.002129301687433082,-0.13734000000000002,-0.47088,9.97677
95388887935,22.09,-0.04581489286485115,-0.011711159280881954,0.0,-0.08829,-0.49050000000000005,9.94734
95393938440,22.09,-0.05007349623971732,-0.022375121010567305,0.001064650843716541,-0.019620000000000002,-0.50031,9.908100000000001
95398988945,22.09,-0.0404741853537485,-0.028763026072866547,0.001064650843716541,0.02943,-0.50031,9.80019
95404039450,22.09,-0.02769837522915001,-0.02769837522915001,0.0,0.07848000000000001,-0.51012,9.819809999999999
95409089955,22.09,-0.015987215948268057,-0.008517206749732328,-0.001064650843716541,0.16677000000000003,-0.47088,9.78057
95414140460,22.09,-0.013840460968315033,0.002129301687433082,0.0,0.14715,-0.45126,9.82962
95419190965,22.09,-0.01918116847941768,0.01811651763570114,-0.005323254218582705,0.07848000000000001,-0.43164,9.81
95424241470,22.09,-0.02556907354171693,0.03834488366631542,-0.002129301687433082,0.019620000000000002,-0.42183,9.79038
95429291975,22.09,-0.02769837522915001,0.03728023282259888,-0.001064650843716541,-0.07848000000000001,-0.41202000000000005,9.78057
95434342480,22.09,-0.023439771854283843,0.023439771854283843,0.003193952531149623,-0.12753,-0.41202000000000005,9.760950000000001
95439392985,22.09,-0.015987215948268057,0.0,0.0,-0.12753,-0.35316,9.751140000000001
95444443490,22.09,-0.013840460968315033,-0.004258603374866164,0.0,-0.11772,-0.36297,9.770760000000001
95449493995,22.09,-0.008517206749732328,0.003193952531149623,0.0,-0.08829,-0.34335000000000004,9.74133
95454544500,22.09,-0.020245819323134222,0.011711159280881954,-0.001064650843716541,-0.12753,-0.36297,9.72171
95459595005,22.09,-0.0404741853537485,-0.002129301687433082,0.0,-0.12753,-0.37278,9.770760000000001
95464645510,22.09,-0.04794419455228423,-0.012775810124598492,0.002129301687433082,-0.0981,-0.41202000000000005,9.770760000000001
95469696015,22.09,-0.05539675045830002,-0.020245819323134222,0.0,-0.0981,-0.41202000000000005,9.760950000000001
95474746520,22.09,-0.04366813788489812,-0.03408628029144926,0.001064650843716541,-0.019620000000000002,-0.43164,9.819809999999999
95479797025,22.09,-0.03515093113516579,-0.04366813788489812,0.0,0.08829,-0.48069000000000006,9.89829
95484847530,22.09,-0.03408628029144926,-0.04366813788489812,-0.001064650843716541,0.12753,-0.46107000000000004,9.92772
95489898035,22.09,-0.04260348704118158,-0.021310470166850764,-0.001064650843716541,0.22563,-0.51012,9.91791
95494948540,22.09,-0.04581489286485115,0.0170518667919846,0.0,0.23544,-0.51993,9.87867
95499999045,22.09,-0.04794419455228423,0.054332099614583476,0.001064650843716541,0.0981,-0.50031,9.82962
95505049550,22.09,-0.049008845396000776,0.07243116395776468,0.0,-0.019620000000000002,-0.5493600000000001,9.888480000000001
95510100055,22.09,-0.04366813788489812,0.05646140130201656,0.0,-0.15696000000000002,-0.52974,9.95715
95515150560,22.09,-0.03515093113516579,0.01811651763570114,-0.002129301687433082,-0.23544,-0.51993,9.97677
95520201065,22.09,-0.024504422698000388,-0.00958185759344887,0.0,-0.23544,-0.52974,9.99639
95525251570,22.09,-0.012775810124598492,-0.020245819323134222,0.001064650843716541,-0.16677000000000003,-0.51012,9.94734
95530302075,22.09,-0.01811651763570114,-0.0170518667919846,-0.003193952531149623,-0.11772,-0.51012,9.908100000000001
95535352580,22.09,-0.01918116847941768,-0.015987215948268057,-0.002129301687433082,-0.0981,-0.50031,9.888480000000001
95540403085,22.09,-0.014905111812031574,-0.0,-0.001064650843716541,-0.05886,-0.51012,9.819809999999999
95545453590,22.09,-0.0170518667919846,0.013840460968315033,-0.001064650843716541,-0.06867000000000001,-0.46107000000000004,9.7119
95550504095,22.09,-0.01811651763570114,0.01918116847941768,-0.001064650843716541,-0.0981,-0.46107000000000004,9.70209
95555554600,22.09,-0.008517206749732328,0.015987215948268057,0.0,-0.15696000000000002,-0.43164,9.7119
95560605105,22.09,-0.005323254218582705,-0.002129301687433082,0.002129301687433082,-0.14715,-0.42183,9.72171
95565655610,22.09,-0.007452555906015787,-0.0404741853537485,0.0,-0.10791,-0.40221,9.81
95570706115,22.09,-0.006387905062299246,-0.06178465552059926,0.0,0.0,-0.40221,9.81
95575756620,22.09,-0.012775810124598492,-0.05539675045830002,0.001064650843716541,0.11772,-0.41202000000000005,9.770760000000001
95580807125,22.09,-0.01918116847941768,-0.03408628029144926,0.0,0.23544,-0.41202000000000005,9.80019
95585857630,22.09,-0.022375121010567305,-0.003193952531149623,0.002129301687433082,0.24525000000000002,-0.3924,9.73152
95590908135,22.09,-0.02663372438543347,0.03408628029144926,0.0,0.1962,-0.40221,9.72171
95595958640,22.09,-0.02982767691658309,0.05539675045830002,0.0,0.039240000000000004,-0.42183,9.770760000000001
95601009145,22.09,-0.02982767691658309,0.0756251164889143,0.0,-0.08829,-0.41202000000000005,9.819809999999999
95606059650,22.09,-0.03728023282259888,0.0756251164889143,0.001064650843716541,-0.2943,-0.46107000000000004,9.85905
95611110155,22.09,-0.044732788728614664,0.04153883619746504,-0.001064650843716541,-0.40221,-0.48069000000000006,9.908100000000001
95616160660,22.09,-0.04581489286485115,0.003193952531149623,0.001064650843716541,-0.43164,-0.51012,9.85905
95621211165,22.09,-0.04366813788489812,-0.0404741853537485,0.0,-0.35316,-0.49050000000000005,9.819809999999999
95626261670,22.09,-0.03515093113516579,-0.06497860805174888,-0.001064650843716541,-0.20601000000000003,-0.5395500000000001,9.770760000000001
95631312175,22.09,-0.02769837522915001,-0.0756251164889143,0.0,-0.05886,-0.57879,9.83943
95636362680,22.09,-0.02769837522915001,-0.07883652231258387,0.001064650843716541,0.08829,-0.57879,9.87867
95641413185,22.09,-0.028763026072866547,-0.07030186227033158,0.0,0.25506,-0.56898,9.91791
95646463690,22.09,-0.02556907354171693,-0.039409534510031964,0.001064650843716541,0.35316,-0.5886,9.937529999999999
95651514195,22.09,-0.028763026072866547,0.002129301687433082,-0.001064650843716541,0.37278,-0.5591700000000001,9.92772
95656564700,22.09,-0.01811651763570114,0.05007349623971732,0.002129301687433082,0.26487,-0.5591700000000001,9.91791
95661615205,22.09,-0.00958185759344887,0.08841837990603273,-0.001064650843716541,0.11772,-0.52974,9.85905
95666665710,22.09,-0.001064650843716541,0.09480628496833199,0.0,-0.11772,-0.50031,9.87867
95671716215,22.09,0.0,0.0852244273748831,0.0,-0.28449,-0.47088,9.819809999999999
95676766720,22.09,-0.005323254218582705,0.06923721142661506,-0.002129301687433082,-0.42183,-0.48069000000000006,9.81
95681817225,22.09,-0.008517206749732328,0.04260348704118158,-0.001064650843716541,-0.49050000000000005,-0.45126,9.819809999999999
95686867730,22.09,-0.020245819323134222,0.001064650843716541,0.0,-0.5591700000000001,-0.44145,9.84924
95691918235,22.09,-0.021310470166850764,-0.0404741853537485,-0.001064650843716541,-0.47088,-0.45126,9.85905
95696968740,22.09,-0.013840460968315033,-0.08628907821859966,0.0,-0.28449,-0.47088,9.819809999999999
95702019245,22.09,-0.011711159280881954,-0.11931070766633237,-0.001064650843716541,-0.06867000000000001,-0.48069000000000006,9.84924
95707069750,22.09,-0.01064650843716541,-0.1278279144160647,0.002129301687433082,0.21582,-0.51012,9.770760000000001
95712120255,22.09,-0.014905111812031574,-0.10759954838545042,0.0,0.45126,-0.50031,9.79038
95717170760,21.97,-0.012775810124598492,-0.06710790973918197,0.0,0.59841,-0.50031,9.770760000000001
95722221265,21.97,-0.0170518667919846,-0.01918116847941768,0.001064650843716541,0.65727,-0.51993,9.81
95727271770,21.97,-0.022375121010567305,0.021310470166850764,0.0,0.56898,-0.5493600000000001,9.83943
95732322275,21.97,-0.024504422698000388,0.07136651311404815,-0.001064650843716541,0.47088,-0.52974,9.99639
95737372780,21.97,-0.01811651763570114,0.11079350091660004,0.0,0.22563,-0.51012,9.99639
95742423285,21.97,-0.008517206749732328,0.13102186694721432,0.001064650843716541,-0.04905,-0.51993,9.937529999999999
95747473790,21.97,-0.00958185759344887,0.13102186694721432,-0.001064650843716541,-0.26487,-0.51012,9.819809999999999
95752524295,21.97,-0.015987215948268057,0.11185815176031658,0.001064650843716541,-0.5395500000000001,-0.48069000000000006,9.66285
95757574800,21.97,-0.021310470166850764,0.08203047484373349,0.001064650843716541,-0.6768900000000001,-0.49050000000000005,9.623610000000001
95762625305,21.97,-0.021310470166850764,0.039409534510031964,0.0,-0.7749900000000001,-0.49050000000000005,9.65304
95767675810,21.97,-0.012775810124598492,-0.005323254218582705,0.0,-0.79461,-0.50031,9.760950000000001
95772726315,21.97,-0.01064650843716541,-0.05965535383316618,0.001064650843716541,-0.6670800000000001,-0.50031,9.86886
95777776820,21.97,-0.011711159280881954,-0.10653489754173388,0.001064650843716541,-0.50031,-0.5395500000000001,9.937529999999999
95782827325,21.97,-0.013840460968315033,-0.13208651779093086,0.0,-0.22563,-0.5591700000000001,9.94734
95787877830,21.97,-0.021310470166850764,-0.1416858286768997,0.0,0.04905,-0.5886,9.91791
95792928335,21.97,-0.0170518667919846,-0.12569861272863161,0.002129301687433082,0.32373,-0.59841,9.819809999999999
95797978840,21.97,-0.012775810124598492,-0.10225884087434776,0.0,0.56898,-0.57879,9.760950000000001
95803029345,21.97,0.001064650843716541,-0.06604325889546543,0.0,0.69651,-0.5591700000000001,9.72171
95808079850,21.97,0.007452555906015787,-0.015987215948268057,0.001064650843716541,0.74556,-0.5493600000000001,9.78057
95813130355,21.97,0.01064650843716541,0.044732788728614664,0.0,0.6768900000000001,-0.52974,9.84924
95818180860,21.97,0.003193952531149623,0.0852244273748831,0.0,0.48069000000000006,-0.48069000000000006,9.84924
95823231365,21.97,0.0,0.11824605682261582,-0.002129301687433082,0.26487,-0.43164,9.84924
95828281870,21.97,-0.002129301687433082,0.1278279144160647,0.0,0.0,-0.45126,9.81
95833332375,21.97,-0.005323254218582705,0.1171814059788993,0.001064650843716541,-0.27468000000000004,-0.43164,9.770760000000001
95838382880,21.97,-0.00958185759344887,0.09374163412461543,-0.002129301687433082,-0.46107000000000004,-0.43164,9.84924
95843433385,21.97,-0.01064650843716541,0.054332099614583476,0.0,-0.5886,-0.46107000000000004,9.937529999999999
95848483890,21.97,-0.01811651763570114,0.01064650843716541,-0.002129301687433082,-0.63765,-0.49050000000000005,10.006200000000002
95853534395,21.97,-0.022375121010567305,-0.039409534510031964,0.0,-0.59841,-0.52974,10.03563
95858584900,21.97,-0.033021629447732716,-0.07456046564519776,-0.003193952531149623,-0.41202000000000005,-0.57879,9.97677
95863635405,21.97,-0.028763026072866547,-0.09906488834319814,0.0,-0.22563,-0.59841,9.92772
95868685910,21.97,-0.028763026072866547,-0.10225884087434776,0.0,0.0,-0.63765,9.84924
95873736415,21.97,-0.015987215948268057,-0.09587093581204853,0.0,0.22563,-0.6278400000000001,9.79038
95878786920,21.97,-0.006387905062299246,-0.0756251164889143,-0.001064650843716541,0.43164,-0.63765,9.72171
95883837425,21.97,0.0,-0.04794419455228423,0.0,0.5395500000000001,-0.6180300000000001,9.7119
95888887930,21.97,0.007452555906015787,-0.011711159280881954,0.0,0.5591700000000001,-0.59841,9.7119
95893938435,21.97,0.01064650843716541,0.023439771854283843,0.001064650843716541,0.51012,-0.5493600000000001,9.7119
95898988940,21.97,0.012775810124598492,0.05220279792715039,0.0,0.41202000000000005,-0.48069000000000006,9.751140000000001
95904039445,21.97,0.0170518667919846,0.06284930636431581,0.0,0.23544,-0.46107000000000004,9.72171
95909089950,21.97,0.024504422698000388,0.06497860805174888,0.0,0.11772,-0.43164,9.65304
95914140455,21.97,0.020245819323134222,0.06284930636431581,-0.005323254218582705,0.009810000000000001,-0.40221,9.6138
95919190960,21.97,0.024504422698000388,0.060720004676882725,0.0,-0.08829,-0.36297,9.70209
95924241465,21.97,0.011711159280881954,0.05539675045830002,0.0,-0.22563,-0.36297,9.760950000000001
95929291970,21.97,-0.006387905062299246,0.039409534510031964,0.0,-0.34335000000000004,-0.35316,9.84924
95934342475,21.97,-0.00958185759344887,0.04581489286485115,-0.001064650843716541,-0.43164,-0.43164,9.888480000000001
95939392980,21.97,-0.020245819323134222,0.06817256058289851,0.0,-0.5395500000000001,-0.42183,9.888480000000001
95944443485,21.97,-0.03621558197888234,0.05326744877086694,0.0,-0.74556,-0.42183,9.85905
95949493990,21.97,-0.039409534510031964,0.031956978604016174,0.0,-0.8240400000000001,-0.50031,9.79038
95954544495,21.97,-0.03408628029144926,0.0170518667919846,0.001064650843716541,-0.72594,-0.5591700000000001,9.7119
95959595000,21.97,-0.04153883619746504,-0.004258603374866164,0.002129301687433082,-0.6867000000000001,-0.5886,9.760950000000001
95964645505,21.97,-0.0404741853537485,-0.06178465552059926,0.0,-0.6670800000000001,-0.6278400000000001,9.89829
95969696010,21.97,-0.03728023282259888,-0.1097288500728835,-0.001064650843716541,-0.51012,-0.70632,10.09449
95974746515,21.97,-0.03089232776029963,-0.14594443205176583,0.003193952531149623,-0.1962,-0.7651800000000001,10.26126
95979797020,21.97,-0.02769837522915001,-0.150203035426632,0.001064650843716541,0.17658,-0.7848,10.25145
95984847525,21.97,-0.012775810124598492,-0.16084954386379738,0.0,0.47088,-0.7749900000000001,10.11411
95989898030,21.97,0.006387905062299246,-0.15765559133264778,0.0,0.79461,-0.7848,9.94734
95994948535,21.97,0.01811651763570114,-0.11398745344774965,-0.001064650843716541,1.04967,-0.72594,9.89829
95999999040,21.97,0.03728023282259888,-0.05646140130201656,-0.002129301687433082,1.1772,-0.6670800000000001,9.86886
96005049545,21.97,0.046879543708567686,0.00958185759344887,-0.005323254218582705,1.19682,-0.6180300000000001,9.84924
96010100050,21.97,0.05646140130201656,0.09161233243718235,-0.002129301687433082,1.00062,-0.5493600000000001,9.81
96015150555,21.97,0.05007349623971732,0.15978489302008084,0.0,0.64746,-0.46107000000000004,9.80019
96020201060,21.97,0.044732788728614664,0.19493582415524666,0.003193952531149623,0.24525000000000002,-0.41202000000000005,9.81
96025251565,21.97,0.04260348704118158,0.20134118251006583,-0.001064650843716541,-0.11772,-0.33354000000000006,9.633420000000001
96030302070,21.97,0.0404741853537485,0.19921188082263275,0.0,-0.50031,-0.30411,9.59418
96035352575,21.97,0.03621558197888234,0.1704488547497662,0.0,-0.87309,-0.23544,9.55494
96040403080,21.97,0.02663372438543347,0.1171814059788993,0.002129301687433082,-1.08891,-0.24525000000000002,9.43722
96045453585,21.97,0.007452555906015787,0.044732788728614664,-0.001064650843716541,-1.1870100000000001,-0.27468000000000004,9.42741
96050504090,21.97,-0.01918116847941768,-0.023439771854283843,-0.003193952531149623,-1.1183400000000001,-0.31392000000000003,9.5157
96055554595,21.97,-0.03089232776029963,-0.07349581480148122,0.0,-1.03005,-0.34335000000000004,9.67266
96060605100,21.97,-0.04153883619746504,-0.12356931104119852,0.0,-0.8142300000000001,-0.42183,9.73152
96065655605,21.97,-0.04153883619746504,-0.15978489302008084,0.003193952531149623,-0.49050000000000005,-0.47088,9.81
96070706110,21.97,-0.04260348704118158,-0.18216001403064813,0.0,-0.11772,-0.5493600000000001,9.85905
96075756615,21.97,-0.04153883619746504,-0.16510814723866357,0.001064650843716541,0.22563,-0.60822,9.89829
96080807120,21.97,-0.039409534510031964,-0.13102186694721432,0.0,0.50031,-0.6768900000000001,9.92772
96085857625,21.97,-0.039409534510031964,-0.07990117315630041,0.0,0.6768900000000001,-0.72594,10.006200000000002
96090908130,21.97,-0.03515093113516579,-0.03728023282259888,0.002129301687433082,0.75537,-0.7749900000000001,10.045440000000001
96095958635,21.97,-0.021310470166850764,0.002129301687433082,0.0,0.74556,-0.7651800000000001,10.13373
96101009140,21.97,0.0,0.03089232776029963,0.0,0.64746,-0.74556,10.182780000000001
96106059645,21.97,0.011711159280881954,0.05220279792715039,0.0,0.5591700000000001,-0.73575,10.212209999999999
96111110150,21.97,0.024504422698000388,0.060720004676882725,-0.001064650843716541,0.41202000000000005,-0.6867000000000001,10.13373
96116160655,21.97,0.02982767691658309,0.07883652231258387,-0.001064650843716541,0.30411,-0.63765,10.01601
96121211160,21.97,0.0404741853537485,0.08735372906231618,0.0,0.0981,-0.59841,9.937529999999999
96126261665,21.97,0.044732788728614664,0.09054768159346581,0.0,-0.06867000000000001,-0.5591700000000001,9.84924
96131312170,21.97,0.04366813788489812,0.10119419003063122,-0.001064650843716541,-0.27468000000000004,-0.49050000000000005,9.87867
96136362675,21.97,0.04153883619746504,0.11079350091660004,0.0,-0.47088,-0.47088,9.86886
96141413180,21.97,0.03728023282259888,0.08948303074974927,0.0,-0.6768900000000001,-0.43164,9.96696
96146463685,21.97,0.039409534510031964,0.0404741853537485,-0.002129301687433082,-0.7848,-0.3924,9.819809999999999
96151514190,21.97,0.033021629447732716,-0.007452555906015787,0.002129301687433082,-0.75537,-0.3924,9.68247
96156564695,21.97,0.028763026072866547,-0.05752605214573309,0.001064650843716541,-0.64746,-0.38259000000000004,9.623610000000001
96161615200,21.97,0.01918116847941768,-0.09587093581204853,-0.002129301687433082,-0.44145,-0.3924,9.60399
96166665705,21.97,0.021310470166850764,-0.12569861272863161,0.0,-0.20601000000000003,-0.43164,9.633420000000001
96171716210,21.97,0.00958185759344887,-0.14594443205176583,-0.001064650843716541,0.07848000000000001,-0.45126,9.770760000000001
96176766715,21.97,0.002129301687433082,-0.15446163880149816,0.0,0.3924,-0.45126,9.83943
96181817220,21.97,0.001064650843716541,-0.1331511686346474,0.0,0.6670800000000001,-0.50031,9.86886
96186867725,21.97,0.002129301687433082,-0.07456046564519776,0.0,0.87309,-0.52974,9.83943
96191918230,21.97,0.003193952531149623,0.002129301687433082,-0.003193952531149623,0.87309,-0.52974,9.81
96196968735,21.97,0.003193952531149623,0.07670722062515077,-0.001064650843716541,0.74556,-0.5395500000000001,9.80019
96202019240,21.97,0.002129301687433082,0.13421581947836395,0.0,0.46107000000000004,-0.51993,9.78057
96207069745,21.97,0.005323254218582705,0.177901410655782,-0.002129301687433082,0.10791,-0.52974,9.72171
96212120250,21.97,0.004258603374866164,0.19280652246781357,0.001064650843716541,-0.23544,-0.50031,9.67266
96217170755,21.97,0.004258603374866164,0.15446163880149816,0.0,-0.6180300000000001,-0.50031,9.64323
96222221260,21.97,0.007452555906015787,0.09267698328089889,0.002129301687433082,-0.8338500000000001,-0.50031,9.74133
96227271765,21.97,0.014905111812031574,0.014905111812031574,-0.001064650843716541,-0.9221400000000001,-0.52974,9.760950000000001
96232322270,21.97,0.0170518667919846,-0.05859070298944965,0.002129301687433082,-0.84366,-0.48069000000000006,9.80019
96237372775,21.97,0.014905111812031574,-0.12356931104119852,-0.001064650843716541,-0.56898,-0.52974,9.78057
96242423280,21.97,0.011711159280881954,-0.15446163880149816,-0.001064650843716541,-0.26487,-0.51993,9.888480000000001
96247473785,21.97,0.012775810124598492,-0.15446163880149816,0.0,0.05886,-0.5395500000000001,9.937529999999999
96252524290,21.97,0.012775810124598492,-0.12250466019748199,0.0,0.33354000000000006,-0.5591700000000001,10.006200000000002
96257574795,21.97,0.007452555906015787,-0.08309512568745003,-0.002129301687433082,0.48069000000000006,-0.56898,9.98658
96262625300,21.97,0.005323254218582705,-0.02769837522915001,0.0,0.5591700000000001,-0.59841,10.03563
96267675805,21.97,0.012775810124598492,0.004258603374866164,0.0,0.5591700000000001,-0.56898,9.99639
96272726310,21.97,0.021310470166850764,0.028763026072866547,0.0,0.52974,-0.5591700000000001,9.908100000000001
96277776815,21.97,0.02663372438543347,0.04366813788489812,0.0,0.42183,-0.5591700000000001,9.87867
96282827320,21.97,0.03408628029144926,0.05646140130201656,-0.002129301687433082,0.2943,-0.52974,9.80019
96287877825,21.97,0.03515093113516579,0.07670722062515077,0.0,0.14715,-0.48069000000000006,9.83943
96292928330,21.97,0.03515093113516579,0.09374163412461543,0.0,-0.02943,-0.47088,9.83943
96297978835,21.97,0.028763026072866547,0.10225884087434776,-0.002129301687433082,-0.23544,-0.45126,9.83943
96303029340,21.97,0.020245819323134222,0.08841837990603273,0.0,-0.43164,-0.46107000000000004,9.82962
96308079845,21.97,0.0170518667919846,0.05220279792715039,0.001064650843716541,-0.5591700000000001,-0.47088,9.79038
96313130350,21.97,0.015987215948268057,0.015987215948268057,-0.001064650843716541,-0.5886,-0.43164,9.65304
96318180855,21.97,0.01918116847941768,-0.03515093113516579,0.0,-0.52974,-0.45126,9.66285
96323231360,21.97,0.02556907354171693,-0.07883652231258387,0.0,-0.38259000000000004,-0.44145,9.67266
96328281865,21.97,0.024504422698000388,-0.10225884087434776,-0.003193952531149623,-0.15696000000000002,-0.47088,9.72171
96333332370,21.97,0.023439771854283843,-0.11185815176031658,0.0,0.06867000000000001,-0.46107000000000004,9.73152
96338382875,21.97,0.023439771854283843,-0.08309512568745003,0.0,0.25506,-0.47088,9.751140000000001
96343433380,21.97,0.01918116847941768,-0.03834488366631542,0.0,0.38259000000000004,-0.49050000000000005,9.751140000000001
96348483885,21.97,0.013840460968315033,0.0,-0.002129301687433082,0.3924,-0.47088,9.760950000000001
96353534390,21.97,0.007452555906015787,0.023439771854283843,-0.002129301687433082,0.33354000000000006,-0.48069000000000006,9.819809999999999
96358584895,21.97,0.011711159280881954,0.033021629447732716,0.0,0.22563,-0.48069000000000006,9.83943
96363635400,21.97,0.020245819323134222,0.03089232776029963,0.001064650843716541,0.1962,-0.49050000000000005,9.84924
96368685905,21.97,0.022375121010567305,0.02663372438543347,0.0,0.08829,-0.46107000000000004,9.92772
96373736410,21.97,0.02556907354171693,0.02663372438543347,0.0,0.039240000000000004,-0.49050000000000005,9.95715
96378786915,21.97,0.01918116847941768,0.04260348704118158,-0.003193952531149623,-0.05886,-0.50031,9.99639
96383837420,21.97,0.015987215948268057,0.05539675045830002,-0.003193952531149623,-0.12753,-0.49050000000000005,10.01601
96388887925,21.97,0.006387905062299246,0.05326744877086694,0.0,-0.25506,-0.50031,9.937529999999999
96393938430,21.97,0.005323254218582705,0.03728023282259888,0.003193952531149623,-0.33354000000000006,-0.51012,9.819809999999999
96398988935,21.97,0.003193952531149623,0.008517206749732328,0.0,-0.35316,-0.51993,9.80019
96404039440,21.97,0.0170518667919846,-0.02556907354171693,-0.001064650843716541,-0.30411,-0.5395500000000001,9.81
96409089945,21.97,0.028763026072866547,-0.049008845396000776,0.0,-0.1962,-0.5493600000000001,9.89829
96414140450,21.97,0.03515093113516579,-0.05965535383316618,-0.003193952531149623,-0.07848000000000001,-0.51993,9.99639
96419190955,21.97,0.03834488366631542,-0.054332099614583476,-0.001064650843716541,0.02943,-0.52974,9.99639
96424241460,21.97,0.031956978604016174,-0.03834488366631542,-0.001064650843716541,0.10791,-0.52974,9.89829
96429291965,21.97,0.02982767691658309,-0.022375121010567305,0.0,0.14715,-0.51993,9.79038
96434342470,21.97,0.02769837522915001,-0.005323254218582705,0.0,0.21582,-0.49050000000000005,9.65304
96439392975,21.97,0.03089232776029963,-0.001064650843716541,-0.001064650843716541,0.20601000000000003,-0.47088,9.633420000000001
96444443480,21.97,0.04581489286485115,-0.001064650843716541,-0.002129301687433082,0.18639,-0.40221,9.69228
96449493985,21.97,0.060720004676882725,0.001064650843716541,-0.002129301687433082,0.20601000000000003,-0.42183,9.770760000000001
96454544490,21.97,0.05539675045830002,0.014905111812031574,-0.003193952531149623,0.16677000000000003,-0.37278,9.91791
96459594995,21.97,0.04153883619746504,0.03408628029144926,-0.001064650843716541,0.08829,-0.38259000000000004,9.92772
96464645500,21.97,0.02663372438543347,0.05007349623971732,0.0,0.0,-0.3924,9.751140000000001
96469696005,21.97,0.01811651763570114,0.05113814708343386,0.0,-0.0981,-0.36297,9.60399
96474746510,21.97,0.01811651763570114,0.03728023282259888,-0.001064650843716541,-0.18639,-0.35316,9.53532
96479797015,21.97,0.031956978604016174,0.012775810124598492,0.0,-0.21582,-0.31392000000000003,9.52551
96484847520,21.97,0.03515093113516579,-0.01064650843716541,-0.002129301687433082,-0.1962,-0.3924,9.751140000000001
96489898025,21.97,0.024504422698000388,-0.021310470166850764,-0.002129301687433082,-0.16677000000000003,-0.40221,9.96696
96494948530,21.97,0.008517206749732328,-0.01811651763570114,-0.001064650843716541,-0.14715,-0.44145,9.97677
96499999035,21.97,-0.006387905062299246,-0.01918116847941768,0.0,-0.10791,-0.47088,9.937529999999999
96505049540,21.97,-0.00958185759344887,-0.02663372438543347,-0.001064650843716541,-0.039240000000000004,-0.50031,9.81
96510100045,21.97,0.003193952531149623,-0.024504422698000388,0.0,0.019620000000000002,-0.52974,9.73152
96515150550,21.97,0.014905111812031574,-0.031956978604016174,0.0,0.0981,-0.5395500000000001,9.770760000000001
96520201055,21.97,0.028763026072866547,-0.028763026072866547,0.0,0.16677000000000003,-0.52974,9.819809999999999
96525251560,21.97,0.033021629447732716,-0.011711159280881954,0.0,0.17658,-0.5591700000000001,9.888480000000001
96530302065,21.97,0.024504422698000388,0.001064650843716541,0.0,0.17658,-0.5591700000000001,9.95715
96535352570,21.97,0.013840460968315033,0.013840460968315033,0.0,0.13734000000000002,-0.52974,9.94734
96540403075,21.97,0.01918116847941768,0.01918116847941768,0.0,0.10791,-0.50031,9.94734
96545453580,21.97,0.03515093113516579,0.024504422698000388,0.0,0.07848000000000001,-0.49050000000000005,9.908100000000001
96550504085,21.97,0.049008845396000776,0.033021629447732716,0.0,0.02943,-0.44145,9.85905
96555554590,21.97,0.05965535383316618,0.03728023282259888,0.0,-0.05886,-0.42183,9.770760000000001
96560605095,21.97,0.049008845396000776,0.03834488366631542,0.0,-0.11772,-0.40221,9.83943
96565655600,21.97,0.039409534510031964,0.02556907354171693,0.0,-0.17658,-0.36297,9.82962
96570706105,21.97,0.02982767691658309,0.001064650843716541,0.0,-0.21582,-0.38259000000000004,9.82962
96575756610,21.97,0.02769837522915001,-0.022375121010567305,0.0,-0.1962,-0.37278,9.97677
96580807115,21.97,0.0404741853537485,-0.03408628029144926,0.0,-0.10791,-0.40221,9.99639
96585857620,21.97,0.049008845396000776,-0.031956978604016174,0.0,-0.04905,-0.3924,9.908100000000001
96590908125,21.97,0.04581489286485115,-0.028763026072866547,0.0,0.019620000000000002,-0.3924,9.89829
96595958630,21.97,0.03728023282259888,-0.023439771854283843,0.0,0.0981,-0.42183,9.78057
96601009135,21.97,0.024504422698000388,-0.015987215948268057,0.0,0.1962,-0.40221,9.65304
96606059640,21.97,0.01918116847941768,-0.01064650843716541,0.0,0.17658,-0.40221,9.67266
96611110145,21.97,0.020245819323134222,0.005323254218582705,0.0,0.16677000000000003,-0.41202000000000005,9.74133
96616160650,21.97,0.02982767691658309,0.012775810124598492,0.0,0.11772,-0.41202000000000005,9.83943
96621211155,21.97,0.03834488366631542,0.014905111812031574,0.0,0.07848000000000001,-0.41202000000000005,9.96696
96626261660,21.97,0.0404741853537485,0.011711159280881954,0.0,0.02943,-0.40221,9.937529999999999
96631312165,21.97,0.03408628029144926,0.021310470166850764,0.0,0.04905,-0.3924,9.770760000000001
96636362670,21.97,0.031956978604016174,0.031956978604016174,0.0,-0.039240000000000004,-0.41202000000000005,9.64323
96641413175,21.97,0.024504422698000388,0.03621558197888234,0.0,-0.08829,-0.40221,9.47646
96646463680,21.97,0.02769837522915001,0.020245819323134222,0.0,-0.15696000000000002,-0.38259000000000004,9.60399
96651514185,21.97,0.03515093113516579,-0.001064650843716541,0.0,-0.15696000000000002,-0.3924,9.819809999999999
96656564690,21.97,0.044732788728614664,-0.01918116847941768,0.0,-0.10791,-0.37278,9.96696
96661615195,21.97,0.04260348704118158,-0.021310470166850764,0.0,-0.0981,-0.3924,10.006200000000002
96666665700,21.97,0.03621558197888234,-0.024504422698000388,0.0,-0.05886,-0.41202000000000005,9.95715
96671716205,21.97,0.02663372438543347,-0.020245819323134222,0.0,-0.009810000000000001,-0.41202000000000005,9.82962
96676766710,21.97,0.0170518667919846,-0.011711159280881954,0.0,0.06867000000000001,-0.41202000000000005,9.64323
96681817215,21.97,0.024504422698000388,-0.007452555906015787,0.0,0.10791,-0.3924,9.66285
96686867720,21.97,0.0404741853537485,0.0,0.0,0.0981,-0.42183,9.72171
96691918225,21.97,0.0404741853537485,-0.003193952531149623,0.0,0.07848000000000001,-0.41202000000000005,9.86886
96696968730,21.97,0.04153883619746504,-0.0170518667919846,0.0,0.07848000000000001,-0.38259000000000004,9.98658
96702019235,21.97,0.03515093113516579,-0.006387905062299246,0.0,0.08829,-0.41202000000000005,10.01601
96707069740,21.97,0.028763026072866547,0.008517206749732328,0.0,0.10791,-0.43164,9.96696
96712120245,21.97,0.020245819323134222,0.01918116847941768,0.0,0.04905,-0.42183,9.92772
96717170750,21.97,0.02769837522915001,0.015987215948268057,0.0,0.009810000000000001,-0.38259000000000004,9.81
96722221255,21.97,0.03834488366631542,0.00958185759344887,0.0,0.0,-0.41202000000000005,9.73152
96727271760,21.97,0.04794419455228423,0.002129301687433082,0.0,-0.019620000000000002,-0.3924,9.760950000000001
96732322265,21.97,0.049008845396000776,0.0,0.0,0.009810000000000001,-0.40221,9.86886
96737372770,21.97,0.04260348704118158,-0.001064650843716541,0.0,-0.02943,-0.41202000000000005,10.01601
96742423275,21.97,0.03408628029144926,0.002129301687433082,0.0,-0.039240000000000004,-0.40221,10.01601
96747473780,21.97,0.03408628029144926,0.0,0.0,-0.009810000000000001,-0.3924,9.87867
96752524285,21.97,0.04153883619746504,-0.004258603374866164,0.0,-0.009810000000000001,-0.38259000000000004,9.751140000000001
96757574790,21.97,0.04366813788489812,-0.007452555906015787,0.0,0.04905,-0.37278,9.68247
96762625295,21.97,0.05539675045830002,-0.002129301687433082,0.0,0.07848000000000001,-0.35316,9.65304
96767675800,21.97,0.05965535383316618,0.008517206749732328,0.0,0.039240000000000004,-0.31392000000000003,9.66285
96772726305,21.97,0.049008845396000776,0.008517206749732328,0.0,0.019620000000000002,-0.30411,9.770760000000001
96777776810,21.97,0.04366813788489812,0.003193952531149623,0.0,0.0,-0.32373,9.81
96782827315,21.97,0.04153883619746504,0.0,0.0,0.0,-0.31392000000000003,9.770760000000001
96787877820,21.97,0.0404741853537485,0.001064650843716541,0.0,0.0,-0.33354000000000006,9.80019
96792928325,21.97,0.04260348704118158,0.003193952531149623,0.0,0.0,-0.30411,9.770760000000001
96797978830,21.97,0.04366813788489812,-0.003193952531149623,0.0,0.009810000000000001,-0.31392000000000003,9.760950000000001
96803029335,21.97,0.04581489286485115,-0.011711159280881954,0.0,0.009810000000000001,-0.2943,9.66285
96808079840,21.97,0.04153883619746504,-0.013840460968315033,0.0,0.05886,-0.28449,9.56475
96813130345,21.97,0.03089232776029963,-0.008517206749732328,0.0,0.06867000000000001,-0.28449,9.68247
96818180850,21.97,0.02556907354171693,0.002129301687433082,0.0,0.04905,-0.2943,9.888480000000001
96823231355,21.97,0.02982767691658309,0.00958185759344887,0.0,0.06867000000000001,-0.33354000000000006,9.95715
96828281860,21.97,0.02982767691658309,0.006387905062299246,0.0,-0.019620000000000002,-0.35316,9.937529999999999
96833332365,21.97,0.02663372438543347,-0.01064650843716541,0.0,0.0,-0.34335000000000004,9.97677
96838382870,21.97,0.031956978604016174,-0.014905111812031574,0.0,0.06867000000000001,-0.38259000000000004,9.83943
96843433375,21.97,0.03515093113516579,-0.011711159280881954,0.0,0.11772,-0.37278,9.83943
96848483880,21.97,0.02769837522915001,0.0,0.0,0.0981,-0.41202000000000005,9.85905
96853534385,21.97,0.02982767691658309,0.0,0.0,0.12753,-0.36297,9.91791
96858584890,21.97,0.031956978604016174,0.0,0.0,0.10791,-0.42183,10.025820000000001
96863635395,21.97,0.04260348704118158,0.002129301687433082,0.0,0.07848000000000001,-0.40221,9.96696
96868685900,21.97,0.04153883619746504,0.012775810124598492,0.0,0.05886,-0.40221,9.95715
96873736405,21.97,0.046879543708567686,0.01918116847941768,0.0,0.039240000000000004,-0.41202000000000005,9.91791
96878786910,21.97,0.05752605214573309,0.024504422698000388,0.0,0.0,-0.34335000000000004,9.819809999999999
96883837415,21.97,0.060720004676882725,0.022375121010567305,0.0,-0.02943,-0.35316,9.64323
96888887920,21.97,0.05539675045830002,0.011711159280881954,0.0,-0.07848000000000001,-0.30411,9.64323
96893938425,21.97,0.054332099614583476,0.003193952531149623,0.0,-0.039240000000000004,-0.28449,9.73152
96898988930,21.97,0.060720004676882725,0.001064650843716541,0.0,-0.039240000000000004,-0.25506,9.760950000000001
96904039435,21.97,0.06497860805174888,0.0,0.0,-0.07848000000000001,-0.24525000000000002,9.82962
96909089940,21.97,0.06178465552059926,-0.008517206749732328,0.0,-0.06867000000000001,-0.22563,9.81
96914140445,21.97,0.05646140130201656,-0.02556907354171693,0.0,-0.019620000000000002,-0.21582,9.73152
96919190950,21.97,0.05326744877086694,-0.028763026072866547,0.0,0.05886,-0.21582,9.633420000000001
96924241455,21.97,0.04794419455228423,-0.015987215948268057,0.0,0.10791,-0.1962,9.6138
96929291960,21.97,0.04366813788489812,-0.007452555906015787,0.0,0.12753,-0.20601000000000003,9.60399
96934342465,21.97,0.04366813788489812,-0.006387905062299246,0.0,0.13734000000000002,-0.22563,9.74133
96939392970,21.97,0.033021629447732716,-0.011711159280881954,0.0,0.13734000000000002,-0.24525000000000002,9.86886
96944443475,21.97,0.024504422698000388,0.0,0.0,0.12753,-0.25506,9.937529999999999
96949493980,21.97,0.02556907354171693,0.013840460968315033,0.0,0.12753,-0.2943,9.97677
96954544485,21.97,0.02556907354171693,0.02663372438543347,0.0,0.06867000000000001,-0.27468000000000004,9.92772
96959594990,21.97,0.022375121010567305,0.02982767691658309,0.0,0.0,-0.34335000000000004,9.888480000000001
96964645495,21.97,0.024504422698000388,0.013840460968315033,0.0,-0.02943,-0.34335000000000004,9.85905
96969696000,21.97,0.020245819323134222,0.0,0.0,-0.009810000000000001,-0.34335000000000004,9.82962
96974746505,21.97,0.02982767691658309,-0.002129301687433082,0.0,-0.009810000000000001,-0.34335000000000004,9.86886
96979797010,21.97,0.0404741853537485,0.004258603374866164,0.0,-0.009810000000000001,-0.36297,9.97677
96984847515,21.97,0.04260348704118158,0.002129301687433082,0.0,-0.039240000000000004,-0.36297,10.01601
96989898020,21.97,0.04366813788489812,-0.015987215948268057,0.0,0.0,-0.37278,9.97677
96994948525,21.97,0.046879543708567686,-0.021310470166850764,0.0,0.039240000000000004,-0.36297,9.97677
96999999030,21.97,0.054332099614583476,-0.015987215948268057,0.0,0.11772,-0.32373,9.770760000000001
97005049535,21.97,0.06391395720803235,-0.001064650843716541,0.0,0.11772,-0.2943,9.633420000000001
97010100040,21.97,0.07136651311404815,0.007452555906015787,0.0,0.11772,-0.27468000000000004,9.69228
97015150545,21.97,0.07349581480148122,0.006387905062299246,0.0,0.10791,-0.21582,9.760950000000001
97020201050,21.97,0.07243116395776468,0.005323254218582705,0.0,0.06867000000000001,-0.21582,9.770760000000001
97025251555,21.97,0.06710790973918197,0.006387905062299246,0.0,0.039240000000000004,-0.1962,9.79038
97030302060,21.97,0.06391395720803235,0.008517206749732328,0.0,0.039240000000000004,-0.13734000000000002,9.78057
97035352565,21.97,0.06391395720803235,0.014905111812031574,0.0,0.0,-0.12753,9.74133
97040403070,21.97,0.05965535383316618,0.015987215948268057,0.0,-0.009810000000000001,-0.10791,9.760950000000001
97045453575,21.97,0.05220279792715039,-0.001064650843716541,0.0,-0.02943,-0.12753,9.770760000000001
97050504080,21.97,0.04260348704118158,-0.011711159280881954,0.0,0.019620000000000002,-0.13734000000000002,9.70209
97055554585,21.97,0.03408628029144926,-0.01064650843716541,0.0,0.009810000000000001,-0.14715,9.760950000000001
97060605090,21.97,0.02982767691658309,-0.004258603374866164,0.0,0.009810000000000001,-0.18639,9.78057
97065655595,21.97,0.023439771854283843,-0.005323254218582705,0.0,0.019620000000000002,-0.1962,9.84924
97070706100,21.97,0.028763026072866547,-0.015987215948268057,0.0,0.039240000000000004,-0.23544,9.97677
97075756605,21.97,0.031956978604016174,-0.014905111812031574,0.0,0.10791,-0.27468000000000004,9.92772
97080807110,21.97,0.028763026072866547,-0.005323254218582705,0.0,0.10791,-0.28449,9.80019
97085857615,21.97,0.02769837522915001,-0.003193952531149623,0.0,0.13734000000000002,-0.2943,9.72171
97090908120,21.97,0.03515093113516579,0.004258603374866164,0.0,0.12753,-0.27468000000000004,9.7119
97095958625,21.97,0.04153883619746504,0.005323254218582705,0.0,0.13734000000000002,-0.30411,9.79038
97101009130,21.97,0.049008845396000776,0.00958185759344887,0.0,0.11772,-0.28449,9.85905
97106059635,21.97,0.05646140130201656,0.0170518667919846,0.0,0.08829,-0.26487,9.888480000000001
97111110140,21.97,0.05859070298944965,0.015987215948268057,0.0,0.02943,-0.24525000000000002,9.83943
97116160645,21.97,0.060720004676882725,0.014905111812031574,0.0,0.0,-0.23544,9.81
97121211150,21.97,0.06284930636431581,0.020245819323134222,0.0,-0.009810000000000001,-0.21582,9.760950000000001
97126261655,21.97,0.060720004676882725,0.012775810124598492,0.0,-0.05886,-0.20601000000000003,9.74133
97131312160,21.97,0.06604325889546543,0.004258603374866164,0.0,-0.07848000000000001,-0.16677000000000003,9.78057
97136362665,21.97,0.05965535383316618,0.003193952531149623,0.0,-0.10791,-0.14715,9.84924
97141413170,21.97,0.05326744877086694,-0.0170518667919846,0.0,-0.05886,-0.12753,9.87867
97146463675,21.97,0.05326744877086694,-0.031956978604016174,0.0,0.009810000000000001,-0.12753,9.87867
97151514180,21.97,0.05220279792715039,-0.02982767691658309,0.0,0.07848000000000001,-0.18639,9.937529999999999
97156564685,21.97,0.046879543708567686,-0.02663372438543347,0.0,0.10791,-0.15696000000000002,9.91791
97161615190,21.97,0.04366813788489812,-0.0170518667919846,0.0,0.12753,-0.17658,9.85905
97166665695,21.97,0.04366813788489812,-0.01064650843716541,0.0,0.1962,-0.18639,9.770760000000001
97171716200,21.97,0.039409534510031964,-0.011711159280881954,0.0,0.23544,-0.17658,9.72171
97176766705,21.97,0.04260348704118158,-0.002129301687433082,0.0,0.23544,-0.1962,9.7119
97181817210,21.97,0.046879543708567686,0.014905111812031574,0.0,0.20601000000000003,-0.20601000000000003,9.79038
97186867715,21.97,0.0404741853537485,0.01918116847941768,0.0,0.16677000000000003,-0.20601000000000003,9.888480000000001
97191918220,21.97,0.04794419455228423,0.028763026072866547,0.0,0.08829,-0.20601000000000003,9.87867
97196968725,21.97,0.05220279792715039,0.02769837522915001,0.0,0.009810000000000001,-0.18639,9.770760000000001
97202019230,21.97,0.054332099614583476,0.015987215948268057,0.0,0.0,-0.17658,9.65304
97207069735,21.97,0.05752605214573309,0.013840460968315033,0.0,0.0,-0.14715,9.65304
97212120240,21.97,0.05646140130201656,0.0170518667919846,0.0,-0.02943,-0.13734000000000002,9.74133
97217170745,21.97,0.05326744877086694,0.01064650843716541,0.0,-0.06867000000000001,-0.12753,9.81
97222221250,21.97,0.05113814708343386,0.005323254218582705,0.0,-0.08829,-0.14715,9.86886
97227271755,21.97,0.04581489286485115,-0.013840460968315033,0.0,-0.07848000000000001,-0.14715,9.89829
97232322260,21.97,0.044732788728614664,-0.031956978604016174,0.0,-0.009810000000000001,-0.12753,9.87867
97237372765,21.97,0.05326744877086694,-0.028763026072866547,0.0,0.04905,-0.13734000000000002,9.89829
97242423270,21.97,0.05007349623971732,-0.01918116847941768,0.0,0.10791,-0.13734000000000002,9.86886
97247473775,21.97,0.05326744877086694,-0.011711159280881954,0.0,0.12753,-0.13734000000000002,9.81
97252524280,21.97,0.05220279792715039,-0.003193952531149623,0.0,0.12753,-0.16677000000000003,9.78057
97257574785,21.97,0.04366813788489812,-0.01064650843716541,0.0,0.15696000000000002,-0.14715,9.751140000000001
97262625290,21.97,0.044732788728614664,-0.013840460968315033,0.0,0.18639,-0.16677000000000003,9.79038
97267675795,21.97,0.044732788728614664,0.0,0.0,0.18639,-0.14715,9.87867
97272726300,21.97,0.05326744877086694,0.006387905062299246,0.0,0.1962,-0.14715,9.86886
97277776805,21.97,0.06178465552059926,0.006387905062299246,0.0,0.14715,-0.12753,9.819809999999999
97282827310,21.97,0.06284930636431581,0.003193952531149623,0.0,0.13734000000000002,-0.14715,9.79038
97287877815,21.97,0.05965535383316618,0.004258603374866164,0.0,0.14715,-0.10791,9.68247
97292928320,21.97,0.05220279792715039,0.02556907354171693,0.0,0.14715,-0.0981,9.73152
97297978825,21.97,0.05220279792715039,0.03515093113516579,0.0,0.05886,-0.07848000000000001,9.79038
97303029330,21.97,0.05539675045830002,0.03515093113516579,0.0,-0.02943,-0.08829,9.760950000000001
97308079835,21.97,0.05646140130201656,0.02663372438543347,0.0,-0.11772,-0.0981,9.888480000000001
97313130340,21.97,0.05539675045830002,0.001064650843716541,0.0,-0.12753,-0.07848000000000001,9.98658
97318180845,21.97,0.05007349623971732,-0.012775810124598492,0.0,-0.10791,-0.08829,9.888480000000001
97323231350,21.97,0.04260348704118158,-0.0170518667919846,0.0,-0.039240000000000004,-0.10791,9.819809999999999
97328281855,21.97,0.05113814708343386,-0.028763026072866547,0.0,0.0,-0.10791,9.73152
97333332360,21.97,0.05220279792715039,-0.03728023282259888,0.0,0.08829,-0.0981,9.67266
97338382865,21.97,0.04794419455228423,-0.039409534510031964,0.0,0.16677000000000003,-0.11772,9.81
97343433370,21.97,0.05220279792715039,-0.03834488366631542,0.0,0.25506,-0.11772,9.908100000000001
97348483875,21.97,0.05007349623971732,-0.020245819323134222,0.0,0.30411,-0.11772,9.87867
97353534380,21.97,0.04794419455228423,-0.014905111812031574,0.0,0.30411,-0.0981,9.84924
97358584885,21.97,0.04794419455228423,0.002129301687433082,0.0,0.31392000000000003,-0.0981,9.760950000000001
97363635390,21.97,0.054332099614583476,0.023439771854283843,-0.005323254218582705,0.32373,-0.08829,9.73152
97368685895,21.97,0.06497860805174888,0.03621558197888234,-0.002129301687433082,0.23544,-0.05886,9.80019
97373736400,21.97,0.06497860805174888,0.05859070298944965,-0.002129301687433082,0.12753,-0.06867000000000001,9.84924
97378786905,21.97,0.05965535383316618,0.07456046564519776,-0.001064650843716541,-0.04905,-0.05886,9.819809999999999
97383837410,21.97,0.05326744877086694,0.060720004676882725,-0.001064650843716541,-0.18639,-0.05886,9.819809999999999
97388887915,21.97,0.044732788728614664,0.03515093113516579,0.0,-0.26487,-0.039240000000000004,9.770760000000001
97393938420,21.97,0.05007349623971732,0.0,0.0,-0.25506,-0.02943,9.751140000000001
97398988925,21.97,0.054332099614583476,-0.03728023282259888,-0.001064650843716541,-0.20601000000000003,-0.05886,9.87867
97404039430,21.97,0.05539675045830002,-0.04794419455228423,-0.003193952531149623,-0.0981,-0.05886,9.91791
97409089935,21.97,0.06178465552059926,-0.05113814708343386,0.0,0.0,-0.02943,9.84924
97414140440,21.97,0.05646140130201656,-0.05007349623971732,0.0,0.10791,-0.05886,9.81
97419190945,21.97,0.04366813788489812,-0.04153883619746504,0.0,0.21582,-0.06867000000000001,9.74133
97424241450,21.97,0.04260348704118158,-0.03089232776029963,-0.002129301687433082,0.28449,-0.05886,9.64323
97429291955,21.97,0.04794419455228423,-0.01811651763570114,0.0,0.35316,-0.05886,9.760950000000001
97434342460,21.97,0.05965535383316618,-0.01064650843716541,0.0,0.37278,-0.04905,9.80019
97439392965,21.97,0.06391395720803235,0.0,-0.002129301687433082,0.37278,-0.039240000000000004,9.81
97444443470,21.97,0.06817256058289851,0.014905111812031574,0.0,0.30411,-0.02943,9.92772
97449493975,21.97,0.06391395720803235,0.04366813788489812,0.0,0.25506,-0.019620000000000002,9.819809999999999
97454544480,21.97,0.05220279792715039,0.06817256058289851,0.0,0.12753,-0.05886,9.80019
97459594985,21.97,0.044732788728614664,0.07243116395776468,0.0,-0.039240000000000004,-0.02943,9.760950000000001
97464645490,21.97,0.04581489286485115,0.049008845396000776,-0.002129301687433082,-0.16677000000000003,0.0,9.72171
97469695995,21.97,0.05113814708343386,0.0170518667919846,-0.001064650843716541,-0.20601000000000003,-0.019620000000000002,9.760950000000001
97474746500,21.97,0.05965535383316618,-0.02769837522915001,0.0,-0.18639,-0.009810000000000001,9.85905
97479797005,21.97,0.060720004676882725,-0.04581489286485115,0.0,-0.07848000000000001,0.0,9.937529999999999
97484847510,21.97,0.054332099614583476,-0.04153883619746504,-0.002129301687433082,0.0,-0.019620000000000002,10.01601
97489898015,21.97,0.05007349623971732,-0.02556907354171693,-0.003193952531149623,0.08829,-0.02943,9.96696
97494948520,21.97,0.04581489286485115,-0.0170518667919846,0.002129301687433082,0.15696000000000002,-0.05886,9.81
97499999025,21.97,0.04153883619746504,-0.00958185759344887,0.001064650843716541,0.12753,-0.009810000000000001,9.68247
97505049530,21.97,0.044732788728614664,0.001064650843716541,-0.001064650843716541,0.1962,0.0,9.633420000000001
97510100035,21.97,0.05965535383316618,-0.004258603374866164,0.0,0.20601000000000003,0.0,9.65304
97515150540,21.97,0.06604325889546543,-0.01811651763570114,-0.001064650843716541,0.20601000000000003,0.009810000000000001,9.79038
97520201045,21.97,0.06710790973918197,-0.022375121010567305,-0.003193952531149623,0.23544,-0.009810000000000001,9.98658
97525251550,21.97,0.06391395720803235,-0.015987215948268057,-0.005323254218582705,0.2943,0.0,10.01601
97530302055,21.97,0.05646140130201656,0.0,-0.002129301687433082,0.2943,-0.009810000000000001,9.888480000000001
97535352560,21.97,0.05113814708343386,0.02663372438543347,0.0,0.24525000000000002,0.0,9.81
97540403065,21.97,0.05859070298944965,0.05007349623971732,-0.001064650843716541,0.1962,0.0,9.66285
97545453570,21.97,0.060720004676882725,0.054332099614583476,0.001064650843716541,0.05886,0.039240000000000004,9.67266
97550504075,21.97,0.06391395720803235,0.03515093113516579,-0.002129301687433082,-0.02943,0.05886,9.79038
97555554580,21.97,0.06178465552059926,0.00958185759344887,-0.004258603374866164,-0.08829,0.05886,9.83943
97560605085,21.97,0.05326744877086694,-0.01811651763570114,0.0,-0.05886,0.02943,9.96696
97565655590,21.97,0.049008845396000776,-0.04581489286485115,0.0,0.0,0.039240000000000004,9.95715
97570706095,21.97,0.05113814708343386,-0.05752605214573309,0.0,0.14715,0.02943,9.81
97575756600,21.97,0.05965535383316618,-0.05646140130201656,0.0,0.27468000000000004,0.02943,9.79038
97580807105,21.97,0.06497860805174888,-0.033021629447732716,-0.003193952531149623,0.38259000000000004,0.02943,9.7119
97585857610,21.97,0.06284930636431581,0.00958185759344887,0.0,0.37278,0.02943,9.64323
97590908115,21.97,0.05752605214573309,0.06178465552059926,0.0,0.24525000000000002,0.039240000000000004,9.69228
97595958620,21.97,0.049008845396000776,0.08415977653116657,0.001064650843716541,0.10791,0.02943,9.73152
97601009125,21.97,0.04260348704118158,0.060720004676882725,-0.001064650843716541,-0.08829,0.04905,9.80019
97606059630,21.97,0.05113814708343386,0.022375121010567305,0.0,-0.16677000000000003,0.039240000000000004,9.85905
97611110135,21.97,0.06178465552059926,-0.008517206749732328,-0.001064650843716541,-0.14715,0.04905,9.937529999999999
97616160640,21.97,0.06923721142661506,-0.03515093113516579,0.0,-0.06867000000000001,0.06867000000000001,9.937529999999999
97621211145,21.97,0.06604325889546543,-0.05646140130201656,-0.001064650843716541,0.039240000000000004,0.039240000000000004,9.82962
97626261650,21.97,0.05965535383316618,-0.05752605214573309,-0.003193952531149623,0.21582,0.04905,9.760950000000001
97631312155,21.97,0.046879543708567686,-0.05326744877086694,0.002129301687433082,0.32373,0.06867000000000001,9.72171
97636362660,21.97,0.046879543708567686,-0.0404741853537485,0.0,0.41202000000000005,0.06867000000000001,9.72171
97641413165,21.97,0.054332099614583476,-0.013840460968315033,-0.003193952531149623,0.45126,0.04905,9.87867
97646463670,21.97,0.05965535383316618,0.023439771854283843,-0.002129301687433082,0.38259000000000004,0.05886,10.006200000000002
97651514175,21.97,0.06497860805174888,0.04153883619746504,-0.002129301687433082,0.28449,0.039240000000000004,10.03563
97656564680,21.97,0.06178465552059926,0.06604325889546543,-0.002129301687433082,0.16677000000000003,0.039240000000000004,9.91791
97661615185,21.97,0.05326744877086694,0.07883652231258387,-0.003193952531149623,0.009810000000000001,0.04905,9.751140000000001
97666665690,21.97,0.05326744877086694,0.08309512568745003,0.0,-0.12753,0.05886,9.633420000000001
97671716195,21.97,0.05539675045830002,0.06391395720803235,0.001064650843716541,-0.27468000000000004,0.07848000000000001,9.6138
97676766700,21.97,0.06817256058289851,0.023439771854283843,-0.001064650843716541,-0.32373,0.11772,9.68247
97681817205,21.97,0.07243116395776468,-0.02982767691658309,-0.001064650843716541,-0.2943,0.13734000000000002,9.819809999999999
97686867710,21.97,0.0756251164889143,-0.07670722062515077,-0.001064650843716541,-0.17658,0.14715,9.92772
97691918215,21.97,0.06284930636431581,-0.09800023749948161,-0.003193952531149623,0.02943,0.13734000000000002,9.83943
97696968720,21.97,0.05539675045830002,-0.09800023749948161,0.0,0.26487,0.12753,9.85905
97702019225,21.97,0.054332099614583476,-0.08948303074974927,0.0,0.42183,0.20601000000000003,9.760950000000001
97707069730,21.97,0.060720004676882725,-0.06604325889546543,0.0,0.6768900000000001,0.20601000000000003,9.770760000000001
97712120235,21.97,0.046879543708567686,-0.012775810124598492,-0.001064650843716541,0.70632,0.12753,9.819809999999999
97717170740,21.97,0.046879543708567686,0.028763026072866547,-0.001064650843716541,0.63765,0.04905,9.65304
97722221245,21.97,0.049008845396000776,0.06710790973918197,-0.002129301687433082,0.47088,0.02943,9.81
97727271750,21.97,0.039409534510031964,0.10012953918691468,-0.003193952531149623,0.24525000000000002,0.05886,9.89829
97732322255,21.97,0.04153883619746504,0.11185815176031658,-0.003193952531149623,0.019620000000000002,0.009810000000000001,9.97677
97737372760,21.97,0.049008845396000776,0.10438814256178083,-0.005323254218582705,-0.17658,0.06867000000000001,9.86886
97742423265,21.97,0.06178465552059926,0.08203047484373349,-0.001064650843716541,-0.34335000000000004,0.08829,9.751140000000001
97747473770,21.97,0.07456046564519776,0.04794419455228423,-0.002129301687433082,-0.45126,0.10791,9.7119
97752524275,21.97,0.07777187146886733,0.012775810124598492,0.0,-0.51012,0.11772,9.70209
97757574780,21.97,0.0756251164889143,-0.033021629447732716,-0.001064650843716541,-0.41202000000000005,0.14715,9.74133
97762625285,21.97,0.06923721142661506,-0.06817256058289851,0.0,-0.30411,0.16677000000000003,9.81
97767675790,21.97,0.05965535383316618,-0.09374163412461543,0.0,-0.12753,0.17658,9.85905
97772726295,21.97,0.05859070298944965,-0.10119419003063122,0.0,0.06867000000000001,0.17658,9.908100000000001
97777776800,21.97,0.06178465552059926,-0.09800023749948161,-0.003193952531149623,0.28449,0.36297,9.89829
97782827305,21.97,0.06923721142661506,-0.08628907821859966,-0.001064650843716541,0.56898,0.31392000000000003,9.97677
97787877810,21.97,0.046879543708567686,-0.046879543708567686,0.0,0.69651,0.1962,9.84924
97792928315,21.97,0.03515093113516579,-0.004258603374866164,0.0,0.70632,0.0,9.5157
97797978820,21.97,0.03515093113516579,0.03089232776029963,0.0,0.5395500000000001,0.039240000000000004,9.56475
97803029325,21.97,0.02769837522915001,0.06604325889546543,-0.002129301687433082,0.40221,0.08829,9.79038
97808079830,21.97,0.046879543708567686,0.07349581480148122,-0.004258603374866164,0.25506,0.039240000000000004,9.92772
97813130335,21.97,0.05859070298944965,0.06604325889546543,0.0,0.0981,0.08829,9.91791
97818180840,21.97,0.07349581480148122,0.05752605214573309,-0.001064650843716541,0.0,0.0981,9.86886
97823231345,21.97,0.08841837990603273,0.04794419455228423,0.0,-0.11772,0.11772,9.760950000000001
97828281850,21.97,0.07990117315630041,0.049008845396000776,-0.001064650843716541,-0.18639,0.17658,9.633420000000001
97833332355,21.97,0.06817256058289851,0.03728023282259888,-0.001064650843716541,-0.26487,0.20601000000000003,9.64323
97838382860,21.97,0.06497860805174888,0.01918116847941768,-0.002129301687433082,-0.31392000000000003,0.23544,9.72171
97843433365,21.97,0.06284930636431581,-0.01064650843716541,-0.001064650843716541,-0.31392000000000003,0.27468000000000004,9.81
97848483870,21.97,0.07136651311404815,-0.04581489286485115,0.0,-0.25506,0.33354000000000006,9.94734
97853534375,21.97,0.06604325889546543,-0.07136651311404815,-0.003193952531149623,-0.08829,0.37278,10.045440000000001
97858584880,21.97,0.054332099614583476,-0.07456046564519776,0.0,0.0981,0.26487,10.025820000000001
97863635385,21.97,0.04260348704118158,-0.06391395720803235,0.0,0.25506,0.13734000000000002,9.78057
97868685890,21.97,0.02982767691658309,-0.04153883619746504,0.0,0.32373,0.13734000000000002,9.66285
97873736395,21.97,0.031956978604016174,-0.014905111812031574,0.001064650843716541,0.38259000000000004,0.07848000000000001,9.7119
97878786900,21.97,0.04153883619746504,0.005323254218582705,-0.001064650843716541,0.37278,0.06867000000000001,9.79038
97883837405,21.97,0.05220279792715039,0.022375121010567305,0.0,0.31392000000000003,0.13734000000000002,9.84924
97888887910,21.97,0.06710790973918197,0.031956978604016174,-0.001064650843716541,0.23544,0.11772,9.86886
97893938415,21.97,0.07349581480148122,0.039409534510031964,0.0,0.14715,0.14715,9.86886
97898988920,21.97,0.07030186227033158,0.03408628029144926,-0.001064650843716541,0.05886,0.16677000000000003,9.819809999999999
97904039425,21.97,0.07030186227033158,0.022375121010567305,-0.002129301687433082,0.009810000000000001,0.22563,9.760950000000001
97909089930,21.97,0.07136651311404815,0.022375121010567305,-0.002129301687433082,0.0,0.24525000000000002,9.72171
97914140435,21.97,0.0756251164889143,-0.001064650843716541,0.0,0.019620000000000002,0.42183,9.74133
97919190940,21.97,0.07243116395776468,-0.020245819323134222,-0.001064650843716541,0.04905,0.48069000000000006,9.908100000000001
97924241445,21.97,0.05646140130201656,-0.03408628029144926,-0.001064650843716541,0.16677000000000003,0.36297,9.98658
97929291950,21.97,0.03728023282259888,-0.03728023282259888,-0.002129301687433082,0.18639,0.23544,9.89829
97934342455,21.97,0.031956978604016174,-0.039409534510031964,0.0,0.21582,0.13734000000000002,9.84924
97939392960,21.97,0.03621558197888234,-0.03621558197888234,0.001064650843716541,0.32373,0.13734000000000002,9.83943
97944443465,21.97,0.03728023282259888,-0.028763026072866547,-0.003193952531149623,0.40221,0.10791,9.85905
97949493970,21.97,0.05326744877086694,-0.01811651763570114,-0.001064650843716541,0.47088,0.12753,9.78057
97954544475,21.97,0.06391395720803235,0.006387905062299246,-0.001064650843716541,0.50031,0.13734000000000002,9.69228
97959594980,21.97,0.07883652231258387,0.03834488366631542,-0.002129301687433082,0.3924,0.16677000000000003,9.623610000000001
97964645485,21.97,0.08415977653116657,0.06604325889546543,-0.002129301687433082,0.25506,0.24525000000000002,9.67266
97969695990,21.97,0.08203047484373349,0.08948303074974927,-0.003193952531149623,0.0981,0.25506,9.770760000000001
97974746495,21.97,0.0852244273748831,0.10012953918691468,-0.001064650843716541,-0.12753,0.28449,9.73152
97979797000,21.97,0.07990117315630041,0.09693558665576507,0.0,-0.36297,0.36297,9.74133
97984847505,21.97,0.07777187146886733,0.07990117315630041,-0.003193952531149623,-0.48069000000000006,0.40221,9.72171
97989898010,21.97,0.07670722062515077,0.05113814708343386,-0.001064650843716541,-0.56898,0.41202000000000005,9.70209
97994948515,21.97,0.06604325889546543,0.012775810124598492,0.0,-0.6180300000000001,0.49050000000000005,9.72171
97999999020,21.97,0.05326744877086694,-0.039409534510031964,0.001064650843716541,-0.5591700000000001,0.50031,9.72171
98005049525,21.97,0.03728023282259888,-0.08628907821859966,-0.001064650843716541,-0.38259000000000004,0.44145,9.70209
98010100030,21.97,0.022375121010567305,-0.11824605682261582,0.002129301687433082,-0.12753,0.41202000000000005,9.79038
98015150535,21.97,0.015987215948268057,-0.1288925652597812,0.003193952531149623,0.13734000000000002,0.42183,9.81
98020201040,21.97,0.013840460968315033,-0.13102186694721432,0.001064650843716541,0.47088,0.2943,9.94734
98025251545,21.97,0.007452555906015787,-0.10332349171806432,0.002129301687433082,0.71613,0.18639,9.89829
98030302050,21.97,0.006387905062299246,-0.07349581480148122,0.0,0.8338500000000001,-0.009810000000000001,9.79038
98035352555,21.97,0.0170518667919846,-0.02769837522915001,-0.002129301687433082,0.84366,-0.08829,9.69228
98040403060,21.97,0.03408628029144926,0.01918116847941768,0.001064650843716541,0.79461,-0.02943,9.69228
98045453565,21.97,0.06284930636431581,0.054332099614583476,-0.001064650843716541,0.6768900000000001,0.0,9.89829
98050504070,21.97,0.09267698328089889,0.07777187146886733,0.0,0.48069000000000006,0.06867000000000001,9.96696
98055554575,21.97,0.10653489754173388,0.09374163412461543,0.0,0.30411,0.16677000000000003,9.99639
98060605080,21.97,0.12037535851004891,0.10012953918691468,-0.002129301687433082,0.05886,0.34335000000000004,9.908100000000001
98065655585,21.97,0.12356931104119852,0.09906488834319814,0.0,-0.0981,0.51993,9.84924
98070706090,21.97,0.10332349171806432,0.09374163412461543,-0.003193952531149623,-0.27468000000000004,0.63765,9.84924
98075756595,21.97,0.08841837990603273,0.06710790973918197,-0.003193952531149623,-0.40221,0.6278400000000001,9.70209
98080807100,21.97,0.07030186227033158,0.0404741853537485,-0.002129301687433082,-0.47088,0.60822,9.7119
98085857605,21.97,0.05113814708343386,0.007452555906015787,-0.001064650843716541,-0.48069000000000006,0.49050000000000005,9.78057
98090908110,21.97,0.04153883619746504,-0.011711159280881954,-0.001064650843716541,-0.51012,0.37278,9.78057
98095958615,21.97,0.02769837522915001,-0.03728023282259888,0.0,-0.43164,0.26487,9.770760000000001
98101009120,21.97,0.02556907354171693,-0.07030186227033158,0.0,-0.36297,0.23544,9.80019
98106059625,21.97,0.03621558197888234,-0.08948303074974927,0.0,-0.11772,0.24525000000000002,9.78057
98111110130,21.97,0.049008845396000776,-0.09480628496833199,0.001064650843716541,0.11772,0.3924,9.74133
98116160635,21.97,0.054332099614583476,-0.08948303074974927,0.0,0.35316,0.50031,9.70209
98121211140,21.97,0.04581489286485115,-0.07456046564519776,0.0,0.60822,0.50031,9.73152
98126261645,21.97,0.03834488366631542,-0.06178465552059926,-0.001064650843716541,0.7651800000000001,0.42183,9.59418
98131312150,21.97,0.02769837522915001,-0.03728023282259888,0.0,0.86328,0.34335000000000004,9.633420000000001
98136362655,21.97,0.02769837522915001,-0.004258603374866164,0.002129301687433082,0.8142300000000001,0.13734000000000002,9.68247
98141413160,21.97,0.028763026072866547,0.031956978604016174,-0.003193952531149623,0.6670800000000001,0.019620000000000002,9.760950000000001
98146463665,21.97,0.04260348704118158,0.06817256058289851,-0.003193952531149623,0.44145,0.08829,9.85905
98151514170,21.97,0.07136651311404815,0.09374163412461543,-0.002129301687433082,0.25506,0.10791,10.08468
98156564675,21.97,0.09374163412461543,0.10332349171806432,-0.002129301687433082,0.05886,0.16677000000000003,9.888480000000001
98161615180,21.97,0.10012953918691468,0.10225884087434776,0.0,-0.17658,0.2943,9.83943
98166665685,21.97,0.11079350091660004,0.0852244273748831,-0.002129301687433082,-0.30411,0.5493600000000001,9.74133
98171716190,21.97,0.1097288500728835,0.06604325889546543,-0.001064650843716541,-0.45126,0.6867000000000001,9.86886
98176766695,21.97,0.09587093581204853,0.039409534510031964,-0.001064650843716541,-0.51012,0.70632,9.81
98181817200,21.97,0.05965535383316618,-0.002129301687433082,-0.002129301687433082,-0.49050000000000005,0.6768900000000001,9.73152
98186867705,21.97,0.046879543708567686,-0.06178465552059926,0.0,-0.38259000000000004,0.64746,9.65304
98191918210,21.97,0.02769837522915001,-0.08948303074974927,0.002129301687433082,-0.1962,0.60822,9.64323
98196968715,21.97,0.021310470166850764,-0.1097288500728835,0.0,0.039240000000000004,0.5395500000000001,9.65304
98202019220,21.97,0.006387905062299246,-0.10119419003063122,-0.001064650843716541,0.2943,0.35316,9.770760000000001
98207069725,21.97,0.003193952531149623,-0.07883652231258387,0.0,0.48069000000000006,0.13734000000000002,9.74133
98212120230,21.97,0.007452555906015787,-0.04260348704118158,-0.001064650843716541,0.51993,0.009810000000000001,9.74133
98217170735,21.97,0.021310470166850764,0.003193952531149623,0.0,0.43164,0.039240000000000004,9.888480000000001
98222221240,21.97,0.05326744877086694,0.046879543708567686,-0.002129301687433082,0.38259000000000004,0.039240000000000004,9.95715
98227271745,21.97,0.07136651311404815,0.0756251164889143,0.0,0.1962,0.12753,9.908100000000001
98232322250,21.97,0.09267698328089889,0.07990117315630041,-0.002129301687433082,0.039240000000000004,0.1962,9.819809999999999
98237372755,21.97,0.11505210429146619,0.05965535383316618,-0.002129301687433082,-0.0981,0.47088,9.7119
98242423260,21.97,0.12250466019748199,0.03834488366631542,0.0,-0.10791,0.8240400000000001,9.74133
98247473765,21.97,0.10545279340549739,0.011711159280881954,0.0,-0.04905,0.9613800000000001,9.95715
98252524270,21.97,0.06923721142661506,-0.00958185759344887,0.0,-0.04905,0.80442,9.74133
98257574775,21.97,0.03728023282259888,-0.02556907354171693,0.0,0.0,0.64746,9.57456
98262625280,21.97,0.0170518667919846,-0.028763026072866547,0.0,0.039240000000000004,0.40221,9.623610000000001
98267675785,21.97,0.012775810124598492,-0.011711159280881954,0.0,0.019620000000000002,0.1962,9.623610000000001
98272726290,21.97,0.021310470166850764,0.004258603374866164,0.0,-0.019620000000000002,0.13734000000000002,9.70209
98277776795,21.97,0.03408628029144926,0.011711159280881954,0.0,-0.05886,0.17658,9.81
98282827300,21.97,0.05326744877086694,0.006387905062299246,0.0,-0.04905,0.28449,9.819809999999999
98287877805,21.97,0.0756251164889143,-0.022375121010567305,0.0,-0.02943,0.5886,9.79038
98292928310,21.97,0.0756251164889143,-0.03728023282259888,0.0,0.17658,0.70632,9.908100000000001
98297978815,21.97,0.06284930636431581,-0.03728023282259888,0.0,0.28449,0.64746,9.819809999999999
98303029320,21.97,0.04581489286485115,-0.0170518667919846,0.0,0.34335000000000004,0.46107000000000004,9.70209
98308079825,21.97,0.03621558197888234,0.0,0.0,0.28449,0.34335000000000004,9.68247
98313130330,21.97,0.033021629447732716,0.0170518667919846,0.0,0.18639,0.22563,9.67266
98318180835,21.97,0.03728023282259888,0.03515093113516579,0.0,0.0981,0.20601000000000003,9.80019
98323231340,21.97,0.054332099614583476,0.04153883619746504,0.0,0.039240000000000004,0.27468000000000004,9.82962
98328281845,21.97,0.07349581480148122,0.04260348704118158,0.0,-0.06867000000000001,0.46107000000000004,9.86886
98333332350,21.97,0.08203047484373349,0.01811651763570114,0.0,-0.0981,0.63765,9.908100000000001
98338382855,21.97,0.08203047484373349,-0.021310470166850764,0.0,-0.039240000000000004,0.7651800000000001,9.908100000000001
98343433360,21.97,0.06391395720803235,-0.04260348704118158,0.0,0.14715,0.65727,9.87867
98348483865,21.97,0.04153883619746504,-0.031956978604016174,0.0,0.17658,0.48069000000000006,9.68247
98353534370,21.97,0.03834488366631542,-0.002129301687433082,0.0,0.16677000000000003,0.38259000000000004,9.47646
98358584875,21.97,0.0404741853537485,0.02663372438543347,0.0,0.10791,0.28449,9.55494
98363635380,21.97,0.044732788728614664,0.03408628029144926,0.0,-0.009810000000000001,0.38259000000000004,9.60399
98368685885,21.97,0.054332099614583476,0.023439771854283843,0.0,-0.07848000000000001,0.47088,9.72171
98373736390,21.97,0.060720004676882725,0.006387905062299246,0.0,-0.039240000000000004,0.5886,9.82962
98378786895,21.97,0.06284930636431581,-0.022375121010567305,0.0,-0.019620000000000002,0.71613,9.84924
98383837400,21.97,0.05220279792715039,-0.03621558197888234,0.0,0.10791,0.6670800000000001,9.94734
98388887905,21.97,0.04153883619746504,-0.02556907354171693,0.0,0.16677000000000003,0.45126,9.84924
98393938410,21.97,0.02769837522915001,-0.020245819323134222,0.0,0.18639,0.32373,9.68247
98398988915,21.97,0.033021629447732716,-0.002129301687433082,0.0,0.15696000000000002,0.23544,9.7119
98404039420,21.97,0.04260348704118158,0.020245819323134222,0.0,0.06867000000000001,0.28449,9.72171
98409089925,21.97,0.05539675045830002,0.024504422698000388,0.0,0.07848000000000001,0.46107000000000004,9.72171
98414140430,21.97,0.07456046564519776,0.0170518667919846,0.0,0.07848000000000001,0.64746,9.92772
98419190935,21.97,0.07243116395776468,-0.006387905062299246,0.0,0.10791,0.72594,9.937529999999999
98424241440,21.97,0.05859070298944965,-0.0170518667919846,-0.006387905062299246,0.14715,0.59841,9.908100000000001
98429291945,21.97,0.044732788728614664,0.001064650843716541,-0.002129301687433082,0.12753,0.41202000000000005,9.81
98434342450,21.97,0.03834488366631542,0.03089232776029963,-0.002129301687433082,0.009810000000000001,0.30411,9.64323
98439392955,21.97,0.04581489286485115,0.03515093113516579,-0.001064650843716541,-0.08829,0.33354000000000006,9.68247
98444443460,21.97,0.060720004676882725,0.03515093113516579,0.0,-0.11772,0.42183,9.68247
98449493965,21.97,0.06710790973918197,0.012775810124598492,0.0,-0.10791,0.69651,9.633420000000001
98454544470,21.97,0.07456046564519776,-0.01918116847941768,-0.003193952531149623,-0.02943,0.9711900000000001,9.70209
98459594975,21.97,0.06817256058289851,-0.033021629447732716,-0.003193952531149623,0.0981,0.9221400000000001,9.86886
98464645480,21.97,0.033021629447732716,-0.03728023282259888,-0.001064650843716541,0.1962,0.6180300000000001,9.80019
98469695985,21.97,0.004258603374866164,-0.031956978604016174,-0.001064650843716541,0.15696000000000002,0.30411,9.69228
98474746490,21.97,0.003193952531149623,-0.023439771854283843,0.0,0.13734000000000002,0.10791,9.7119
98479796995,21.97,0.006387905062299246,-0.003193952531149623,-0.002129301687433082,0.10791,0.12753,9.760950000000001
98484847500,21.97,0.05007349623971732,0.005323254218582705,0.002129301687433082,0.12753,0.35316,9.819809999999999
98489898005,21.97,0.08203047484373349,0.015987215948268057,0.001064650843716541,0.17658,0.5886,9.89829
98494948510,21.97,0.08735372906231618,0.008517206749732328,0.0,0.18639,0.7848,9.86886
98499999015,21.97,0.07777187146886733,0.00958185759344887,-0.006387905062299246,0.1962,0.79461,9.81
98505049520,21.97,0.05539675045830002,0.020245819323134222,-0.004258603374866164,0.14715,0.60822,9.770760000000001
98510100025,21.97,0.03089232776029963,0.031956978604016174,-0.004258603374866164,-0.009810000000000001,0.45126,9.64323
98515150530,21.97,0.02769837522915001,0.02769837522915001,-0.004258603374866164,-0.0981,0.41202000000000005,9.70209
98520201035,21.97,0.04794419455228423,0.021310470166850764,0.002129301687433082,-0.12753,0.45126,9.81
98525251540,21.97,0.05859070298944965,0.002129301687433082,-0.002129301687433082,-0.11772,0.60822,9.7119
98530302045,21.97,0.07030186227033158,-0.01064650843716541,-0.001064650843716541,-0.04905,0.8142300000000001,9.68247
98535352550,21.97,0.06497860805174888,-0.008517206749732328,0.0,0.009810000000000001,0.7848,9.68247
98540403055,21.97,0.039409534510031964,-0.008517206749732328,0.0,0.039240000000000004,0.6670800000000001,9.623610000000001
98545453560,21.97,0.01918116847941768,-0.01811651763570114,0.001064650843716541,0.05886,0.5886,9.68247
98550504065,21.97,0.015987215948268057,-0.023439771854283843,0.001064650843716541,0.05886,0.46107000000000004,9.84924
98555554570,21.97,0.023439771854283843,-0.02556907354171693,0.0,0.08829,0.40221,9.78057
98560605075,21.97,0.039409534510031964,-0.01811651763570114,0.0,0.17658,0.47088,9.82962
98565655580,21.97,0.05646140130201656,-0.003193952531149623,-0.001064650843716541,0.20601000000000003,0.5395500000000001,9.78057
98570706085,21.97,0.05752605214573309,0.015987215948268057,0.0,0.17658,0.5493600000000001,9.67266
98575756590,21.97,0.049008845396000776,0.021310470166850764,-0.001064650843716541,0.12753,0.60822,9.7119
98580807095,21.97,0.04366813788489812,0.015987215948268057,-0.001064650843716541,0.08829,0.64746,9.81
98585857600,21.97,0.04260348704118158,0.005323254218582705,0.0,0.039240000000000004,0.6278400000000001,9.888480000000001
98590908105,21.97,0.04260348704118158,-0.002129301687433082,0.0,0.009810000000000001,0.5886,9.96696
98595958610,21.97,0.05007349623971732,-0.003193952531149623,0.0,0.039240000000000004,0.5493600000000001,9.91791
98601009115,21.97,0.05539675045830002,0.004258603374866164,-0.001064650843716541,0.019620000000000002,0.5395500000000001,9.760950000000001
98606059620,21.97,0.05752605214573309,0.011711159280881954,0.0,0.0,0.5591700000000001,9.633420000000001
98611110125,21.97,0.049008845396000776,0.020245819323134222,-0.001064650843716541,-0.039240000000000004,0.63765,9.57456
98616160630,21.97,0.046879543708567686,0.014905111812031574,0.0,-0.019620000000000002,0.6768900000000001,9.6138
98621211135,21.97,0.04366813788489812,0.001064650843716541,0.0,-0.019620000000000002,0.74556,9.72171
98626261640,21.97,0.0404741853537485,-0.00958185759344887,0.002129301687433082,0.02943,0.72594,9.85905
98631312145,21.97,0.0404741853537485,-0.0170518667919846,-0.001064650843716541,0.009810000000000001,0.64746,9.81
98636362650,21.97,0.04153883619746504,-0.014905111812031574,-0.002129301687433082,0.05886,0.5493600000000001,9.751140000000001
98641413155,21.97,0.039409534510031964,0.0,-0.001064650843716541,0.039240000000000004,0.47088,9.65304
98646463660,21.97,0.03515093113516579,0.006387905062299246,0.003193952531149623,0.009810000000000001,0.48069000000000006,9.5157
98651514165,21.97,0.03621558197888234,0.0,-0.001064650843716541,0.019620000000000002,0.69651,9.56475
98656564670,21.97,0.046879543708567686,0.0,-0.002129301687433082,0.13734000000000002,0.84366,9.74133
98661615175,21.97,0.046879543708567686,0.003193952531149623,0.0,0.11772,0.80442,9.81
98666665680,21.97,0.03621558197888234,0.0,-0.002129301687433082,0.08829,0.6867000000000001,9.91791
98671716185,21.97,0.024504422698000388,-0.001064650843716541,-0.002129301687433082,0.02943,0.43164,9.86886
98676766690,21.97,0.01811651763570114,-0.001064650843716541,0.0,-0.009810000000000001,0.33354000000000006,9.72171
98681817195,21.97,0.02769837522915001,-0.004258603374866164,0.0,0.0,0.44145,9.751140000000001
98686867700,21.97,0.04794419455228423,-0.002129301687433082,0.0,0.02943,0.59841,9.78057
98691918205,21.97,0.05965535383316618,0.001064650843716541,-0.001064650843716541,0.08829,0.75537,9.80019
98696968710,21.97,0.06178465552059926,0.0,0.0,0.11772,0.86328,9.81
98702019215,21.97,0.05007349623971732,-0.001064650843716541,-0.002129301687433082,0.14715,0.8142300000000001,9.81
98707069720,21.97,0.03408628029144926,-0.005323254218582705,-0.002129301687433082,0.08829,0.6180300000000001,9.70209
98712120225,21.97,0.020245819323134222,-0.001064650843716541,0.0,0.05886,0.49050000000000005,9.72171
98717170730,21.97,0.01811651763570114,0.013840460968315033,0.0,0.019620000000000002,0.3924,9.72171
98722221235,21.97,0.03089232776029963,0.020245819323134222,0.001064650843716541,-0.039240000000000004,0.44145,9.760950000000001
98727271740,21.97,0.05646140130201656,0.0170518667919846,-0.001064650843716541,-0.05886,0.65727,9.78057
98732322245,21.97,0.07349581480148122,0.005323254218582705,0.002129301687433082,-0.02943,0.8142300000000001,9.751140000000001
98737372750,21.97,0.06604325889546543,-0.008517206749732328,0.0,0.04905,0.9123300000000001,9.64323
98742423255,21.97,0.046879543708567686,-0.00958185759344887,-0.002129301687433082,0.0981,0.90252,9.60399
98747473760,21.97,0.02769837522915001,0.007452555906015787,-0.001064650843716541,0.06867000000000001,0.72594,9.58437
98752524265,21.97,0.01064650843716541,0.011711159280881954,0.0,0.0,0.5493600000000001,9.59418
98757574770,21.97,0.00958185759344887,0.001064650843716541,0.0,-0.07848000000000001,0.51993,9.69228
98762625275,21.97,0.02982767691658309,-0.00958185759344887,0.003193952531149623,-0.039240000000000004,0.56898,9.81
98767675780,21.97,0.039409534510031964,-0.008517206749732328,0.001064650843716541,0.009810000000000001,0.59841,9.819809999999999
98772726285,21.97,0.04260348704118158,-0.005323254218582705,-0.001064650843716541,0.04905,0.69651,9.78057
98777776790,21.97,0.044732788728614664,0.003193952531149623,0.0,0.06867000000000001,0.6867000000000001,9.74133
98782827295,21.97,0.03621558197888234,0.00958185759344887,0.0,0.02943,0.6867000000000001,9.67266
98787877800,21.97,0.02663372438543347,0.0,-0.001064650843716541,-0.009810000000000001,0.69651,9.81
98792928305,21.97,0.01918116847941768,-0.014905111812031574,-0.001064650843716541,0.02943,0.64746,9.888480000000001
98797978810,21.97,0.024504422698000388,-0.0170518667919846,-0.001064650843716541,0.06867000000000001,0.59841,9.92772
98803029315,21.97,0.039409534510031964,-0.003193952531149623,0.0,0.07848000000000001,0.5493600000000001,9.84924
98808079820,21.97,0.04366813788489812,0.006387905062299246,-0.001064650843716541,0.08829,0.60822,9.751140000000001
98813130325,21.97,0.03834488366631542,-0.002129301687433082,-0.001064650843716541,0.05886,0.6670800000000001,9.67266
98818180830,21.97,0.03728023282259888,-0.007452555906015787,-0.002129301687433082,0.11772,0.7848,9.67266
98823231335,21.97,0.04153883619746504,-0.002129301687433082,-0.001064650843716541,0.17658,0.79461,9.7119
98828281840,21.97,0.028763026072866547,0.00958185759344887,-0.004258603374866164,0.17658,0.7651800000000001,9.770760000000001
98833332345,21.97,0.02982767691658309,0.01064650843716541,-0.001064650843716541,0.08829,0.6278400000000001,9.819809999999999
98838382850,21.97,0.033021629447732716,0.020245819323134222,0.001064650843716541,0.009810000000000001,0.50031,9.81
98843433355,21.97,0.03515093113516579,0.020245819323134222,0.0,-0.06867000000000001,0.51993,9.623610000000001
98848483860,21.97,0.039409534510031964,0.012775810124598492,0.0,-0.06867000000000001,0.6867000000000001,9.64323
98853534365,21.97,0.046879543708567686,0.00958185759344887,0.0,-0.02943,0.7749900000000001,9.66285
98858584870,21.97,0.046879543708567686,0.007452555906015787,-0.001064650843716541,-0.039240000000000004,0.86328,9.69228
98863635375,21.97,0.044732788728614664,0.001064650843716541,0.0,-0.019620000000000002,0.9319500000000001,9.65304
98868685880,21.97,0.03728023282259888,-0.007452555906015787,0.001064650843716541,-0.009810000000000001,0.84366,9.623610000000001
98873736385,21.97,0.012775810124598492,-0.012775810124598492,-0.004258603374866164,0.0,0.69651,9.66285
98878786890,21.97,0.003193952531149623,-0.01918116847941768,-0.002129301687433082,-0.019620000000000002,0.57879,9.69228
98883837395,21.97,0.007452555906015787,-0.008517206749732328,0.0,-0.009810000000000001,0.52974,9.65304
98888887900,21.97,0.01811651763570114,-0.00958185759344887,0.002129301687433082,0.009810000000000001,0.56898,9.72171
98893938405,21.97,0.03089232776029963,-0.00958185759344887,-0.001064650843716541,0.04905,0.6867000000000001,9.80019
98898988910,21.97,0.039409534510031964,-0.01064650843716541,0.0,0.12753,0.74556,9.82962
98904039415,21.97,0.039409534510031964,-0.006387905062299246,-0.001064650843716541,0.12753,0.7848,9.760950000000001
98909089920,21.97,0.033021629447732716,0.003193952531149623,-0.001064650843716541,0.15696000000000002,0.72594,9.79038
98914140425,21.97,0.01811651763570114,0.015987215948268057,-0.001064650843716541,0.07848000000000001,0.60822,9.819809999999999
98919190930,21.97,0.020245819323134222,0.0170518667919846,0.0,-0.009810000000000001,0.51012,9.819809999999999
98924241435,21.97,0.02663372438543347,0.012775810124598492,0.001064650843716541,-0.08829,0.5886,9.82962
98929291940,21.97,0.03834488366631542,0.002129301687433082,0.0,-0.05886,0.70632,9.80019
98934342445,21.97,0.046879543708567686,-0.00958185759344887,0.0,0.0,0.8829,9.82962
98939392950,21.97,0.046879543708567686,-0.007452555906015787,0.0,0.11772,0.90252,9.83943
98944443455,21.97,0.031956978604016174,0.0,0.0,0.10791,0.8142300000000001,9.74133
98949493960,21.97,0.01918116847941768,-0.008517206749732328,-0.003193952531149623,0.04905,0.6768900000000001,9.633420000000001
98954544465,21.97,0.00958185759344887,-0.008517206749732328,-0.001064650843716541,0.04905,0.5886,9.65304
98959594970,21.97,0.013840460968315033,0.003193952531149623,0.0,0.05886,0.5886,9.70209
98964645475,21.97,0.02982767691658309,0.014905111812031574,0.003193952531149623,0.009810000000000001,0.6867000000000001,9.760950000000001
98969695980,21.97,0.04153883619746504,0.015987215948268057,-0.002129301687433082,0.0,0.75537,9.79038
98974746485,21.97,0.046879543708567686,0.003193952531149623,-0.002129301687433082,0.039240000000000004,0.80442,9.68247
98979796990,21.97,0.03834488366631542,-0.003193952531149623,0.0,0.039240000000000004,0.85347,9.53532
98984847495,21.97,0.033021629447732716,0.011711159280881954,-0.003193952531149623,0.05886,0.86328,9.48627
98989898000,21.97,0.021310470166850764,0.021310470166850764,0.0,-0.009810000000000001,0.8142300000000001,9.59418
98994948505,21.97,0.006387905062299246,0.02982767691658309,-0.002129301687433082,-0.10791,0.6670800000000001,9.70209
98999999010,21.97,0.011711159280881954,0.023439771854283843,-0.001064650843716541,-0.20601000000000003,0.59841,9.81
99005049515,21.97,0.021310470166850764,0.005323254218582705,0.0,-0.24525000000000002,0.60822,9.73152
99010100020,21.97,0.02982767691658309,-0.011711159280881954,0.0,-0.20601000000000003,0.7651800000000001,9.67266
99015150525,21.97,0.03834488366631542,-0.023439771854283843,0.0,-0.0981,0.95157,9.7119
99020201030,21.97,0.028763026072866547,-0.024504422698000388,0.0,0.009810000000000001,0.9711900000000001,9.70209
99025251535,21.97,0.012775810124598492,-0.03728023282259888,0.0,0.13734000000000002,0.87309,9.66285
99030302040,21.97,-0.008517206749732328,-0.03621558197888234,0.0,0.18639,0.69651,9.70209
99035352545,21.97,-0.00958185759344887,-0.02769837522915001,0.0,0.1962,0.5395500000000001,9.70209
99040403050,21.97,-0.004258603374866164,-0.013840460968315033,0.0,0.16677000000000003,0.51993,9.82962
99045453555,21.97,0.00958185759344887,0.0,0.0,0.16677000000000003,0.52974,9.908100000000001
99050504060,21.97,0.02663372438543347,0.008517206749732328,0.0,0.17658,0.5493600000000001,9.92772
99055554565,21.97,0.03621558197888234,0.015987215948268057,0.0,0.13734000000000002,0.60822,9.937529999999999
99060605070,21.97,0.044732788728614664,0.022375121010567305,0.0,0.08829,0.69651,9.819809999999999
99065655575,21.97,0.046879543708567686,0.03728023282259888,0.0,0.0,0.84366,9.751140000000001
99070706080,21.97,0.04260348704118158,0.04153883619746504,0.0,-0.039240000000000004,0.9123300000000001,9.78057
99075756585,21.97,0.04260348704118158,0.04153883619746504,0.0,-0.10791,0.89271,9.83943
99080807090,21.97,0.02769837522915001,0.023439771854283843,0.0,-0.1962,0.75537,9.81
99085857595,21.97,0.015987215948268057,0.008517206749732328,0.0,-0.27468000000000004,0.6670800000000001,9.73152
99090908100,21.97,0.01811651763570114,-0.001064650843716541,0.0,-0.24525000000000002,0.6670800000000001,9.6138
99095958605,21.97,0.01811651763570114,-0.013840460968315033,0.0,-0.20601000000000003,0.79461,9.60399
99101009110,21.97,0.023439771854283843,-0.03089232776029963,0.0,-0.0981,0.9711900000000001,9.68247
99106059615,21.97,0.01918116847941768,-0.04153883619746504,0.0,0.06867000000000001,0.9711900000000001,9.751140000000001
99111110120,21.97,0.01064650843716541,-0.04794419455228423,0.0,0.20601000000000003,0.8338500000000001,9.70209
99116160625,21.97,-0.003193952531149623,-0.03408628029144926,0.0,0.25506,0.60822,9.633420000000001
99121211130,21.97,-0.004258603374866164,0.0,0.0,0.15696000000000002,0.49050000000000005,9.56475
99126261635,21.97,0.0,0.012775810124598492,0.0,0.08829,0.49050000000000005,9.57456
99131312140,21.97,0.015987215948268057,0.014905111812031574,0.0,0.07848000000000001,0.6180300000000001,9.65304
99136362645,21.97,0.033021629447732716,0.022375121010567305,0.0,0.07848000000000001,0.8338500000000001,9.73152
99141413150,21.97,0.05220279792715039,0.024504422698000388,0.0,0.05886,1.02024,9.69228
99146463655,21.97,0.05113814708343386,0.021310470166850764,0.0,0.039240000000000004,1.0791000000000002,9.66285
99151514160,21.97,0.024504422698000388,0.0170518667919846,0.0,0.0,0.9221400000000001,9.6138
99156564665,21.97,-0.003193952531149623,0.00958185759344887,0.0,-0.08829,0.74556,9.56475
99161615170,21.97,-0.0170518667919846,0.005323254218582705,0.0,-0.14715,0.5886,9.64323
99166665675,21.97,-0.01064650843716541,0.0,0.0,-0.17658,0.5591700000000001,9.770760000000001
99171716180,21.97,0.001064650843716541,-0.007452555906015787,0.0,-0.1962,0.64746,9.83943
99176766685,21.97,0.02556907354171693,-0.01918116847941768,0.0,-0.0981,0.8338500000000001,9.937529999999999
99181817190,21.97,0.03728023282259888,-0.03089232776029963,0.0,0.039240000000000004,0.94176,9.85905
99186867695,21.97,0.02769837522915001,-0.028763026072866547,0.0,0.15696000000000002,0.8829,9.760950000000001
99191918200,21.97,0.001064650843716541,-0.007452555906015787,0.0,0.16677000000000003,0.65727,9.64323
99196968705,21.97,-0.01064650843716541,0.01811651763570114,0.0,0.04905,0.51012,9.57456
99202019210,21.97,-0.008517206749732328,0.022375121010567305,0.0,-0.05886,0.52974,9.74133
99207069715,21.97,0.011711159280881954,0.012775810124598492,0.0,-0.12753,0.69651,9.94734
99212120220,21.97,0.03515093113516579,-0.003193952531149623,0.0,-0.04905,0.8240400000000001,10.01601
99217170725,21.97,0.04581489286485115,-0.0170518667919846,0.0,0.039240000000000004,0.9711900000000001,9.83943
99222221230,21.97,0.04153883619746504,-0.01064650843716541,0.0,0.10791,1.00062,9.67266
99227271735,21.97,0.024504422698000388,0.011711159280881954,0.0,0.08829,0.8829,9.48627
99232322240,21.97,0.0,0.022375121010567305,0.0,0.0,0.75537,9.40779
99237372745,21.97,-0.013840460968315033,0.0170518667919846,0.0,-0.07848000000000001,0.70632,9.60399
99242423250,21.97,-0.013840460968315033,0.006387905062299246,0.0,-0.12753,0.64746,9.78057
99247473755,21.97,0.001064650843716541,-0.002129301687433082,0.0,-0.13734000000000002,0.6768900000000001,9.91791
99252524260,21.97,0.020245819323134222,-0.003193952531149623,0.0,-0.10791,0.72594,9.95715
99257574765,21.97,0.028763026072866547,-0.003193952531149623,0.0,-0.07848000000000001,0.7749900000000001,9.819809999999999
99262625270,21.97,0.024504422698000388,-0.01064650843716541,0.0,-0.02943,0.8142300000000001,9.67266
99267675775,21.97,0.014905111812031574,-0.013840460968315033,0.0,0.039240000000000004,0.85347,9.53532
99272726280,21.97,0.003193952531149623,-0.008517206749732328,0.0,0.06867000000000001,0.89271,9.59418
99277776785,21.97,0.001064650843716541,0.0,0.0,0.0981,0.85347,9.69228
99282827290,21.97,0.0,0.00958185759344887,0.0,0.039240000000000004,0.8142300000000001,9.80019
99287877795,21.97,0.0,0.008517206749732328,0.0,0.0,0.65727,9.81
99292928300,21.97,-0.002129301687433082,0.0,0.0,-0.04905,0.57879,9.819809999999999
99297978805,21.97,0.0,0.0,0.0,-0.07848000000000001,0.51993,9.80019
99303029310,21.97,0.005323254218582705,0.002129301687433082,0.0,-0.07848000000000001,0.6180300000000001,9.751140000000001
99308079815,21.97,0.020245819323134222,-0.001064650843716541,0.0,-0.05886,0.84366,9.751140000000001
99313130320,21.97,0.031956978604016174,-0.002129301687433082,0.0,0.039240000000000004,0.9908100000000001,9.82962
99318180825,21.97,0.033021629447732716,0.0,0.0,0.04905,0.9613800000000001,9.74133
99323231330,21.97,0.0170518667919846,0.006387905062299246,0.0,0.02943,0.8829,9.64323
99328281835,21.97,0.0,0.0170518667919846,0.0,-0.04905,0.71613,9.53532
99333332340,21.97,-0.012775810124598492,0.015987215948268057,0.0,-0.11772,0.69651,9.52551
99338382845,21.97,-0.01064650843716541,0.005323254218582705,0.0,-0.14715,0.74556,9.6138
99343433350,21.97,0.001064650843716541,-0.007452555906015787,0.0,-0.07848000000000001,0.85347,9.770760000000001
99348483855,21.97,0.01064650843716541,-0.012775810124598492,0.0,-0.019620000000000002,0.86328,9.82962
99353534360,21.97,0.006387905062299246,-0.008517206749732328,0.0,0.0,0.79461,9.80019
99358584865,21.97,0.002129301687433082,-0.001064650843716541,0.0,-0.02943,0.70632,9.751140000000001
99363635370,21.97,-0.005323254218582705,0.007452555906015787,0.0,-0.07848000000000001,0.6180300000000001,9.7119
99368685875,21.97,-0.007452555906015787,-0.006387905062299246,0.0,-0.13734000000000002,0.65727,9.7119
99373736380,21.97,0.0,-0.015987215948268057,0.0,-0.05886,0.75537,9.80019
99378786885,21.97,0.013840460968315033,-0.0170518667919846,0.0,0.04905,0.89271,9.82962
99383837390,21.97,0.023439771854283843,-0.007452555906015787,0.0,0.07848000000000001,0.9319500000000001,9.79038
99388887895,21.97,0.01918116847941768,0.013840460968315033,0.0,0.05886,0.84366,9.70209
99393938400,21.97,0.00958185759344887,0.015987215948268057,0.0,0.009810000000000001,0.73575,9.55494
99398988905,21.97,-0.01064650843716541,0.014905111812031574,0.0,-0.05886,0.71613,9.55494
99404039410,21.97,-0.011711159280881954,0.011711159280881954,0.0,-0.08829,0.72594,9.65304
99409089915,21.97,-0.002129301687433082,0.003193952531149623,0.0,-0.0981,0.8240400000000001,9.74133
99414140420,21.97,0.007452555906015787,-0.007452555906015787,0.0,-0.04905,0.86328,9.83943
99419190925,21.97,0.01918116847941768,-0.00958185759344887,0.0,-0.009810000000000001,0.90252,9.85905
99424241430,21.97,0.011711159280881954,-0.003193952531149623,0.0,-0.019620000000000002,0.8142300000000001,9.70209
99429291935,21.97,-0.002129301687433082,0.007452555906015787,0.0,-0.02943,0.72594,9.54513
99434342440,21.97,-0.013840460968315033,0.0170518667919846,0.0,-0.08829,0.6278400000000001,9.59418
99439392945,21.97,-0.020245819323134222,0.014905111812031574,0.0,-0.14715,0.71613,9.633420000000001
99444443450,21.97,-0.006387905062299246,-0.004258603374866164,0.0,-0.15696000000000002,0.85347,9.83943
99449493955,21.97,0.007452555906015787,-0.021310470166850764,0.0,-0.06867000000000001,0.9123300000000001,9.99639
99454544460,21.97,0.008517206749732328,-0.028763026072866547,0.0,0.02943,0.90252,9.94734
99459594965,21.97,0.0,-0.01918116847941768,0.0,0.11772,0.73575,9.80019
99464645470,21.97,-0.011711159280881954,0.0,0.0,0.039240000000000004,0.56898,9.66285
99469695975,21.97,-0.020245819323134222,0.020245819323134222,0.0,-0.039240000000000004,0.51993,9.59418
99474746480,21.97,-0.011711159280881954,0.02556907354171693,0.0,-0.11772,0.59841,9.74133
99479796985,21.97,0.008517206749732328,0.01811651763570114,0.0,-0.0981,0.79461,9.888480000000001
99484847490,21.97,0.022375121010567305,-0.007452555906015787,0.0,-0.05886,0.9711900000000001,9.94734
99489897995,21.97,0.022375121010567305,-0.023439771854283843,0.0,0.0,1.03986,9.89829
99494948500,21.97,0.012775810124598492,-0.01811651763570114,0.0,0.11772,0.89271,9.73152
99499999005,21.97,-0.004258603374866164,-0.006387905062299246,0.0,0.0981,0.72594,9.496080000000001
99505049510,21.97,-0.022375121010567305,0.014905111812031574,0.0,0.009810000000000001,0.57879,9.46665
99510100015,21.97,-0.015987215948268057,0.044732788728614664,0.0,-0.11772,0.5493600000000001,9.58437
99515150520,21.97,-0.003193952531149623,0.046879543708567686,0.0,-0.21582,0.6670800000000001,9.67266
99520201025,21.97,0.01811651763570114,0.02769837522915001,0.0,-0.27468000000000004,0.89271,9.82962
99525251530,21.97,0.02663372438543347,-0.007452555906015787,0.0,-0.22563,1.1183400000000001,9.81
99530302035,21.97,0.020245819323134222,-0.03834488366631542,0.0,-0.10791,1.1281500000000002,9.74133
99535352540,21.97,-0.004258603374866164,-0.05007349623971732,0.0,0.06867000000000001,1.02024,9.66285
99540403045,21.97,-0.028763026072866547,-0.03408628029144926,0.0,0.0981,0.75537,9.50589
99545453550,21.97,-0.046879543708567686,-0.001064650843716541,0.0,0.039240000000000004,0.51012,9.52551
99550504055,21.97,-0.03621558197888234,0.033021629447732716,0.0,-0.0981,0.44145,9.65304
99555554560,21.97,-0.015987215948268057,0.049008845396000776,0.0,-0.21582,0.46107000000000004,9.85905
99560605065,21.97,0.005323254218582705,0.039409534510031964,0.0,-0.32373,0.63765,9.95715
99565655570,21.97,0.028763026072866547,0.006387905062299246,0.0,-0.30411,0.8829,9.99639
99570706075,21.97,0.03089232776029963,-0.021310470166850764,0.0,-0.1962,1.0791000000000002,9.97677
99575756580,21.97,0.00958185759344887,-0.044732788728614664,0.0,-0.05886,1.1183400000000001,9.888480000000001
99580807085,21.97,-0.004258603374866164,-0.06391395720803235,0.0,0.10791,0.9711900000000001,9.78057
99585857590,21.97,-0.02556907354171693,-0.05859070298944965,0.0,0.24525000000000002,0.73575,9.66285
99590908095,21.97,-0.04260348704118158,-0.039409534510031964,0.0,0.30411,0.49050000000000005,9.6138
99595958600,21.97,-0.03515093113516579,0.0,0.0,0.23544,0.38259000000000004,9.633420000000001
99601009105,21.97,-0.011711159280881954,0.04153883619746504,0.0,0.10791,0.44145,9.66285
99606059610,21.97,0.012775810124598492,0.07349581480148122,0.0,-0.02943,0.60822,9.760950000000001
99611110115,21.97,0.03621558197888234,0.07883652231258387,0.0,-0.18639,0.8240400000000001,9.819809999999999
99616160620,21.97,0.044732788728614664,0.07030186227033158,0.0,-0.36297,0.9908100000000001,9.770760000000001
99621211125,21.97,0.03408628029144926,0.044732788728614664,0.0,-0.40221,1.10853,9.633420000000001
99626261630,21.97,0.021310470166850764,0.008517206749732328,0.0,-0.40221,1.1870100000000001,9.54513
99631312135,21.97,0.0,-0.01918116847941768,0.0,-0.32373,1.0987200000000001,9.42741
99636362640,21.97,-0.03089232776029963,-0.049008845396000776,0.0,-0.20601000000000003,1.02024,9.358740000000001
99641413145,21.97,-0.046879543708567686,-0.05965535383316618,0.0,-0.06867000000000001,0.9221400000000001,9.43722
99646463650,21.97,-0.05646140130201656,-0.06497860805174888,0.0,0.039240000000000004,0.74556,9.52551
99651514155,21.97,-0.06178465552059926,-0.06497860805174888,0.0,0.14715,0.60822,9.6138
99656564660,21.97,-0.05965535383316618,-0.05220279792715039,0.0,0.21582,0.51993,9.81
99661615165,21.97,-0.04153883619746504,-0.021310470166850764,0.0,0.22563,0.43164,9.86886
99666665670,21.97,-0.015987215948268057,0.013840460968315033,0.0,0.18639,0.3924,9.908100000000001
99671716175,21.97,0.006387905062299246,0.05752605214573309,0.0,0.02943,0.48069000000000006,9.95715
99676766680,21.97,0.020245819323134222,0.08415977653116657,0.0,-0.12753,0.60822,9.908100000000001
99681817185,21.97,0.028763026072866547,0.08628907821859966,0.0,-0.28449,0.7848,9.91791
99686867690,21.97,0.024504422698000388,0.05965535383316618,0.0,-0.37278,1.02024,9.888480000000001
99691918195,21.97,0.020245819323134222,0.028763026072866547,0.0,-0.42183,1.13796,9.92772
99696968700,21.97,0.001064650843716541,-0.007452555906015787,0.0,-0.42183,1.0791000000000002,9.91791
99702019205,21.97,-0.01811651763570114,-0.04153883619746504,0.0,-0.32373,0.95157,9.82962
99707069710,21.97,-0.03834488366631542,-0.06817256058289851,0.0,-0.1962,0.73575,9.80019
99712120215,21.97,-0.05007349623971732,-0.08309512568745003,0.0,-0.04905,0.60822,9.74133
99717170720,21.97,-0.04794419455228423,-0.09374163412461543,0.0,0.18639,0.57879,9.72171
99722221225,21.97,-0.033021629447732716,-0.0756251164889143,0.0,0.38259000000000004,0.60822,9.70209
99727271730,21.97,-0.01811651763570114,-0.03621558197888234,0.0,0.50031,0.6867000000000001,9.56475
99732322235,21.97,-0.004258603374866164,0.001064650843716541,0.0,0.5493600000000001,0.7651800000000001,9.6138
99737372740,21.97,0.008517206749732328,0.02769837522915001,0.0,0.44145,0.75537,9.60399
99742423245,21.97,0.0,0.06923721142661506,0.0,0.30411,0.65727,9.633420000000001
99747473750,21.97,0.0,0.09374163412461543,0.0,0.02943,0.65727,9.623610000000001
99752524255,21.97,0.002129301687433082,0.10438814256178083,-0.005323254218582705,-0.20601000000000003,0.69651,9.67266
99757574760,21.97,0.014905111812031574,0.09800023749948161,0.001064650843716541,-0.46107000000000004,0.8240400000000001,9.79038
99762625265,21.97,0.014905111812031574,0.07456046564519776,-0.003193952531149623,-0.59841,0.9319500000000001,9.74133
99767675770,21.97,0.013840460968315033,0.033021629447732716,0.001064650843716541,-0.63765,1.03005,9.74133
99772726275,21.97,-0.004258603374866164,-0.002129301687433082,-0.002129301687433082,-0.63765,1.03986,9.69228
99777776780,21.97,-0.015987215948268057,-0.03834488366631542,0.0,-0.56898,0.9908100000000001,9.623610000000001
99782827285,21.97,-0.039409534510031964,-0.06391395720803235,0.002129301687433082,-0.40221,0.8829,9.67266
99787877790,21.97,-0.05539675045830002,-0.0852244273748831,0.004258603374866164,-0.24525000000000002,0.7749900000000001,9.7119
99792928295,21.97,-0.06391395720803235,-0.09800023749948161,-0.001064650843716541,-0.04905,0.6670800000000001,9.81
99797978800,21.97,-0.06284930636431581,-0.09374163412461543,-0.001064650843716541,0.15696000000000002,0.60822,9.908100000000001
99803029305,21.97,-0.04366813788489812,-0.08309512568745003,0.0,0.34335000000000004,0.51993,9.888480000000001
99808079810,21.97,-0.039409534510031964,-0.05539675045830002,-0.002129301687433082,0.49050000000000005,0.50031,9.86886
99813130315,21.97,-0.023439771854283843,-0.021310470166850764,0.0,0.5493600000000001,0.50031,9.81
99818180820,21.97,-0.012775810124598492,0.0170518667919846,-0.001064650843716541,0.51012,0.47088,9.83943
99823231325,21.97,0.0,0.054332099614583476,-0.001064650843716541,0.30411,0.52974,9.84924
99828281830,21.97,0.014905111812031574,0.08096582400001695,-0.001064650843716541,0.14715,0.63765,9.85905
99833332335,21.97,0.028763026072866547,0.09054768159346581,0.0,-0.05886,0.8338500000000001,9.87867
99838382840,21.97,0.03515093113516579,0.07990117315630041,-0.002129301687433082,-0.18639,0.9908100000000001,9.819809999999999
99843433345,21.97,0.02769837522915001,0.05752605214573309,-0.001064650843716541,-0.28449,1.03986,9.7119
99848483850,21.97,0.004258603374866164,0.03515093113516579,-0.003193952531149623,-0.33354000000000006,1.03005,9.623610000000001
99853534355,21.97,-0.022375121010567305,0.007452555906015787,0.001064650843716541,-0.37278,0.90252,9.633420000000001
99858584860,21.97,-0.044732788728614664,-0.0170518667919846,-0.001064650843716541,-0.37278,0.7848,9.7119
99863635365,21.97,-0.046879543708567686,-0.03834488366631542,0.002129301687433082,-0.30411,0.65727,9.81
99868685870,21.97,-0.03728023282259888,-0.05752605214573309,0.003193952531149623,-0.21582,0.60822,9.89829
99873736375,21.97,-0.028763026072866547,-0.06710790973918197,0.0,-0.06867000000000001,0.63765,9.819809999999999
99878786880,21.97,-0.013840460968315033,-0.06284930636431581,0.0,0.11772,0.6867000000000001,9.70209
99883837385,21.97,-0.008517206749732328,-0.04366813788489812,-0.002129301687433082,0.28449,0.8240400000000001,9.5157
99888887890,21.97,-0.006387905062299246,-0.02556907354171693,0.002129301687433082,0.3924,0.89271,9.45684
99893938395,21.97,-0.020245819323134222,-0.005323254218582705,-0.002129301687433082,0.42183,0.8338500000000001,9.43722
99898988900,21.97,-0.03408628029144926,0.0170518667919846,-0.003193952531149623,0.3924,0.72594,9.50589
99904039405,21.97,-0.02982767691658309,0.03728023282259888,-0.001064650843716541,0.1962,0.60822,9.633420000000001
99909089910,21.97,-0.023439771854283843,0.054332099614583476,0.0,0.009810000000000001,0.56898,9.74133
99914140415,21.97,-0.01064650843716541,0.05007349623971732,-0.001064650843716541,-0.10791,0.64746,9.760950000000001
99919190920,21.97,0.001064650843716541,0.0404741853537485,0.0,-0.18639,0.79461,9.74133
99924241425,21.97,0.008517206749732328,0.02663372438543347,-0.003193952531149623,-0.18639,0.9711900000000001,9.65304
99929291930,21.97,0.007452555906015787,0.021310470166850764,0.0,-0.16677000000000003,1.02024,9.6138
99934342435,21.97,-0.013840460968315033,0.02556907354171693,0.0,-0.20601000000000003,0.89271,9.55494
99939392940,21.97,-0.0404741853537485,0.01918116847941768,0.0,-0.30411,0.75537,9.5157
99944443445,21.97,-0.05113814708343386,0.01918116847941768,0.0,-0.40221,0.6180300000000001,9.64323
99949493950,21.97,-0.049008845396000776,0.023439771854283843,0.0,-0.48069000000000006,0.5493600000000001,9.82962
99954544455,21.97,-0.03728023282259888,0.02663372438543347,0.001064650843716541,-0.5395500000000001,0.52974,9.94734
99959594960,21.97,-0.0170518667919846,0.01811651763570114,0.0,-0.57879,0.6180300000000001,9.908100000000001
99964645465,21.97,-0.006387905062299246,0.001064650843716541,0.0,-0.5591700000000001,0.70632,9.89829
99969695970,21.97,-0.012775810124598492,-0.015987215948268057,0.0,-0.50031,0.8240400000000001,9.82962
99974746475,21.97,-0.020245819323134222,-0.04153883619746504,0.003193952531149623,-0.37278,0.86328,9.83943
99979796980,21.97,-0.0404741853537485,-0.06178465552059926,0.0,-0.22563,0.87309,9.91791
99984847485,21.97,-0.049008845396000776,-0.08309512568745003,0.001064650843716541,-0.06867000000000001,0.8338500000000001,10.01601
99989897990,21.97,-0.05220279792715039,-0.10012953918691468,0.002129301687433082,0.16677000000000003,0.7749900000000001,10.045440000000001
99994948495,21.97,-0.05220279792715039,-0.11611675513518273,0.0,0.44145,0.5493600000000001,9.99639
99999999000,21.97,-0.06284930636431581,-0.09587093581204853,0.0,0.69651,0.43164,9.85905
100005049505,21.97,-0.05539675045830002,-0.05113814708343386,-0.002129301687433082,0.7848,0.26487,9.68247
100010100010,21.97,-0.028763026072866547,0.0,0.001064650843716541,0.7651800000000001,0.40221,9.55494
100015150515,21.97,-0.003193952531149623,0.039409534510031964,0.001064650843716541,0.6867000000000001,0.5591700000000001,9.67266
100020201020,21.97,0.023439771854283843,0.07243116395776468,-0.002129301687433082,0.5493600000000001,0.64746,9.86886
100025251525,21.97,0.02982767691658309,0.10332349171806432,-0.003193952531149623,0.30411,0.70632,9.87867
100030302030,21.97,0.03089232776029963,0.1171814059788993,-0.002129301687433082,0.009810000000000001,0.75537,9.66285
100035352535,21.97,0.028763026072866547,0.12569861272863161,-0.002129301687433082,-0.24525000000000002,0.8829,9.57456
100040403040,21.97,0.022375121010567305,0.13102186694721432,-0.002129301687433082,-0.50031,1.02024,9.5157
100045453545,21.97,0.01064650843716541,0.10653489754173388,0.002129301687433082,-0.6867000000000001,1.10853,9.50589
100050504050,21.97,-0.007452555906015787,0.04794419455228423,0.0,-0.8142300000000001,1.08891,9.45684
100055554555,21.97,-0.031956978604016174,-0.001064650843716541,-0.001064650843716541,-0.8338500000000001,0.94176,9.496080000000001
100060605060,21.97,-0.060720004676882725,-0.031956978604016174,0.0,-0.7749900000000001,0.73575,9.60399
100065655565,21.97,-0.06817256058289851,-0.06497860805174888,0.0,-0.65727,0.65727,9.66285
100070706070,21.97,-0.06817256058289851,-0.09161233243718235,0.0,-0.5395500000000001,0.60822,9.84924
100075756575,21.97,-0.06391395720803235,-0.12463396188491506,0.002129301687433082,-0.24525000000000002,0.64746,9.95715
100080807080,21.97,-0.05646140130201656,-0.1352804703220805,0.001064650843716541,0.04905,0.65727,9.91791
100085857585,21.97,-0.05007349623971732,-0.10759954838545042,0.0,0.36297,0.56898,9.83943
100090908090,21.97,-0.05007349623971732,-0.06391395720803235,0.002129301687433082,0.51012,0.5395500000000001,9.66285
100095958595,21.97,-0.04153883619746504,-0.01811651763570114,0.0,0.5395500000000001,0.51012,9.65304
100101009100,21.97,-0.03408628029144926,0.00958185759344887,0.0,0.51012,0.51012,9.83943
100106059605,21.97,-0.024504422698000388,0.02982767691658309,0.0,0.40221,0.48069000000000006,9.937529999999999
100111110110,21.97,-0.014905111812031574,0.044732788728614664,0.0,0.25506,0.46107000000000004,9.98658
100116160615,21.97,0.0,0.05326744877086694,0.001064650843716541,0.11772,0.59841,9.95715
100121211120,21.97,0.013840460968315033,0.04794419455228423,-0.003193952531149623,0.009810000000000001,0.75537,9.888480000000001
100126261625,21.97,0.014905111812031574,0.0404741853537485,-0.002129301687433082,-0.009810000000000001,0.89271,9.819809999999999
100131312130,21.97,0.004258603374866164,0.033021629447732716,-0.006387905062299246,-0.05886,0.90252,9.69228
100136362635,21.97,-0.012775810124598492,0.033021629447732716,-0.002129301687433082,-0.0981,0.8240400000000001,9.56475
100141413140,21.97,-0.02769837522915001,0.04153883619746504,-0.001064650843716541,-0.18639,0.74556,9.496080000000001
100146463645,21.97,-0.031956978604016174,0.05752605214573309,0.001064650843716541,-0.35316,0.6670800000000001,9.60399
100151514150,21.97,-0.033021629447732716,0.0404741853537485,0.0,-0.50031,0.6278400000000001,9.751140000000001
100156564655,21.97,-0.02769837522915001,0.013840460968315033,-0.001064650843716541,-0.5395500000000001,0.59841,9.751140000000001
100161615160,21.97,-0.021310470166850764,-0.004258603374866164,0.001064650843716541,-0.51012,0.64746,9.74133
100166665665,21.97,-0.012775810124598492,-0.0170518667919846,0.0,-0.48069000000000006,0.8142300000000001,9.58437
100171716170,21.97,-0.0170518667919846,-0.03089232776029963,-0.001064650843716541,-0.33354000000000006,0.9319500000000001,9.58437
100176766675,21.97,-0.033021629447732716,-0.05965535383316618,0.001064650843716541,-0.17658,0.9613800000000001,9.623610000000001
100181817180,21.97,-0.05007349623971732,-0.10012953918691468,0.004258603374866164,0.039240000000000004,0.95157,9.60399
100186867685,21.97,-0.07883652231258387,-0.11079350091660004,0.0,0.2943,0.8142300000000001,9.69228
100191918190,21.97,-0.0852244273748831,-0.09480628496833199,0.0,0.51993,0.56898,9.760950000000001
100196968695,21.97,-0.08841837990603273,-0.05326744877086694,0.003193952531149623,0.5886,0.28449,9.79038
100202019200,21.97,-0.07670722062515077,-0.01811651763570114,0.0,0.51993,0.14715,9.81
100207069705,21.97,-0.05007349623971732,0.015987215948268057,0.0,0.44145,0.08829,9.888480000000001
100212120210,21.97,-0.01918116847941768,0.05539675045830002,-0.002129301687433082,0.2943,0.24525000000000002,9.94734
100217170715,21.97,0.01811651763570114,0.10332349171806432,-0.002129301687433082,0.11772,0.45126,9.97677
100222221220,21.97,0.0404741853537485,0.13208651779093086,0.0,-0.0981,0.65727,10.06506
100227271725,21.97,0.0404741853537485,0.12463396188491506,-0.001064650843716541,-0.3924,0.95157,9.908100000000001
100232322230,21.97,0.03408628029144926,0.07990117315630041,0.003193952531149623,-0.5493600000000001,1.08891,9.84924
100237372735,21.97,0.004258603374866164,0.02663372438543347,0.003193952531149623,-0.56898,1.0791000000000002,9.760950000000001
100242423240,21.97,-0.02769837522915001,-0.02769837522915001,0.002129301687433082,-0.5395500000000001,0.95157,9.623610000000001
100247473745,21.97,-0.05752605214573309,-0.06710790973918197,-0.001064650843716541,-0.37278,0.80442,9.60399
100252524250,21.97,-0.07243116395776468,-0.07990117315630041,0.002129301687433082,-0.20601000000000003,0.64746,9.60399
100257574755,21.97,-0.07670722062515077,-0.08628907821859966,0.003193952531149623,-0.05886,0.5493600000000001,9.68247
100262625260,21.97,-0.0756251164889143,-0.08735372906231618,0.0,0.0981,0.42183,9.751140000000001
100267675765,21.97,-0.06817256058289851,-0.05646140130201656,-0.001064650843716541,0.21582,0.2943,9.73152
100272726270,21.97,-0.044732788728614664,-0.022375121010567305,0.001064650843716541,0.26487,0.36297,9.7119
100277776775,21.97,-0.022375121010567305,0.0,0.0,0.30411,0.51993,9.7119
100282827280,21.97,-0.006387905062299246,0.012775810124598492,0.002129301687433082,0.26487,0.6670800000000001,9.73152
100287877785,21.97,0.003193952531149623,0.008517206749732328,0.0,0.30411,0.85347,9.623610000000001
100292928290,21.97,-0.002129301687433082,0.015987215948268057,-0.001064650843716541,0.32373,0.9221400000000001,9.53532
100297978795,21.97,-0.024504422698000388,0.04260348704118158,-0.001064650843716541,0.23544,0.7749900000000001,9.50589
100303029300,21.97,-0.04153883619746504,0.06817256058289851,-0.002129301687433082,0.04905,0.6768900000000001,9.496080000000001
100308079805,21.97,-0.04581489286485115,0.07670722062515077,-0.005323254218582705,-0.17658,0.52974,9.66285
100313130310,21.97,-0.044732788728614664,0.07136651311404815,0.0,-0.3924,0.47088,9.760950000000001
100318180815,21.97,-0.049008845396000776,0.04581489286485115,-0.001064650843716541,-0.52974,0.50031,9.819809999999999
100323231320,21.97,-0.03621558197888234,0.008517206749732328,0.001064650843716541,-0.52974,0.56898,9.92772
100328281825,21.97,-0.028763026072866547,-0.02556907354171693,0.0,-0.48069000000000006,0.74556,10.006200000000002
100333332330,21.97,-0.021310470166850764,-0.06923721142661506,0.0,-0.30411,0.8829,9.91791
100338382835,21.97,-0.031956978604016174,-0.09587093581204853,0.0,-0.019620000000000002,0.89271,9.89829
100343433340,21.97,-0.06178465552059926,-0.09267698328089889,-0.001064650843716541,0.1962,0.6768900000000001,9.83943
100348483845,21.97,-0.0756251164889143,-0.06817256058289851,0.0,0.33354000000000006,0.40221,9.72171
100353534350,21.97,-0.0756251164889143,-0.021310470166850764,0.0,0.34335000000000004,0.17658,9.72171
100358584855,21.97,-0.06604325889546543,0.0170518667919846,0.001064650843716541,0.1962,0.14715,9.770760000000001
100363635360,21.97,-0.03728023282259888,0.031956978604016174,0.002129301687433082,0.0981,0.33354000000000006,9.94734
100368685865,21.97,0.005323254218582705,0.02982767691658309,0.0,0.11772,0.5395500000000001,10.01601
100373736370,21.97,0.01918116847941768,0.024504422698000388,-0.001064650843716541,0.12753,0.7848,9.92772
100378786875,21.97,0.005323254218582705,0.01811651763570114,0.0,0.10791,0.9123300000000001,9.770760000000001
100383837380,21.97,-0.005323254218582705,0.02769837522915001,0.0,0.06867000000000001,0.84366,9.623610000000001
100388887885,21.97,-0.020245819323134222,0.039409534510031964,-0.002129301687433082,0.0,0.69651,9.496080000000001
100393938390,21.97,-0.04581489286485115,0.046879543708567686,-0.004258603374866164,-0.14715,0.64746,9.45684
100398988895,21.97,-0.05113814708343386,0.05007349623971732,-0.001064650843716541,-0.28449,0.51993,9.54513
100404039400,21.97,-0.04794419455228423,0.031956978604016174,0.0,-0.3924,0.52974,9.60399
100409089905,21.97,-0.03621558197888234,0.0,0.0,-0.38259000000000004,0.69651,9.623610000000001
100414140410,21.97,-0.02982767691658309,-0.03621558197888234,0.001064650843716541,-0.27468000000000004,0.8829,9.70209
100419190915,21.97,-0.03515093113516579,-0.06923721142661506,0.003193952531149623,-0.06867000000000001,0.90252,9.74133
100424241420,21.97,-0.05646140130201656,-0.09374163412461543,0.0,0.16677000000000003,0.7749900000000001,9.7119
100429291925,21.97,-0.07883652231258387,-0.06923721142661506,-0.001064650843716541,0.31392000000000003,0.45126,9.65304
100434342430,21.97,-0.08841837990603273,-0.011711159280881954,-0.001064650843716541,0.24525000000000002,0.18639,9.60399
100439392935,21.97,-0.07243116395776468,0.011711159280881954,0.005323254218582705,0.13734000000000002,0.11772,9.67266
100444443440,21.97,-0.05326744877086694,0.023439771854283843,-0.001064650843716541,0.04905,0.22563,9.92772
100449493945,21.97,-0.02556907354171693,0.028763026072866547,0.0,0.0,0.45126,10.01601
100454544450,21.97,0.002129301687433082,0.021310470166850764,0.0,0.04905,0.74556,9.937529999999999
100459594955,21.97,0.0,0.014905111812031574,-0.002129301687433082,0.0981,0.84366,10.006200000000002
100464645460,21.97,-0.012775810124598492,0.020245819323134222,-0.002129301687433082,0.039240000000000004,0.74556,9.87867
100469695965,21.97,-0.03515093113516579,0.02982767691658309,-0.002129301687433082,-0.05886,0.57879,9.68247
100474746470,21.97,-0.05113814708343386,0.031956978604016174,0.0,-0.18639,0.44145,9.73152
100479796975,21.97,-0.05646140130201656,0.022375121010567305,0.001064650843716541,-0.27468000000000004,0.41202000000000005,9.69228
100484847480,21.97,-0.044732788728614664,0.006387905062299246,0.0,-0.28449,0.51993,9.80019
100489897985,21.97,-0.024504422698000388,-0.005323254218582705,0.0,-0.21582,0.64746,9.819809999999999
100494948490,21.97,-0.020245819323134222,-0.03089232776029963,0.0,-0.12753,0.8142300000000001,9.770760000000001
100499998995,21.97,-0.03834488366631542,-0.05220279792715039,0.0,0.019620000000000002,0.7848,9.72171
100505049500,21.97,-0.05007349623971732,-0.03621558197888234,-0.001064650843716541,0.10791,0.57879,9.73152
100510100005,21.97,-0.06497860805174888,-0.021310470166850764,0.002129301687433082,0.0981,0.40221,9.59418
100515150510,21.97,-0.07777187146886733,-0.014905111812031574,-0.002129301687433082,0.08829,0.40221,9.60399
100520201015,21.97,-0.05220279792715039,-0.00958185759344887,0.002129301687433082,0.12753,0.40221,9.760950000000001
100525251520,21.97,-0.0404741853537485,-0.001064650843716541,0.0,0.11772,0.45126,9.78057
100530302025,21.97,-0.02769837522915001,0.004258603374866164,0.0,0.11772,0.5886,9.70209
100535352530,21.97,-0.020245819323134222,0.023439771854283843,0.0,0.11772,0.6180300000000001,9.73152
100540403035,21.97,-0.03089232776029963,0.02982767691658309,0.004258603374866164,0.05886,0.60822,9.70209
100545453540,21.97,-0.049008845396000776,0.022375121010567305,0.0,-0.019620000000000002,0.60822,9.74133
100550504045,21.97,-0.04581489286485115,0.011711159280881954,0.0,-0.06867000000000001,0.52974,9.84924
100555554550,21.97,-0.04581489286485115,0.004258603374866164,0.0,-0.12753,0.45126,9.82962
100560605055,21.97,-0.046879543708567686,-0.0,-0.001064650843716541,-0.13734000000000002,0.48069000000000006,9.79038
100565655560,21.97,-0.03728023282259888,0.014905111812031574,0.001064650843716541,-0.15696000000000002,0.49050000000000005,9.81
100570706065,21.97,-0.03515093113516579,0.01918116847941768,0.0,-0.14715,0.50031,9.74133
100575756570,21.97,-0.039409534510031964,-0.003193952531149623,0.0,-0.17658,0.60822,9.68247
100580807075,21.97,-0.046879543708567686,-0.028763026072866547,0.0,-0.08829,0.6768900000000001,9.751140000000001
100585857580,21.97,-0.05113814708343386,-0.03834488366631542,0.001064650843716541,0.019620000000000002,0.6278400000000001,9.83943
100590908085,21.97,-0.05539675045830002,-0.03834488366631542,0.001064650843716541,0.08829,0.57879,9.819809999999999
100595958590,21.97,-0.05752605214573309,-0.022375121010567305,0.0,0.14715,0.43164,9.84924
100601009095,21.97,-0.05113814708343386,-0.01064650843716541,0.0,0.0981,0.30411,9.760950000000001
100606059600,21.97,-0.05326744877086694,-0.001064650843716541,-0.002129301687433082,0.07848000000000001,0.35316,9.623610000000001
100611110105,21.97,-0.039409534510031964,0.00958185759344887,0.002129301687433082,0.07848000000000001,0.43164,9.67266
100616160610,21.97,-0.033021629447732716,0.020245819323134222,0.002129301687433082,0.06867000000000001,0.5395500000000001,9.7119
100621211115,21.97,-0.02982767691658309,0.01918116847941768,0.0,0.04905,0.6278400000000001,9.760950000000001
100626261620,21.97,-0.03515093113516579,0.020245819323134222,-0.001064650843716541,0.019620000000000002,0.63765,9.85905
100631312125,21.97,-0.04153883619746504,0.014905111812031574,0.0,-0.04905,0.51012,9.87867
100636362630,21.97,-0.05220279792715039,0.007452555906015787,-0.002129301687433082,-0.10791,0.41202000000000005,9.80019
100641413135,21.97,-0.05007349623971732,0.008517206749732328,0.0,-0.13734000000000002,0.35316,9.80019
100646463640,21.97,-0.049008845396000776,0.003193952531149623,0.003193952531149623,-0.15696000000000002,0.36297,9.74133
100651514145,21.97,-0.044732788728614664,-0.00958185759344887,0.0,-0.13734000000000002,0.57879,9.68247
100656564650,21.97,-0.033021629447732716,-0.01811651763570114,0.002129301687433082,-0.04905,0.71613,9.72171
100661615155,21.97,-0.03728023282259888,-0.022375121010567305,0.0,0.05886,0.6867000000000001,9.82962
100666665660,21.97,-0.05007349623971732,-0.02663372438543347,0.0,0.08829,0.6180300000000001,9.74133
100671716165,21.97,-0.06497860805174888,-0.024504422698000388,0.0,0.10791,0.43164,9.72171
100676766670,21.97,-0.07883652231258387,-0.01811651763570114,-0.002129301687433082,0.13734000000000002,0.24525000000000002,9.7119
100681817175,21.97,-0.07030186227033158,-0.020245819323134222,-0.001064650843716541,0.12753,0.23544,9.73152
100686867680,21.97,-0.05113814708343386,0.005323254218582705,-0.002129301687433082,0.16677000000000003,0.33354000000000006,9.79038
100691918185,21.97,-0.028763026072866547,0.03408628029144926,0.001064650843716541,0.0981,0.40221,9.72171
100696968690,21.97,-0.01918116847941768,0.03834488366631542,-0.001064650843716541,0.02943,0.57879,9.72171
100702019195,21.97,-0.020245819323134222,0.04153883619746504,-0.001064650843716541,-0.009810000000000001,0.6180300000000001,9.78057
100707069700,21.97,-0.03408628029144926,0.033021629447732716,0.0,-0.10791,0.5493600000000001,9.7119
100712120205,21.97,-0.05326744877086694,0.0170518667919846,-0.002129301687433082,-0.16677000000000003,0.5591700000000001,9.70209
100717170710,21.97,-0.054332099614583476,0.0170518667919846,0.002129301687433082,-0.20601000000000003,0.49050000000000005,9.83943
100722221215,21.97,-0.060720004676882725,0.00958185759344887,0.0,-0.27468000000000004,0.38259000000000004,9.85905
100727271720,21.97,-0.05326744877086694,-0.013840460968315033,0.0,-0.24525000000000002,0.43164,9.84924
100732322225,21.97,-0.04794419455228423,-0.03621558197888234,0.0,-0.14715,0.46107000000000004,9.78057
100737372730,21.97,-0.05113814708343386,-0.05220279792715039,0.001064650843716541,-0.009810000000000001,0.5395500000000001,9.74133
100742423235,21.97,-0.05752605214573309,-0.05007349623971732,-0.002129301687433082,0.14715,0.56898,9.69228
100747473740,21.97,-0.06178465552059926,-0.021310470166850764,0.001064650843716541,0.24525000000000002,0.40221,9.78057
100752524245,21.97,-0.07136651311404815,-0.011711159280881954,0.0,0.20601000000000003,0.35316,9.79038
100757574750,21.97,-0.06284930636431581,-0.01064650843716541,-0.001064650843716541,0.17658,0.2943,9.86886
100762625255,21.97,-0.05326744877086694,0.0,0.001064650843716541,0.20601000000000003,0.21582,9.82962
100767675760,21.97,-0.046879543708567686,0.004258603374866164,0.0,0.15696000000000002,0.31392000000000003,9.72171
100772726265,21.97,-0.028763026072866547,0.023439771854283843,-0.002129301687433082,0.14715,0.44145,9.69228
100777776770,21.97,-0.01918116847941768,0.049008845396000776,0.003193952531149623,0.07848000000000001,0.5493600000000001,9.7119
100782827275,21.97,-0.02556907354171693,0.04794419455228423,0.0,-0.019620000000000002,0.6278400000000001,9.66285
100787877780,21.97,-0.03834488366631542,0.03515093113516579,-0.002129301687433082,-0.0981,0.60822,9.74133
100792928285,21.97,-0.05326744877086694,0.023439771854283843,0.0,-0.17658,0.44145,9.79038
100797978790,21.97,-0.06178465552059926,0.007452555906015787,0.003193952531149623,-0.24525000000000002,0.3924,9.73152
100803029295,21.97,-0.06284930636431581,0.01064650843716541,0.0,-0.28449,0.34335000000000004,9.85905
100808079800,21.97,-0.05113814708343386,-0.004258603374866164,0.002129301687433082,-0.30411,0.37278,9.82962
100813130305,21.97,-0.046879543708567686,-0.02982767691658309,0.001064650843716541,-0.24525000000000002,0.45126,9.78057
100818180810,21.97,-0.05220279792715039,-0.04366813788489812,0.002129301687433082,-0.06867000000000001,0.51012,9.78057
100823231315,21.97,-0.054332099614583476,-0.05113814708343386,0.003193952531149623,0.04905,0.51993,9.73152
100828281820,21.97,-0.06497860805174888,-0.0404741853537485,0.0,0.16677000000000003,0.48069000000000006,9.72171
100833332325,21.97,-0.07243116395776468,-0.02663372438543347,0.001064650843716541,0.22563,0.3924,9.79038
100838382830,21.97,-0.07456046564519776,-0.0170518667919846,0.001064650843716541,0.21582,0.25506,9.81
100843433335,21.97,-0.07030186227033158,-0.014905111812031574,-0.001064650843716541,0.22563,0.15696000000000002,9.81
100848483840,21.97,-0.05859070298944965,-0.005323254218582705,0.002129301687433082,0.21582,0.15696000000000002,9.819809999999999
100853534345,21.97,-0.04153883619746504,0.020245819323134222,0.0,0.16677000000000003,0.24525000000000002,9.73152
100858584850,21.97,-0.02556907354171693,0.039409534510031964,0.0,0.10791,0.42183,9.7119
100863635355,21.97,-0.01811651763570114,0.04153883619746504,-0.001064650843716541,0.04905,0.56898,9.751140000000001
100868685860,21.97,-0.02769837522915001,0.033021629447732716,0.0,0.0,0.5886,9.751140000000001
100873736365,21.97,-0.05113814708343386,0.02556907354171693,-0.001064650843716541,-0.0981,0.47088,9.78057
100878786870,21.97,-0.05752605214573309,0.01811651763570114,0.0,-0.15696000000000002,0.35316,9.79038
100883837375,21.97,-0.06284930636431581,0.00958185759344887,0.002129301687433082,-0.21582,0.27468000000000004,9.81
100888887880,21.97,-0.06497860805174888,-0.004258603374866164,0.001064650843716541,-0.23544,0.31392000000000003,9.81
100893938385,21.97,-0.054332099614583476,-0.02769837522915001,0.0,-0.14715,0.38259000000000004,9.81
100898988890,21.97,-0.05220279792715039,-0.03621558197888234,0.0,-0.02943,0.41202000000000005,9.79038
100904039395,21.97,-0.05113814708343386,-0.03621558197888234,0.0,0.06867000000000001,0.44145,9.751140000000001
100909089900,21.97,-0.05752605214573309,-0.023439771854283843,-0.002129301687433082,0.12753,0.41202000000000005,9.74133
100914140405,21.97,-0.06604325889546543,-0.001064650843716541,0.0,0.13734000000000002,0.32373,9.73152
100919190910,21.97,-0.06923721142661506,-0.004258603374866164,0.001064650843716541,0.07848000000000001,0.24525000000000002,9.73152
100924241415,21.97,-0.06391395720803235,-0.004258603374866164,-0.002129301687433082,0.08829,0.22563,9.819809999999999
100929291920,21.97,-0.05220279792715039,-0.001064650843716541,0.0,0.08829,0.30411,9.78057
100934342425,21.97,-0.03621558197888234,0.006387905062299246,0.001064650843716541,0.0981,0.40221,9.73152
100939392930,21.97,-0.02663372438543347,0.01811651763570114,0.001064650843716541,0.10791,0.46107000000000004,9.78057
100944443435,21.97,-0.03728023282259888,0.020245819323134222,0.0,0.07848000000000001,0.47088,9.65304
100949493940,21.97,-0.054332099614583476,0.008517206749732328,0.0,0.009810000000000001,0.3924,9.66285
100954544445,21.97,-0.07243116395776468,0.011711159280881954,0.0,0.0,0.30411,9.72171
100959594950,21.97,-0.07349581480148122,0.00958185759344887,0.0,-0.0981,0.28449,9.78057
100964645455,21.97,-0.060720004676882725,0.001064650843716541,0.0,-0.06867000000000001,0.32373,9.937529999999999
100969695960,21.97,-0.05007349623971732,-0.008517206749732328,0.0,-0.07848000000000001,0.2943,10.025820000000001
100974746465,21.97,-0.04794419455228423,-0.023439771854283843,0.0,-0.039240000000000004,0.24525000000000002,9.83943
100979796970,21.97,-0.05859070298944965,-0.02769837522915001,0.0,0.04905,0.2943,9.73152
100984847475,21.97,-0.05646140130201656,-0.015987215948268057,0.0,0.0981,0.32373,9.623610000000001
100989897980,21.97,-0.05965535383316618,0.001064650843716541,0.0,0.12753,0.38259000000000004,9.69228
100994948485,21.97,-0.06178465552059926,0.005323254218582705,0.0,0.13734000000000002,0.35316,9.87867
100999998990,21.97,-0.05752605214573309,-0.003193952531149623,0.0,0.07848000000000001,0.21582,9.91791
101005049495,21.97,-0.06391395720803235,-0.005323254218582705,0.0,0.06867000000000001,0.14715,9.819809999999999
101010100000,21.97,-0.049008845396000776,-0.002129301687433082,0.0,0.06867000000000001,0.18639,9.78057
101015150505,21.97,-0.039409534510031964,0.01811651763570114,0.0,0.05886,0.2943,9.73152
101020201010,21.97,-0.039409534510031964,0.02556907354171693,0.0,0.009810000000000001,0.37278,9.67266
101025251515,21.97,-0.0404741853537485,0.01918116847941768,0.0,-0.02943,0.41202000000000005,9.74133
101030302020,21.97,-0.05113814708343386,0.01064650843716541,0.0,-0.05886,0.33354000000000006,9.80019
101035352525,21.97,-0.060720004676882725,0.001064650843716541,0.0,-0.05886,0.2943,9.69228
101040403030,21.97,-0.06284930636431581,-0.003193952531149623,0.0,-0.08829,0.33354000000000006,9.79038
101045453535,21.97,-0.06284930636431581,-0.007452555906015787,0.0,-0.039240000000000004,0.30411,9.87867
101050504040,21.97,-0.060720004676882725,-0.020245819323134222,0.0,0.0,0.30411,9.84924
101055554545,21.97,-0.06391395720803235,-0.03089232776029963,0.0,0.06867000000000001,0.21582,9.83943
101060605050,21.97,-0.06284930636431581,-0.021310470166850764,0.0,0.0981,0.16677000000000003,9.67266
101065655555,21.97,-0.05965535383316618,-0.013840460968315033,0.0,0.10791,0.24525000000000002,9.55494
101070706060,21.97,-0.054332099614583476,-0.001064650843716541,0.0,0.14715,0.36297,9.70209
101075756565,21.97,-0.049008845396000776,0.003193952531149623,0.0,0.18639,0.35316,9.82962
101080807070,21.97,-0.05752605214573309,0.002129301687433082,0.0,0.17658,0.28449,9.81
101085857575,21.97,-0.06178465552059926,0.007452555906015787,0.0,0.08829,0.15696000000000002,9.82962
101090908080,21.97,-0.05965535383316618,0.012775810124598492,0.0,0.02943,0.12753,9.73152
101095958585,21.97,-0.05859070298944965,0.01811651763570114,0.0,-0.019620000000000002,0.20601000000000003,9.68247
101101009090,21.97,-0.05113814708343386,0.012775810124598492,0.0,-0.019620000000000002,0.33354000000000006,9.78057
101106059595,21.97,-0.05007349623971732,0.002129301687433082,0.0,0.0,0.35316,9.81
101111110100,21.97,-0.05539675045830002,-0.003193952531149623,0.0,0.019620000000000002,0.32373,9.81
101116160605,21.97,-0.06497860805174888,0.0,0.0,-0.009810000000000001,0.24525000000000002,9.81
101121211110,21.97,-0.06817256058289851,0.001064650843716541,0.0,-0.039240000000000004,0.15696000000000002,9.82962
101126261615,21.97,-0.07030186227033158,-0.004258603374866164,0.0,-0.05886,0.13734000000000002,9.86886
101131312120,21.97,-0.06391395720803235,-0.012775810124598492,0.0,-0.04905,0.12753,9.888480000000001
101136362625,21.97,-0.05326744877086694,-0.020245819323134222,0.0,0.04905,0.18639,9.82962
101141413130,21.97,-0.05539675045830002,-0.020245819323134222,0.0,0.0981,0.24525000000000002,9.80019
101146463635,21.97,-0.05007349623971732,-0.01918116847941768,0.0,0.16677000000000003,0.31392000000000003,9.760950000000001
101151514140,21.97,-0.054332099614583476,-0.012775810124598492,0.0,0.22563,0.2943,9.74133
101156564645,21.97,-0.06178465552059926,-0.006387905062299246,0.0,0.22563,0.26487,9.69228
101161615150,21.97,-0.06817256058289851,0.004258603374866164,0.0,0.18639,0.11772,9.770760000000001
101166665655,21.97,-0.07136651311404815,0.031956978604016174,0.0,0.07848000000000001,0.04905,9.80019
101171716160,21.97,-0.06284930636431581,0.03515093113516579,0.0,0.0,0.04905,9.79038
101176766665,21.97,-0.05113814708343386,0.031956978604016174,0.0,-0.08829,0.12753,9.84924
101181817170,21.97,-0.03834488366631542,0.014905111812031574,0.0,-0.0981,0.26487,9.81
101186867675,21.97,-0.033021629447732716,-0.001064650843716541,0.0,-0.0981,0.37278,9.69228
101191918180,21.97,-0.04581489286485115,-0.003193952531149623,0.0,-0.039240000000000004,0.41202000000000005,9.81
101196968685,21.97,-0.05965535383316618,0.0,0.0,-0.039240000000000004,0.28449,9.751140000000001
101202019190,21.97,-0.07670722062515077,-0.014905111812031574,0.0,-0.02943,0.20601000000000003,9.73152
101207069695,21.97,-0.07883652231258387,-0.033021629447732716,0.0,-0.019620000000000002,0.14715,9.81
101212120200,21.97,-0.07136651311404815,-0.04153883619746504,0.0,0.0981,0.11772,9.82962
101217170705,21.97,-0.0756251164889143,-0.039409534510031964,0.0,0.1962,0.07848000000000001,9.80019
101222221210,21.97,-0.06710790973918197,-0.012775810124598492,0.0,0.26487,0.05886,9.81
101227271715,21.97,-0.05965535383316618,0.005323254218582705,0.0,0.22563,0.07848000000000001,9.68247
101232322220,21.97,-0.05646140130201656,0.012775810124598492,0.0,0.18639,0.12753,9.760950000000001
101237372725,21.97,-0.05113814708343386,0.008517206749732328,0.0,0.17658,0.25506,9.83943
101242423230,21.97,-0.049008845396000776,0.013840460968315033,0.0,0.16677000000000003,0.20601000000000003,9.82962
101247473735,21.97,-0.05220279792715039,0.03089232776029963,0.0,0.07848000000000001,0.17658,9.819809999999999
101252524240,21.97,-0.05220279792715039,0.04260348704118158,0.0,-0.009810000000000001,0.14715,9.819809999999999
101257574745,21.97,-0.054332099614583476,0.04153883619746504,0.0,-0.12753,0.13734000000000002,9.80019
101262625250,21.97,-0.05326744877086694,0.013840460968315033,0.005323254218582705,-0.17658,0.17658,9.751140000000001
101267675755,21.97,-0.05965535383316618,-0.008517206749732328,-0.003193952531149623,-0.13734000000000002,0.26487,9.79038
101272726260,21.97,-0.06284930636431581,-0.02769837522915001,0.002129301687433082,-0.05886,0.27468000000000004,9.85905
101277776765,21.97,-0.06817256058289851,-0.03515093113516579,0.001064650843716541,0.02943,0.20601000000000003,9.908100000000001
101282827270,21.97,-0.07030186227033158,-0.03089232776029963,0.001064650843716541,0.07848000000000001,0.10791,9.888480000000001
101287877775,21.97,-0.07456046564519776,-0.028763026072866547,0.001064650843716541,0.10791,0.02943,9.83943
101292928280,21.97,-0.07030186227033158,-0.031956978604016174,0.0,0.16677000000000003,0.0,9.770760000000001
101297978785,21.97,-0.06497860805174888,-0.021310470166850764,0.0,0.21582,0.009810000000000001,9.82962
101303029290,21.97,-0.06817256058289851,-0.002129301687433082,0.0,0.24525000000000002,0.0,9.74133
101308079795,21.97,-0.046879543708567686,0.007452555906015787,0.0,0.25506,0.15696000000000002,9.70209
101313130300,21.97,-0.03728023282259888,0.021310470166850764,0.0,0.20601000000000003,0.24525000000000002,9.79038
101318180805,21.97,-0.03834488366631542,0.031956978604016174,-0.001064650843716541,0.17658,0.23544,9.80019
101323231310,21.97,-0.05007349623971732,0.02663372438543347,0.0,0.08829,0.14715,9.78057
101328281815,21.97,-0.06710790973918197,0.02982767691658309,0.0,0.0,0.04905,9.80019
101333332320,21.97,-0.07030186227033158,0.023439771854283843,0.0,-0.05886,0.0,9.751140000000001
101338382825,21.97,-0.06391395720803235,0.011711159280881954,0.0,-0.08829,0.07848000000000001,9.74133
101343433330,21.97,-0.054332099614583476,-0.005323254218582705,0.002129301687433082,-0.05886,0.18639,9.83943
101348483835,21.97,-0.04260348704118158,-0.021310470166850764,0.0,0.0,0.21582,9.770760000000001
101353534340,21.97,-0.05539675045830002,-0.02556907354171693,0.002129301687433082,0.04905,0.21582,9.908100000000001
101358584845,21.97,-0.07030186227033158,-0.01811651763570114,0.0,0.0981,0.06867000000000001,9.84924
101363635350,21.97,-0.07670722062515077,-0.015987215948268057,0.0,0.04905,-0.02943,9.69228
101368685855,21.97,-0.08309512568745003,-0.012775810124598492,0.001064650843716541,0.0981,0.02943,9.74133
101373736360,21.97,-0.07136651311404815,-0.013840460968315033,0.001064650843716541,0.14715,0.0,9.888480000000001
101378786865,21.97,-0.05752605214573309,-0.00958185759344887,0.0,0.15696000000000002,0.04905,9.79038
101383837370,21.97,-0.04794419455228423,0.002129301687433082,0.001064650843716541,0.18639,0.07848000000000001,9.819809999999999
101388887875,21.97,-0.03515093113516579,0.012775810124598492,-0.001064650843716541,0.15696000000000002,0.11772,9.770760000000001
101393938380,21.97,-0.05326744877086694,0.020245819323134222,0.001064650843716541,0.11772,0.08829,9.78057
101398988885,21.97,-0.05646140130201656,0.013840460968315033,0.0,0.06867000000000001,0.039240000000000004,9.70209
101404039390,21.97,-0.06817256058289851,0.007452555906015787,0.0,0.02943,0.07848000000000001,9.80019
101409089895,21.97,-0.06710790973918197,0.0,0.003193952531149623,0.039240000000000004,0.08829,9.819809999999999
101414140400,21.97,-0.05539675045830002,-0.007452555906015787,0.002129301687433082,0.039240000000000004,0.12753,9.94734
101419190905,21.97,-0.054332099614583476,-0.011711159280881954,0.0,0.08829,0.06867000000000001,9.91791
101424241410,21.97,-0.060720004676882725,-0.005323254218582705,-0.004258603374866164,0.07848000000000001,0.0,9.86886
101429291915,21.97,-0.06497860805174888,-0.004258603374866164,0.0,0.06867000000000001,0.0,9.770760000000001
101434342420,21.97,-0.06923721142661506,0.0,0.002129301687433082,0.10791,0.009810000000000001,9.74133
101439392925,21.97,-0.07670722062515077,0.006387905062299246,0.0,0.08829,0.019620000000000002,9.751140000000001
101444443430,21.97,-0.06391395720803235,-0.002129301687433082,0.002129301687433082,0.07848000000000001,-0.009810000000000001,9.81
101449493935,21.97,-0.05113814708343386,-0.014905111812031574,0.0,0.0981,0.039240000000000004,9.84924
101454544440,21.97,-0.05113814708343386,-0.014905111812031574,-0.003193952531149623,0.17658,0.06867000000000001,9.86886
101459594945,21.97,-0.039409534510031964,-0.004258603374866164,0.0,0.16677000000000003,0.019620000000000002,9.888480000000001
101464645450,21.97,-0.05113814708343386,0.02556907354171693,0.0,0.12753,0.02943,9.73152
101469695955,21.97,-0.06178465552059926,0.03408628029144926,0.0,0.039240000000000004,0.019620000000000002,9.65304
101474746460,21.97,-0.060720004676882725,0.020245819323134222,0.0,0.0,0.04905,9.70209
101479796965,21.97,-0.06497860805174888,0.0,0.0,0.0,0.06867000000000001,9.7119
101484847470,21.97,-0.05113814708343386,-0.02556907354171693,0.0,0.009810000000000001,0.12753,9.819809999999999
101489897975,21.97,-0.05007349623971732,-0.02982767691658309,0.0,0.07848000000000001,0.11772,10.006200000000002
101494948480,21.97,-0.06604325889546543,-0.01811651763570114,0.0,0.16677000000000003,-0.009810000000000001,10.025820000000001
101499998985,21.97,-0.07456046564519776,-0.008517206749732328,-0.001064650843716541,0.13734000000000002,-0.02943,9.78057
101505049490,21.97,-0.07990117315630041,-0.002129301687433082,0.0,0.14715,-0.07848000000000001,9.87867
101510099995,21.97,-0.0756251164889143,0.015987215948268057,0.001064650843716541,0.15696000000000002,-0.04905,9.67266
101515150500,21.97,-0.0756251164889143,0.02556907354171693,0.001064650843716541,0.13734000000000002,-0.06867000000000001,9.65304
101520201005,21.97,-0.05752605214573309,0.015987215948268057,0.002129301687433082,0.07848000000000001,-0.019620000000000002,9.751140000000001
101525251510,21.97,-0.05113814708343386,0.002129301687433082,0.0,0.02943,-0.019620000000000002,9.80019
101530302015,21.97,-0.04794419455228423,-0.022375121010567305,-0.001064650843716541,0.07848000000000001,-0.039240000000000004,9.888480000000001
101535352520,21.97,-0.054332099614583476,-0.03621558197888234,-0.002129301687433082,0.14715,0.0,9.92772
101540403025,21.97,-0.05539675045830002,-0.028763026072866547,-0.001064650843716541,0.1962,-0.009810000000000001,9.84924
101545453530,21.97,-0.049008845396000776,0.0,0.0,0.24525000000000002,0.009810000000000001,9.760950000000001
101550504035,21.97,-0.049008845396000776,0.022375121010567305,0.0,0.20601000000000003,0.019620000000000002,9.760950000000001
101555554540,21.97,-0.05220279792715039,0.03408628029144926,0.0,0.12753,0.039240000000000004,9.7119
101560605045,21.97,-0.05326744877086694,0.02769837522915001,0.001064650843716541,0.039240000000000004,0.009810000000000001,9.73152
101565655550,21.97,-0.06178465552059926,0.0170518667919846,0.0,-0.019620000000000002,0.0,9.85905
101570706055,21.97,-0.06604325889546543,-0.012775810124598492,0.0,0.0,-0.009810000000000001,9.86886
101575756560,21.97,-0.07030186227033158,-0.0404741853537485,0.0,0.06867000000000001,-0.02943,9.95715
101580807065,21.97,-0.06497860805174888,-0.06284930636431581,0.0,0.17658,-0.039240000000000004,10.045440000000001
101585857570,21.97,-0.060720004676882725,-0.05539675045830002,0.0,0.32373,-0.039240000000000004,9.937529999999999
101590908075,21.97,-0.05859070298944965,-0.020245819323134222,-0.002129301687433082,0.36297,-0.07848000000000001,9.819809999999999
101595958580,21.97,-0.05965535383316618,0.024504422698000388,0.0,0.3924,-0.12753,9.69228
101601009085,21.97,-0.06923721142661506,0.05220279792715039,0.0,0.28449,-0.06867000000000001,9.623610000000001
101606059590,21.97,-0.06604325889546543,0.06284930636431581,0.0,0.14715,-0.05886,9.64323
101611110095,21.97,-0.06284930636431581,0.05539675045830002,0.001064650843716541,-0.009810000000000001,-0.06867000000000001,9.80019
101616160600,21.97,-0.05113814708343386,0.039409534510031964,0.0,-0.08829,-0.05886,9.83943
101621211105,21.97,-0.049008845396000776,0.011711159280881954,-0.001064650843716541,-0.18639,-0.02943,9.96696
101626261610,21.97,-0.04260348704118158,-0.012775810124598492,0.001064650843716541,-0.11772,-0.04905,9.91791
101631312115,21.97,-0.04794419455228423,-0.03728023282259888,0.0,-0.02943,-0.04905,9.74133
101636362620,21.97,-0.05539675045830002,-0.05965535383316618,0.0,0.11772,-0.019620000000000002,9.60399
101641413125,21.97,-0.054332099614583476,-0.05752605214573309,0.0,0.23544,-0.02943,9.65304
101646463630,21.97,-0.049008845396000776,-0.039409534510031964,0.002129301687433082,0.33354000000000006,-0.019620000000000002,9.74133
101651514135,21.97,-0.054332099614583476,-0.014905111812031574,0.002129301687433082,0.33354000000000006,-0.05886,9.96696
101656564640,21.97,-0.06604325889546543,0.003193952531149623,0.0,0.32373,-0.06867000000000001,10.11411
101661615145,21.97,-0.06391395720803235,0.0170518667919846,0.0,0.26487,-0.10791,10.006200000000002
101666665650,21.97,-0.06604325889546543,0.04260348704118158,0.003193952531149623,0.18639,-0.10791,9.92772
101671716155,21.97,-0.06604325889546543,0.06497860805174888,0.003193952531149623,0.07848000000000001,-0.15696000000000002,9.81
101676766660,21.97,-0.05859070298944965,0.07030186227033158,0.0,-0.05886,-0.13734000000000002,9.69228
101681817165,21.97,-0.05965535383316618,0.060720004676882725,0.001064650843716541,-0.1962,-0.12753,9.64323
101686867670,21.97,-0.05965535383316618,0.031956978604016174,0.0,-0.27468000000000004,-0.0981,9.70209
101691918175,21.97,-0.05326744877086694,-0.008517206749732328,0.0,-0.30411,-0.12753,9.72171
101696968680,21.97,-0.054332099614583476,-0.05007349623971732,0.001064650843716541,-0.1962,-0.12753,9.760950000000001
101702019185,21.97,-0.05007349623971732,-0.0852244273748831,0.0,-0.019620000000000002,-0.08829,9.91791
101707069690,21.97,-0.05220279792715039,-0.10759954838545042,-0.001064650843716541,0.1962,-0.0981,9.92772
101712120195,21.97,-0.04794419455228423,-0.10119419003063122,-0.001064650843716541,0.45126,-0.0981,9.86886
101717170700,21.97,-0.049008845396000776,-0.07883652231258387,0.0,0.60822,0.009810000000000001,9.78057
101722221205,21.97,-0.060720004676882725,-0.03621558197888234,0.0,0.80442,-0.10791,9.83943
101727271710,21.97,-0.05859070298944965,0.008517206749732328,0.002129301687433082,0.73575,-0.14715,9.751140000000001
101732322215,21.97,-0.06710790973918197,0.05220279792715039,-0.001064650843716541,0.5493600000000001,-0.14715,9.85905
101737372720,21.97,-0.06391395720803235,0.09054768159346581,0.0,0.38259000000000004,-0.1962,10.06506
101742423225,21.97,-0.06178465552059926,0.11931070766633237,-0.001064650843716541,0.11772,-0.20601000000000003,10.045440000000001
101747473730,21.97,-0.06178465552059926,0.1331511686346474,-0.004258603374866164,-0.14715,-0.18639,9.97677
101752524235,21.97,-0.054332099614583476,0.12569861272863161,0.002129301687433082,-0.37278,-0.18639,9.78057
101757574740,21.97,-0.04794419455228423,0.09906488834319814,0.002129301687433082,-0.57879,-0.16677000000000003,9.60399
101762625245,21.97,-0.05113814708343386,0.049008845396000776,0.003193952531149623,-0.65727,-0.15696000000000002,9.55494
101767675750,21.97,-0.044732788728614664,-0.01064650843716541,0.0,-0.6768900000000001,-0.11772,9.54513
101772726255,21.97,-0.04581489286485115,-0.06178465552059926,0.0,-0.56898,-0.12753,9.64323
101777776760,21.97,-0.04581489286485115,-0.11185815176031658,0.0,-0.36297,-0.13734000000000002,9.819809999999999
101782827265,21.97,-0.04153883619746504,-0.14381513036433274,0.0,-0.07848000000000001,-0.11772,9.86886
101787877770,21.97,-0.04581489286485115,-0.15339698795778162,0.0,0.24525000000000002,-0.13734000000000002,9.91791
101792928275,21.97,-0.05007349623971732,-0.14913838458291545,0.005323254218582705,0.5493600000000001,-0.05886,9.908100000000001
101797978780,21.97,-0.046879543708567686,-0.11292280260403312,-0.001064650843716541,0.8338500000000001,0.0,9.81
101803029285,21.97,-0.0756251164889143,-0.04153883619746504,0.002129301687433082,1.04967,-0.0981,9.95715
101808079790,21.97,-0.06497860805174888,0.001064650843716541,0.0,0.95157,-0.26487,9.633420000000001
101813130295,21.97,-0.07456046564519776,0.05220279792715039,-0.003193952531149623,0.7651800000000001,-0.18639,9.86886
101818180800,21.97,-0.07349581480148122,0.08735372906231618,0.0,0.63765,-0.27468000000000004,10.12392
101823231305,21.97,-0.06284930636431581,0.11079350091660004,-0.002129301687433082,0.36297,-0.27468000000000004,10.17297
101828281810,21.97,-0.06710790973918197,0.1331511686346474,-0.001064650843716541,0.11772,-0.28449,10.11411
101833332315,21.97,-0.05752605214573309,0.12569861272863161,0.0,-0.15696000000000002,-0.27468000000000004,9.888480000000001
101838382820,21.97,-0.044732788728614664,0.10012953918691468,-0.001064650843716541,-0.37278,-0.25506,9.69228
101843433325,21.97,-0.04260348704118158,0.060720004676882725,-0.001064650843716541,-0.49050000000000005,-0.25506,9.60399
101848483830,21.97,-0.031956978604016174,0.012775810124598492,0.001064650843716541,-0.52974,-0.21582,9.623610000000001
101853534335,21.97,-0.03515093113516579,-0.021310470166850764,0.0,-0.48069000000000006,-0.17658,9.72171
101858584840,21.97,-0.03408628029144926,-0.04794419455228423,-0.001064650843716541,-0.40221,-0.15696000000000002,9.82962
101863635345,21.97,-0.02769837522915001,-0.07670722062515077,0.0,-0.2943,-0.16677000000000003,9.81
101868685850,21.97,-0.03515093113516579,-0.09054768159346581,0.0,-0.06867000000000001,-0.14715,9.819809999999999
101873736355,21.97,-0.03408628029144926,-0.10119419003063122,0.003193952531149623,0.13734000000000002,-0.12753,9.760950000000001
101878786860,21.97,-0.03408628029144926,-0.07990117315630041,0.001064650843716541,0.30411,-0.11772,9.68247
101883837365,21.97,-0.03621558197888234,-0.044732788728614664,0.003193952531149623,0.44145,-0.11772,9.68247
101888887870,21.97,-0.039409534510031964,-0.024504422698000388,0.002129301687433082,0.47088,-0.0981,9.67266
101893938375,21.97,-0.05326744877086694,-0.001064650843716541,0.0,0.51012,-0.12753,9.79038
101898988880,21.97,-0.06178465552059926,0.013840460968315033,0.0,0.45126,-0.14715,9.908100000000001
101904039385,21.97,-0.06391395720803235,0.03834488366631542,0.0,0.34335000000000004,-0.17658,9.937529999999999
101909089890,21.97,-0.05646140130201656,0.054332099614583476,0.002129301687433082,0.22563,-0.22563,9.908100000000001
101914140395,21.97,-0.06604325889546543,0.06284930636431581,0.0,0.07848000000000001,-0.1962,9.82962
101919190900,21.97,-0.06178465552059926,0.04794419455228423,0.001064650843716541,-0.019620000000000002,-0.22563,9.74133
101924241405,21.97,-0.05859070298944965,0.03408628029144926,0.0,-0.07848000000000001,-0.23544,9.68247
101929291910,21.97,-0.06391395720803235,0.015987215948268057,0.0,-0.10791,-0.23544,9.68247
101934342415,21.97,-0.060720004676882725,-0.005323254218582705,0.0,-0.08829,-0.27468000000000004,9.751140000000001
101939392920,21.97,-0.05752605214573309,-0.02769837522915001,0.0,-0.06867000000000001,-0.2943,9.81
101944443425,21.97,-0.054332099614583476,-0.06497860805174888,0.0,0.039240000000000004,-0.26487,9.85905
101949493930,21.97,-0.05007349623971732,-0.09054768159346581,0.001064650843716541,0.22563,-0.28449,9.91791
101954544435,21.97,-0.0404741853537485,-0.0852244273748831,0.0,0.44145,-0.26487,9.86886
101959594940,21.97,-0.04794419455228423,-0.06497860805174888,0.0,0.56898,-0.25506,9.84924
101964645445,21.97,-0.04366813788489812,-0.02663372438543347,0.001064650843716541,0.63765,-0.28449,9.908100000000001
101969695950,21.97,-0.04366813788489812,0.011711159280881954,0.0,0.60822,-0.31392000000000003,9.96696
101974746455,21.97,-0.05007349623971732,0.04366813788489812,0.0,0.51012,-0.28449,10.08468
101979796960,21.97,-0.04581489286485115,0.0756251164889143,-0.001064650843716541,0.36297,-0.30411,10.11411
101984847465,21.97,-0.046879543708567686,0.1097288500728835,0.0,0.15696000000000002,-0.28449,10.03563
101989897970,21.97,-0.044732788728614664,0.1278279144160647,0.0,-0.11772,-0.28449,10.01601
101994948475,21.97,-0.046879543708567686,0.11824605682261582,0.0,-0.33354000000000006,-0.25506,9.87867
101999998980,21.97,-0.044732788728614664,0.08628907821859966,0.0,-0.51012,-0.26487,9.81
102005049485,21.97,-0.049008845396000776,0.04794419455228423,0.0,-0.6278400000000001,-0.25506,9.74133
102010099990,21.97,-0.04581489286485115,0.001064650843716541,0.0,-0.65727,-0.26487,9.67266
102015150495,21.97,-0.03834488366631542,-0.039409534510031964,0.0,-0.57879,-0.28449,9.68247
102020201000,21.97,-0.03834488366631542,-0.09587093581204853,0.0,-0.38259000000000004,-0.26487,9.72171
102025251505,21.97,-0.03621558197888234,-0.1331511686346474,-0.002129301687433082,-0.0981,-0.27468000000000004,9.69228
102030302010,21.97,-0.03089232776029963,-0.14275047952061623,0.0,0.1962,-0.26487,9.68247
102035352515,21.97,-0.028763026072866547,-0.12676326357234816,0.001064650843716541,0.48069000000000006,-0.25506,9.633420000000001
102040403020,21.97,-0.028763026072866547,-0.08948303074974927,0.0,0.69651,-0.22563,9.6138
102045453525,21.97,-0.04260348704118158,-0.049008845396000776,-0.001064650843716541,0.7651800000000001,-0.20601000000000003,9.65304
102050504030,21.97,-0.03834488366631542,-0.020245819323134222,-0.001064650843716541,0.8142300000000001,-0.20601000000000003,9.72171
102055554535,21.97,-0.0404741853537485,0.014905111812031574,0.0,0.7848,-0.1962,9.819809999999999
102060605040,21.97,-0.044732788728614664,0.05113814708343386,0.0,0.6867000000000001,-0.22563,9.908100000000001
102065655545,21.97,-0.049008845396000776,0.07777187146886733,-0.001064650843716541,0.46107000000000004,-0.22563,9.98658
102070706050,21.97,-0.054332099614583476,0.09693558665576507,-0.002129301687433082,0.28449,-0.26487,10.01601
102075756555,21.97,-0.05859070298944965,0.09800023749948161,-0.001064650843716541,0.05886,-0.26487,9.908100000000001
102080807060,21.97,-0.05859070298944965,0.08735372906231618,0.002129301687433082,-0.13734000000000002,-0.33354000000000006,9.82962
102085857565,21.97,-0.06391395720803235,0.06710790973918197,-0.001064650843716541,-0.28449,-0.2943,9.82962
102090908070,21.97,-0.06604325889546543,0.05220279792715039,0.0,-0.37278,-0.33354000000000006,9.85905
102095958575,21.97,-0.05965535383316618,0.033021629447732716,0.0,-0.47088,-0.3924,9.98658
102101009080,21.97,-0.06178465552059926,0.005323254218582705,0.0,-0.50031,-0.41202000000000005,10.05525
102106059585,21.97,-0.06178465552059926,-0.02769837522915001,0.0,-0.41202000000000005,-0.43164,9.99639
102111110090,21.97,-0.05646140130201656,-0.05326744877086694,-0.001064650843716541,-0.32373,-0.41202000000000005,9.92772
102116160595,21.97,-0.046879543708567686,-0.07456046564519776,0.003193952531149623,-0.15696000000000002,-0.43164,9.81
102121211100,21.97,-0.039409534510031964,-0.08415977653116657,0.0,0.039240000000000004,-0.43164,9.751140000000001
102126261605,21.97,-0.023439771854283843,-0.08309512568745003,-0.001064650843716541,0.18639,-0.42183,9.7119
102131312110,21.97,-0.01811651763570114,-0.0852244273748831,0.0,0.38259000000000004,-0.38259000000000004,9.74133
102136362615,21.97,-0.014905111812031574,-0.08096582400001695,-0.002129301687433082,0.5395500000000001,-0.34335000000000004,9.72171
102141413120,21.97,-0.01811651763570114,-0.06710790973918197,-0.001064650843716541,0.69651,-0.31392000000000003,9.78057
102146463625,21.97,-0.005323254218582705,-0.04581489286485115,0.0,0.7749900000000001,-0.27468000000000004,9.81
102151514130,21.97,-0.002129301687433082,-0.007452555906015787,0.0,0.8240400000000001,-0.23544,9.819809999999999
102156564635,21.97,-0.00958185759344887,0.03515093113516579,0.0,0.74556,-0.23544,9.819809999999999
102161615140,21.97,-0.013840460968315033,0.07990117315630041,0.0,0.57879,-0.18639,9.81
102166665645,21.97,-0.02556907354171693,0.12995721610349775,0.0,0.32373,-0.21582,9.760950000000001
102171716150,21.97,-0.0404741853537485,0.15872024217636432,-0.001064650843716541,0.0,-0.20601000000000003,9.79038
102176766655,21.97,-0.05007349623971732,0.15765559133264778,0.0,-0.32373,-0.1962,9.78057
102181817160,21.97,-0.05539675045830002,0.1352804703220805,0.001064650843716541,-0.6278400000000001,-0.21582,9.819809999999999
102186867665,21.97,-0.06178465552059926,0.09161233243718235,0.0,-0.80442,-0.24525000000000002,9.89829
102191918170,21.97,-0.06923721142661506,0.028763026072866547,0.0,-0.90252,-0.32373,9.89829
102196968675,21.97,-0.06923721142661506,-0.05965535383316618,0.0,-0.7749900000000001,-0.37278,9.760950000000001
102202019180,21.97,-0.07349581480148122,-0.1374272253020335,0.003193952531149623,-0.51993,-0.40221,9.74133
102207069685,21.97,-0.06817256058289851,-0.19493582415524666,0.0,-0.14715,-0.42183,9.70209
102212120190,21.97,-0.05859070298944965,-0.21092304010351473,0.0,0.33354000000000006,-0.47088,9.74133
102217170695,21.97,-0.04260348704118158,-0.19493582415524666,-0.001064650843716541,0.69651,-0.50031,9.908100000000001
102222221200,21.97,-0.03834488366631542,-0.13849187614575004,-0.004258603374866164,1.00062,-0.52974,9.99639
102227271705,21.97,-0.03621558197888234,-0.05539675045830002,-0.001064650843716541,1.13796,-0.48069000000000006,9.99639
102232322210,21.97,-0.02556907354171693,0.03728023282259888,0.0,1.0791000000000002,-0.45126,9.908100000000001
102237372715,21.97,-0.020245819323134222,0.11931070766633237,0.001064650843716541,0.89271,-0.42183,9.81
102242423220,21.97,-0.01811651763570114,0.16831955306233315,0.001064650843716541,0.50031,-0.37278,9.770760000000001
102247473725,21.97,-0.012775810124598492,0.18535396656179778,-0.001064650843716541,0.15696000000000002,-0.33354000000000006,9.80019
102252524230,21.97,-0.001064650843716541,0.16938420390604966,0.001064650843716541,-0.21582,-0.2943,9.82962
102257574735,21.97,-0.01064650843716541,0.1288925652597812,-0.004258603374866164,-0.50031,-0.25506,9.82962
102262625240,21.97,-0.01811651763570114,0.07243116395776468,-0.001064650843716541,-0.6867000000000001,-0.25506,9.908100000000001
102267675745,21.97,-0.024504422698000388,0.01064650843716541,-0.001064650843716541,-0.71613,-0.28449,9.89829
102272726250,21.97,-0.031956978604016174,-0.04153883619746504,0.001064650843716541,-0.6278400000000001,-0.26487,9.87867
102277776755,21.97,-0.03834488366631542,-0.07349581480148122,0.004258603374866164,-0.47088,-0.32373,9.80019
102282827260,21.97,-0.0404741853537485,-0.09693558665576507,0.002129301687433082,-0.27468000000000004,-0.30411,9.760950000000001
102287877765,21.97,-0.044732788728614664,-0.10545279340549739,0.0,-0.02943,-0.34335000000000004,9.67266
102292928270,21.97,-0.04366813788489812,-0.11292280260403312,0.002129301687433082,0.17658,-0.38259000000000004,9.751140000000001
102297978775,21.97,-0.05326744877086694,-0.10225884087434776,0.0,0.40221,-0.40221,9.819809999999999
102303029280,21.97,-0.04794419455228423,-0.09161233243718235,0.0,0.5886,-0.44145,9.91791
102308079785,21.97,-0.04581489286485115,-0.06923721142661506,0.0,0.69651,-0.45126,9.937529999999999
102313130290,21.97,-0.039409534510031964,-0.024504422698000388,0.0,0.79461,-0.45126,9.85905
102318180795,21.97,-0.02769837522915001,0.023439771854283843,0.0,0.7749900000000001,-0.44145,9.80019
102323231300,21.97,-0.023439771854283843,0.07349581480148122,0.0,0.6180300000000001,-0.42183,9.82962
102328281805,21.97,-0.021310470166850764,0.1171814059788993,0.0,0.3924,-0.40221,9.80019
102333332310,21.97,-0.021310470166850764,0.15233233711406508,0.0,0.04905,-0.38259000000000004,9.73152
102338382815,21.97,-0.02769837522915001,0.1555262896452147,0.0,-0.24525000000000002,-0.40221,9.72171
102343433320,21.97,-0.03728023282259888,0.10759954838545042,0.0,-0.47088,-0.34335000000000004,9.72171
102348483825,21.97,-0.03408628029144926,0.04153883619746504,0.0,-0.5886,-0.33354000000000006,9.79038
102353534330,21.97,-0.021310470166850764,-0.013840460968315033,0.0,-0.60822,-0.38259000000000004,9.80019
102358584835,21.97,-0.0170518667919846,-0.05539675045830002,0.0,-0.45126,-0.37278,9.819809999999999
102363635340,21.97,-0.022375121010567305,-0.09054768159346581,0.0,-0.28449,-0.36297,9.84924
102368685845,21.97,-0.02769837522915001,-0.09800023749948161,0.0,-0.10791,-0.36297,9.81
102373736350,21.97,-0.03728023282259888,-0.08096582400001695,0.0,0.11772,-0.38259000000000004,9.7119
102378786855,21.97,-0.049008845396000776,-0.06604325889546543,0.0,0.25506,-0.41202000000000005,9.751140000000001
102383837360,21.97,-0.05007349623971732,-0.05539675045830002,0.0,0.35316,-0.41202000000000005,9.85905
102388887865,21.97,-0.03834488366631542,-0.04153883619746504,0.0,0.41202000000000005,-0.44145,9.94734
102393938370,21.97,-0.031956978604016174,-0.039409534510031964,0.0,0.51012,-0.44145,10.025820000000001
102398988875,21.97,-0.02982767691658309,-0.02769837522915001,0.0,0.5886,-0.49050000000000005,10.045440000000001
102404039380,21.97,-0.024504422698000388,0.007452555906015787,0.0,0.56898,-0.49050000000000005,10.045440000000001
102409089885,21.97,-0.02663372438543347,0.06178465552059926,0.0,0.44145,-0.50031,9.91791
102414140390,21.97,-0.02982767691658309,0.09693558665576507,0.0,0.27468000000000004,-0.45126,9.80019
102419190895,21.97,-0.03089232776029963,0.10866419922916695,0.0,0.05886,-0.45126,9.67266
102424241400,21.97,-0.02982767691658309,0.10012953918691468,0.0,-0.14715,-0.41202000000000005,9.70209
102429291905,21.97,-0.015987215948268057,0.06178465552059926,0.0,-0.2943,-0.41202000000000005,9.74133
102434342410,21.97,-0.014905111812031574,0.01811651763570114,0.0,-0.35316,-0.3924,9.84924
102439392915,21.97,-0.013840460968315033,-0.02663372438543347,0.0,-0.33354000000000006,-0.3924,9.937529999999999
102444443420,21.97,-0.014905111812031574,-0.04581489286485115,0.0,-0.23544,-0.41202000000000005,9.87867
102449493925,21.97,-0.01811651763570114,-0.049008845396000776,0.0,-0.08829,-0.41202000000000005,9.78057
102454544430,21.97,-0.023439771854283843,-0.05220279792715039,0.0,0.009810000000000001,-0.41202000000000005,9.70209
102459594935,21.97,-0.023439771854283843,-0.054332099614583476,0.0,0.11772,-0.41202000000000005,9.59418
102464645440,21.97,-0.02556907354171693,-0.05113814708343386,0.0,0.25506,-0.40221,9.58437
102469695945,21.97,-0.021310470166850764,-0.04153883619746504,0.0,0.32373,-0.38259000000000004,9.65304
102474746450,21.97,-0.012775810124598492,-0.02663372438543347,0.0,0.36297,-0.37278,9.84924
102479796955,21.97,-0.0170518667919846,-0.00958185759344887,0.0,0.35316,-0.3924,9.98658
102484847460,21.97,-0.03089232776029963,0.011711159280881954,0.0,0.35316,-0.3924,10.03563
102489897965,21.97,-0.03515093113516579,0.0404741853537485,0.0,0.2943,-0.42183,9.908100000000001
102494948470,21.97,-0.03728023282259888,0.06284930636431581,0.0,0.18639,-0.42183,9.66285
102499998975,21.97,-0.03515093113516579,0.06497860805174888,0.0,0.02943,-0.42183,9.59418
102505049480,21.97,-0.02769837522915001,0.049008845396000776,0.0,-0.0981,-0.38259000000000004,9.68247
102510099985,21.97,-0.02663372438543347,0.03515093113516579,0.0,-0.16677000000000003,-0.42183,9.81
102515150490,21.97,-0.03408628029144926,0.008517206749732328,0.0,-0.1962,-0.44145,10.01601
102520200995,21.97,-0.03834488366631542,0.0,0.0,-0.24525000000000002,-0.50031,10.1043
102525251500,21.97,-0.03834488366631542,-0.013840460968315033,0.0,-0.20601000000000003,-0.51012,10.025820000000001
102530302005,21.97,-0.04260348704118158,-0.03834488366631542,0.0,-0.11772,-0.50031,9.92772
102535352510,21.97,-0.03515093113516579,-0.06284930636431581,0.0,0.0,-0.51993,9.86886
102540403015,21.97,-0.021310470166850764,-0.05859070298944965,0.0,0.1962,-0.51993,9.760950000000001
102545453520,21.97,-0.014905111812031574,-0.04260348704118158,0.0,0.28449,-0.52974,9.83943
102550504025,21.97,-0.013840460968315033,-0.015987215948268057,0.0,0.28449,-0.51012,9.89829
102555554530,21.97,-0.01811651763570114,0.003193952531149623,0.0,0.26487,-0.52974,9.97677
102560605035,21.97,-0.022375121010567305,0.005323254218582705,-0.005323254218582705,0.25506,-0.49050000000000005,10.03563
102565655540,21.97,-0.015987215948268057,0.008517206749732328,-0.001064650843716541,0.25506,-0.48069000000000006,9.91791
102570706045,21.97,-0.005323254218582705,0.023439771854283843,0.001064650843716541,0.20601000000000003,-0.46107000000000004,9.751140000000001
102575756550,21.97,0.006387905062299246,0.03728023282259888,-0.002129301687433082,0.15696000000000002,-0.43164,9.65304
102580807055,21.97,0.008517206749732328,0.05007349623971732,-0.001064650843716541,0.0981,-0.40221,9.55494
102585857560,21.97,0.002129301687433082,0.046879543708567686,-0.001064650843716541,-0.04905,-0.37278,9.6138
102590908065,21.97,-0.01064650843716541,0.03089232776029963,0.0,-0.12753,-0.35316,9.73152
102595958570,21.97,-0.020245819323134222,0.014905111812031574,-0.001064650843716541,-0.15696000000000002,-0.38259000000000004,9.78057
102601009075,21.97,-0.023439771854283843,-0.001064650843716541,0.0,-0.16677000000000003,-0.37278,9.819809999999999
102606059580,21.97,-0.01918116847941768,-0.02663372438543347,0.0,-0.15696000000000002,-0.36297,9.84924
102611110085,21.97,-0.014905111812031574,-0.03834488366631542,0.0,-0.04905,-0.37278,9.79038
102616160590,21.97,-0.014905111812031574,-0.04153883619746504,0.0,0.039240000000000004,-0.40221,9.73152
102621211095,21.97,-0.02663372438543347,-0.03408628029144926,0.0,0.11772,-0.44145,9.70209
102626261600,21.97,-0.03834488366631542,-0.012775810124598492,0.0,0.16677000000000003,-0.41202000000000005,9.66285
102631312105,21.97,-0.04581489286485115,-0.004258603374866164,0.003193952531149623,0.14715,-0.51012,9.74133
102636362610,21.97,-0.046879543708567686,-0.005323254218582705,0.001064650843716541,0.15696000000000002,-0.51012,9.908100000000001
102641413115,21.97,-0.0404741853537485,-0.005323254218582705,-0.002129301687433082,0.18639,-0.50031,9.96696
102646463620,21.97,-0.02769837522915001,-0.0,-0.003193952531149623,0.15696000000000002,-0.52974,10.01601
102651514125,21.97,-0.0170518667919846,0.01064650843716541,0.002129301687433082,0.14715,-0.5493600000000001,9.98658
102656564630,21.97,-0.013840460968315033,0.01918116847941768,0.0,0.08829,-0.5395500000000001,9.87867
102661615135,21.97,-0.024504422698000388,0.021310470166850764,0.0,0.08829,-0.51012,9.74133
102666665640,21.97,-0.02663372438543347,0.01811651763570114,-0.001064650843716541,0.039240000000000004,-0.52974,9.751140000000001
102671716145,21.97,-0.021310470166850764,0.022375121010567305,0.002129301687433082,0.009810000000000001,-0.51012,9.81
102676766650,21.97,-0.0170518667919846,0.014905111812031574,0.003193952531149623,-0.06867000000000001,-0.52974,9.908100000000001
102681817155,21.97,-0.004258603374866164,0.001064650843716541,-0.002129301687433082,-0.05886,-0.50031,10.03563
102686867660,21.97,0.004258603374866164,-0.013840460968315033,0.0,-0.039240000000000004,-0.50031,9.99639
102691918165,21.97,0.003193952531149623,-0.0170518667919846,-0.002129301687433082,-0.019620000000000002,-0.49050000000000005,9.86886
102696968670,21.97,0.0,-0.005323254218582705,0.004258603374866164,0.04905,-0.47088,9.72171
102702019175,21.97,-0.004258603374866164,0.01811651763570114,0.0,0.04905,-0.43164,9.64323
102707069680,21.97,-0.012775810124598492,0.024504422698000388,-0.001064650843716541,-0.019620000000000002,-0.41202000000000005,9.65304
102712120185,21.97,-0.013840460968315033,0.006387905062299246,0.001064650843716541,-0.05886,-0.45126,9.81
102717170690,21.97,-0.007452555906015787,-0.02663372438543347,0.003193952531149623,-0.02943,-0.45126,9.84924
102722221195,21.97,-0.005323254218582705,-0.05113814708343386,-0.002129301687433082,0.04905,-0.42183,9.85905
102727271700,21.97,-0.001064650843716541,-0.05113814708343386,0.0,0.14715,-0.44145,9.92772
102732322205,21.97,-0.006387905062299246,-0.02769837522915001,-0.002129301687433082,0.21582,-0.46107000000000004,9.85905
102737372710,21.97,-0.015987215948268057,-0.005323254218582705,0.0,0.2943,-0.47088,9.79038
102742423215,21.97,-0.024504422698000388,0.006387905062299246,0.001064650843716541,0.25506,-0.48069000000000006,9.760950000000001
102747473720,21.97,-0.03089232776029963,0.013840460968315033,0.0,0.21582,-0.50031,9.67266
102752524225,21.97,-0.028763026072866547,0.01918116847941768,-0.001064650843716541,0.18639,-0.50031,9.74133
102757574730,21.97,-0.021310470166850764,0.02556907354171693,-0.001064650843716541,0.13734000000000002,-0.51012,9.95715
102762625235,21.97,-0.015987215948268057,0.028763026072866547,-0.002129301687433082,0.02943,-0.50031,10.09449
102767675740,21.97,-0.0170518667919846,0.02663372438543347,-0.002129301687433082,-0.019620000000000002,-0.51012,10.05525
102772726245,21.97,-0.01918116847941768,0.020245819323134222,-0.003193952531149623,-0.04905,-0.5395500000000001,9.92772
102777776750,21.97,-0.01918116847941768,0.015987215948268057,0.0,-0.07848000000000001,-0.52974,9.6138
102782827255,21.97,-0.0170518667919846,0.014905111812031574,0.002129301687433082,-0.05886,-0.51993,9.5157
102787877760,21.97,-0.007452555906015787,0.011711159280881954,0.0,-0.0981,-0.50031,9.633420000000001
102792928265,21.97,0.001064650843716541,0.0,0.0,-0.0981,-0.48069000000000006,9.751140000000001
102797978770,21.97,0.0,-0.024504422698000388,0.0,-0.06867000000000001,-0.48069000000000006,9.908100000000001
102803029275,21.97,0.0,-0.04260348704118158,0.001064650843716541,-0.02943,-0.51012,10.01601
102808079780,21.97,-0.008517206749732328,-0.044732788728614664,-0.001064650843716541,0.05886,-0.51012,9.92772
102813130285,21.97,-0.012775810124598492,-0.03728023282259888,0.0,0.1962,-0.50031,9.81
102818180790,21.97,-0.003193952531149623,-0.01811651763570114,0.0,0.22563,-0.46107000000000004,9.78057
102823231295,21.97,0.0,-0.005323254218582705,0.0,0.24525000000000002,-0.48069000000000006,9.67266
102828281800,21.97,0.002129301687433082,-0.004258603374866164,-0.003193952531149623,0.27468000000000004,-0.45126,9.6138
102833332305,21.97,-0.002129301687433082,0.004258603374866164,0.0,0.25506,-0.43164,9.72171
102838382810,21.97,-0.007452555906015787,0.023439771854283843,0.0,0.20601000000000003,-0.44145,9.81
102843433315,21.97,-0.01064650843716541,0.039409534510031964,0.0,0.13734000000000002,-0.44145,9.888480000000001
102848483820,21.97,-0.011711159280881954,0.046879543708567686,0.0,0.019620000000000002,-0.44145,9.99639
102853534325,21.97,-0.011711159280881954,0.0404741853537485,0.001064650843716541,-0.05886,-0.48069000000000006,9.86886
102858584830,21.97,-0.01064650843716541,0.02769837522915001,0.001064650843716541,-0.11772,-0.48069000000000006,9.81
102863635335,21.97,-0.014905111812031574,0.0170518667919846,0.0,-0.13734000000000002,-0.49050000000000005,9.760950000000001
102868685840,21.97,-0.015987215948268057,0.006387905062299246,0.0,-0.15696000000000002,-0.52974,9.760950000000001
102873736345,21.97,-0.021310470166850764,-0.00958185759344887,0.001064650843716541,-0.13734000000000002,-0.52974,9.87867
102878786850,21.97,-0.02663372438543347,-0.024504422698000388,-0.003193952531149623,-0.12753,-0.5395500000000001,9.98658
102883837355,21.97,-0.028763026072866547,-0.04794419455228423,0.002129301687433082,-0.04905,-0.59841,10.01601
102888887860,21.97,-0.020245819323134222,-0.05539675045830002,0.001064650843716541,0.06867000000000001,-0.56898,9.99639
102893938365,21.97,-0.00958185759344887,-0.04581489286485115,0.0,0.21582,-0.59841,9.95715
102898988870,21.97,0.001064650843716541,-0.023439771854283843,0.0,0.26487,-0.56898,9.80019
102904039375,21.97,0.004258603374866164,-0.005323254218582705,0.0,0.31392000000000003,-0.5591700000000001,9.7119
102909089880,21.97,0.004258603374866164,0.01811651763570114,0.0,0.28449,-0.56898,9.67266
102914140385,21.97,0.004258603374866164,0.03834488366631542,-0.001064650843716541,0.17658,-0.50031,9.6138
102919190890,21.97,0.005323254218582705,0.046879543708567686,0.003193952531149623,0.11772,-0.51993,9.7119
102924241395,21.97,0.01064650843716541,0.046879543708567686,-0.003193952531149623,-0.019620000000000002,-0.48069000000000006,9.82962
102929291900,21.97,0.0170518667919846,0.03621558197888234,-0.002129301687433082,-0.10791,-0.43164,9.82962
102934342405,21.97,0.014905111812031574,0.013840460968315033,0.0,-0.15696000000000002,-0.43164,9.82962
102939392910,21.97,0.011711159280881954,0.0,0.0,-0.16677000000000003,-0.40221,9.7119
102944443415,21.97,0.001064650843716541,-0.005323254218582705,0.0,-0.08829,-0.40221,9.58437
102949493920,21.97,-0.005323254218582705,-0.01064650843716541,0.0,-0.08829,-0.44145,9.633420000000001
102954544425,21.97,-0.01064650843716541,-0.01064650843716541,-0.002129301687433082,-0.05886,-0.41202000000000005,9.78057
102959594930,21.97,-0.014905111812031574,-0.020245819323134222,0.001064650843716541,-0.06867000000000001,-0.45126,9.84924
102964645435,21.97,-0.01811651763570114,-0.039409534510031964,-0.002129301687433082,-0.019620000000000002,-0.47088,9.96696
102969695940,21.97,-0.020245819323134222,-0.039409534510031964,-0.002129301687433082,0.039240000000000004,-0.49050000000000005,10.01601
102974746445,21.97,-0.020245819323134222,-0.03089232776029963,0.0,0.14715,-0.5493600000000001,9.91791
102979796950,21.97,-0.02556907354171693,-0.011711159280881954,-0.001064650843716541,0.1962,-0.56898,9.94734
102984847455,21.97,-0.020245819323134222,0.0,0.0,0.21582,-0.59841,9.908100000000001
102989897960,21.97,-0.020245819323134222,0.005323254218582705,0.0,0.20601000000000003,-0.5886,9.81
102994948465,21.97,-0.01918116847941768,0.005323254218582705,-0.001064650843716541,0.17658,-0.60822,9.80019
102999998970,21.97,-0.008517206749732328,0.012775810124598492,0.0,0.15696000000000002,-0.59841,9.87867
103005049475,21.97,0.0,0.0170518667919846,-0.003193952531149623,0.11772,-0.5886,9.908100000000001
103010099980,21.97,0.002129301687433082,0.023439771854283843,0.0,0.019620000000000002,-0.59841,10.006200000000002
103015150485,21.97,0.00958185759344887,0.02663372438543347,0.0,0.0,-0.57879,9.98658
103020200990,21.97,0.01064650843716541,0.02556907354171693,-0.001064650843716541,-0.04905,-0.5591700000000001,9.81
103025251495,21.97,0.013840460968315033,0.01918116847941768,-0.001064650843716541,-0.08829,-0.51012,9.68247
103030302000,21.97,0.013840460968315033,0.01811651763570114,0.0,-0.10791,-0.48069000000000006,9.60399
103035352505,21.97,0.01811651763570114,0.01064650843716541,-0.003193952531149623,-0.11772,-0.46107000000000004,9.633420000000001
103040403010,21.97,0.020245819323134222,-0.011711159280881954,-0.001064650843716541,-0.0981,-0.43164,9.74133
103045453515,21.97,0.020245819323134222,-0.021310470166850764,-0.001064650843716541,-0.06867000000000001,-0.42183,9.819809999999999
103050504020,21.97,0.014905111812031574,-0.031956978604016174,0.001064650843716541,-0.02943,-0.41202000000000005,9.81
103055554525,21.97,0.003193952531149623,-0.033021629447732716,-0.002129301687433082,0.05886,-0.40221,9.72171
103060605030,21.97,0.001064650843716541,-0.024504422698000388,-0.001064650843716541,0.13734000000000002,-0.43164,9.64323
103065655535,21.97,-0.002129301687433082,-0.020245819323134222,0.0,0.16677000000000003,-0.40221,9.623610000000001
103070706040,21.97,-0.003193952531149623,-0.008517206749732328,0.0,0.20601000000000003,-0.41202000000000005,9.65304
103075756545,21.97,-0.005323254218582705,0.0,0.0,0.21582,-0.43164,9.70209
103080807050,21.97,-0.01064650843716541,0.00958185759344887,0.0,0.18639,-0.46107000000000004,9.751140000000001
103085857555,21.97,-0.01811651763570114,0.024504422698000388,0.0,0.12753,-0.45126,9.83943
103090908060,21.97,-0.020245819323134222,0.031956978604016174,0.0,0.039240000000000004,-0.48069000000000006,9.89829
103095958565,21.97,-0.023439771854283843,0.03621558197888234,0.0,-0.039240000000000004,-0.51993,9.91791
103101009070,21.97,-0.023439771854283843,0.031956978604016174,0.0,-0.10791,-0.5591700000000001,9.888480000000001
103106059575,21.97,-0.020245819323134222,0.022375121010567305,0.0,-0.13734000000000002,-0.5591700000000001,9.82962
103111110080,21.97,-0.014905111812031574,0.008517206749732328,0.0,-0.15696000000000002,-0.59841,9.80019
103116160585,21.97,-0.012775810124598492,-0.006387905062299246,0.0,-0.14715,-0.60822,9.87867
103121211090,21.97,-0.01064650843716541,-0.020245819323134222,0.0,-0.11772,-0.60822,9.99639
103126261595,21.97,-0.01064650843716541,-0.02982767691658309,0.0,-0.05886,-0.6278400000000001,10.06506
103131312100,21.97,-0.006387905062299246,-0.03089232776029963,0.0,0.0,-0.63765,10.1043
103136362605,21.97,-0.002129301687433082,-0.02663372438543347,0.0,0.039240000000000004,-0.60822,10.03563
103141413110,21.97,0.002129301687433082,-0.024504422698000388,0.0,0.10791,-0.6180300000000001,9.95715
103146463615,21.97,0.01064650843716541,-0.014905111812031574,0.0,0.16677000000000003,-0.60822,9.888480000000001
103151514120,21.97,0.020245819323134222,-0.004258603374866164,0.0,0.18639,-0.56898,9.888480000000001
103156564625,21.97,0.02663372438543347,0.003193952531149623,0.0,0.1962,-0.5591700000000001,9.84924
103161615130,21.97,0.021310470166850764,0.011711159280881954,0.0,0.13734000000000002,-0.5395500000000001,9.82962
103166665635,21.97,0.02769837522915001,0.013840460968315033,0.0,0.10791,-0.49050000000000005,9.81
103171716140,21.97,0.02769837522915001,0.00958185759344887,0.0,0.08829,-0.46107000000000004,9.82962
103176766645,21.97,0.02769837522915001,0.014905111812031574,0.0,0.04905,-0.45126,9.888480000000001
103181817150,21.97,0.031956978604016174,0.02556907354171693,0.0,0.0,-0.3924,9.819809999999999
103186867655,21.97,0.02556907354171693,0.01918116847941768,0.0,-0.019620000000000002,-0.41202000000000005,9.72171
103191918160,21.97,0.01918116847941768,0.020245819323134222,0.0,-0.08829,-0.40221,9.67266
103196968665,21.97,0.00958185759344887,0.021310470166850764,0.0,-0.13734000000000002,-0.43164,9.67266
103202019170,21.97,0.005323254218582705,0.004258603374866164,0.0,-0.12753,-0.42183,9.770760000000001
103207069675,21.97,0.0,0.002129301687433082,0.0,-0.13734000000000002,-0.47088,9.87867
103212120180,21.97,-0.003193952531149623,-0.001064650843716541,0.0,-0.17658,-0.47088,9.888480000000001
103217170685,21.97,-0.006387905062299246,-0.014905111812031574,0.0,-0.13734000000000002,-0.51012,9.82962
103222221190,21.97,-0.006387905062299246,-0.03408628029144926,0.0,-0.06867000000000001,-0.51993,9.78057
103227271695,21.97,-0.006387905062299246,-0.03621558197888234,0.0,0.009810000000000001,-0.51993,9.69228
103232322200,21.97,-0.006387905062299246,-0.03089232776029963,0.0,0.0981,-0.5395500000000001,9.67266
103237372705,21.97,-0.001064650843716541,-0.015987215948268057,0.0,0.16677000000000003,-0.5493600000000001,9.66285
103242423210,21.97,0.005323254218582705,-0.004258603374866164,0.0,0.14715,-0.5493600000000001,9.66285
103247473715,21.97,0.006387905062299246,0.003193952531149623,0.0,0.15696000000000002,-0.51012,9.73152
103252524220,21.97,0.013840460968315033,0.0,0.0,0.12753,-0.51993,9.81
103257574725,21.97,0.01811651763570114,0.006387905062299246,0.0,0.11772,-0.51993,9.87867
103262625230,21.97,0.013840460968315033,0.01811651763570114,0.0,0.08829,-0.51012,9.92772
103267675735,21.97,0.015987215948268057,0.031956978604016174,0.0,-0.02943,-0.47088,9.937529999999999
103272726240,21.97,0.012775810124598492,0.033021629447732716,0.0,-0.0981,-0.49050000000000005,9.86886
103277776745,21.97,0.005323254218582705,0.014905111812031574,0.0,-0.0981,-0.48069000000000006,9.888480000000001
103282827250,21.97,0.003193952531149623,0.001064650843716541,0.0,-0.12753,-0.48069000000000006,9.89829
103287877755,21.97,0.00958185759344887,-0.005323254218582705,0.0,-0.10791,-0.51012,9.908100000000001
103292928260,21.97,0.00958185759344887,-0.015987215948268057,0.0,-0.07848000000000001,-0.47088,9.92772
103297978765,21.97,0.0170518667919846,-0.015987215948268057,0.0,-0.02943,-0.52974,9.92772
103303029270,21.97,0.013840460968315033,-0.0170518667919846,0.0,-0.019620000000000002,-0.49050000000000005,9.87867
103308079775,21.97,0.008517206749732328,-0.015987215948268057,0.0,0.009810000000000001,-0.51012,9.83943
103313130280,21.97,0.011711159280881954,-0.011711159280881954,0.0,0.07848000000000001,-0.50031,9.770760000000001
103318180785,21.97,0.012775810124598492,0.0,0.0,0.07848000000000001,-0.49050000000000005,9.760950000000001
103323231290,21.97,0.011711159280881954,-0.003193952531149623,0.0,0.08829,-0.49050000000000005,9.79038
103328281795,21.97,0.01918116847941768,0.005323254218582705,0.0,0.06867000000000001,-0.50031,9.85905
103333332300,21.97,0.021310470166850764,0.01064650843716541,0.0,0.039240000000000004,-0.50031,9.87867
103338382805,21.97,0.0170518667919846,0.01811651763570114,0.0,0.009810000000000001,-0.47088,9.87867
103343433310,21.97,0.0170518667919846,0.015987215948268057,0.0,-0.039240000000000004,-0.49050000000000005,9.79038
103348483815,21.97,0.014905111812031574,0.006387905062299246,0.0,-0.039240000000000004,-0.44145,9.66285
103353534320,21.97,0.01811651763570114,-0.004258603374866164,0.0,0.0,-0.45126,9.6138
103358584825,21.97,0.02769837522915001,-0.006387905062299246,0.0,-0.009810000000000001,-0.42183,9.64323
103363635330,21.97,0.02663372438543347,0.0,0.0,-0.019620000000000002,-0.42183,9.72171
103368685835,21.97,0.021310470166850764,0.002129301687433082,0.0,-0.05886,-0.44145,9.84924
103373736340,21.97,0.008517206749732328,0.012775810124598492,0.0,-0.06867000000000001,-0.45126,9.95715
103378786845,21.97,0.003193952531149623,0.008517206749732328,0.0,-0.10791,-0.45126,9.888480000000001
103383837350,21.97,-0.001064650843716541,0.004258603374866164,0.0,-0.08829,-0.48069000000000006,9.83943
103388887855,21.97,0.004258603374866164,0.006387905062299246,0.0,-0.07848000000000001,-0.47088,9.81
103393938360,21.97,0.008517206749732328,0.006387905062299246,0.0,-0.08829,-0.47088,9.82962
103398988865,21.97,0.015987215948268057,-0.005323254218582705,0.0,-0.12753,-0.48069000000000006,9.87867
103404039370,21.97,0.008517206749732328,-0.00958185759344887,0.0,-0.08829,-0.51012,9.94734
103409089875,21.97,0.001064650843716541,-0.020245819323134222,0.0,-0.05886,-0.57879,9.99639
103414140380,21.97,-0.007452555906015787,-0.031956978604016174,0.0,0.0,-0.57879,9.96696
103419190885,21.97,-0.001064650843716541,-0.03728023282259888,0.0,0.08829,-0.56898,9.94734
103424241390,21.97,0.01064650843716541,-0.03728023282259888,0.0,0.16677000000000003,-0.59841,9.91791
103429291895,21.97,0.02556907354171693,-0.02769837522915001,0.0,0.20601000000000003,-0.5395500000000001,9.908100000000001
103434342400,21.97,0.04260348704118158,-0.006387905062299246,0.0,0.24525000000000002,-0.5395500000000001,9.83943
103439392905,21.97,0.039409534510031964,0.021310470166850764,0.0,0.22563,-0.51012,9.82962
103444443410,21.97,0.03408628029144926,0.04366813788489812,0.0,0.11772,-0.51993,9.80019
103449493915,21.97,0.024504422698000388,0.06497860805174888,0.0,0.0,-0.47088,9.751140000000001
103454544420,21.97,0.014905111812031574,0.06178465552059926,0.0,-0.16677000000000003,-0.47088,9.760950000000001
103459594925,21.97,0.02769837522915001,0.03728023282259888,0.0,-0.22563,-0.42183,9.770760000000001
103464645430,21.97,0.04581489286485115,0.012775810124598492,0.0,-0.26487,-0.3924,9.770760000000001
103469695935,21.97,0.05007349623971732,-0.006387905062299246,0.0,-0.26487,-0.3924,9.78057
103474746440,21.97,0.04581489286485115,-0.013840460968315033,0.0,-0.21582,-0.40221,9.81
103479796945,21.97,0.028763026072866547,-0.00958185759344887,0.0,-0.16677000000000003,-0.37278,9.74133
103484847450,21.97,0.004258603374866164,-0.007452555906015787,0.0,-0.16677000000000003,-0.3924,9.64323
103489897955,21.97,-0.001064650843716541,-0.022375121010567305,0.0,-0.11772,-0.38259000000000004,9.58437
103494948460,21.97,0.004258603374866164,-0.03621558197888234,0.0,-0.06867000000000001,-0.43164,9.67266
103499998965,21.97,0.01918116847941768,-0.060720004676882725,0.0,0.07848000000000001,-0.42183,9.770760000000001
103505049470,21.97,0.03089232776029963,-0.06817256058289851,0.0,0.21582,-0.44145,9.96696
103510099975,21.97,0.03089232776029963,-0.05113814708343386,0.0,0.30411,-0.46107000000000004,9.99639
103515150480,21.97,0.012775810124598492,0.001064650843716541,0.0,0.32373,-0.49050000000000005,9.908100000000001
103520200985,21.97,-0.004258603374866164,0.05113814708343386,0.0,0.25506,-0.47088,9.81
103525251490,21.97,-0.006387905062299246,0.08309512568745003,0.0,0.07848000000000001,-0.48069000000000006,9.7119
103530301995,21.97,0.0,0.08735372906231618,0.0,-0.07848000000000001,-0.47088,9.770760000000001
103535352500,21.97,0.015987215948268057,0.06178465552059926,0.0,-0.22563,-0.51012,9.86886
103540403005,21.97,0.03089232776029963,0.022375121010567305,0.0,-0.33354000000000006,-0.51012,9.98658
103545453510,21.97,0.028763026072866547,-0.00958185759344887,0.0,-0.33354000000000006,-0.50031,9.98658
103550504015,21.97,0.021310470166850764,-0.023439771854283843,0.0,-0.27468000000000004,-0.50031,9.95715
103555554520,21.97,0.01811651763570114,-0.03728023282259888,0.0,-0.16677000000000003,-0.51012,9.86886
103560605025,21.97,0.0170518667919846,-0.0404741853537485,0.0,-0.06867000000000001,-0.51993,9.81
103565655530,21.97,0.02769837522915001,-0.02663372438543347,0.0,0.0,-0.50031,9.78057
103570706035,21.97,0.0404741853537485,-0.001064650843716541,0.0,0.009810000000000001,-0.45126,9.79038
103575756540,21.97,0.0404741853537485,0.013840460968315033,0.0,-0.019620000000000002,-0.45126,9.82962
103580807045,21.97,0.03621558197888234,0.012775810124598492,0.0,-0.06867000000000001,-0.44145,9.908100000000001
103585857550,21.97,0.028763026072866547,0.0,0.0,-0.06867000000000001,-0.44145,9.91791
103590908055,21.97,0.022375121010567305,-0.03089232776029963,0.0,-0.05886,-0.44145,9.92772
103595958560,21.97,0.02663372438543347,-0.054332099614583476,0.0,0.05886,-0.42183,9.908100000000001
103601009065,21.97,0.03834488366631542,-0.05113814708343386,0.0,0.1962,-0.40221,9.86886
103606059570,21.97,0.05007349623971732,-0.023439771854283843,0.0,0.27468000000000004,-0.43164,9.86886
103611110075,21.97,0.04366813788489812,0.013840460968315033,0.0,0.24525000000000002,-0.41202000000000005,9.82962
103616160580,21.97,0.03728023282259888,0.05326744877086694,0.0,0.13734000000000002,-0.41202000000000005,9.81
103621211085,21.97,0.021310470166850764,0.08096582400001695,0.0,-0.019620000000000002,-0.41202000000000005,9.78057
103626261590,21.97,0.01064650843716541,0.09161233243718235,0.0,-0.20601000000000003,-0.40221,9.760950000000001
103631312095,21.97,0.021310470166850764,0.07990117315630041,0.0,-0.37278,-0.41202000000000005,9.74133
103636362600,21.97,0.02663372438543347,0.039409534510031964,0.0,-0.49050000000000005,-0.43164,9.819809999999999
103641413105,21.97,0.03728023282259888,-0.00958185759344887,0.0,-0.47088,-0.41202000000000005,9.84924
103646463610,21.97,0.03515093113516579,-0.054332099614583476,0.0,-0.3924,-0.42183,9.83943
103651514115,21.97,0.02769837522915001,-0.0852244273748831,0.0,-0.20601000000000003,-0.45126,9.760950000000001
103656564620,21.97,0.01811651763570114,-0.09267698328089889,0.0,0.0,-0.43164,9.67266
103661615125,21.97,0.015987215948268057,-0.07670722062515077,0.0,0.18639,-0.45126,9.64323
103666665630,21.97,0.022375121010567305,-0.06817256058289851,0.0,0.31392000000000003,-0.42183,9.770760000000001
103671716135,21.97,0.03621558197888234,-0.046879543708567686,0.0,0.43164,-0.45126,9.908100000000001
103676766640,21.97,0.0404741853537485,-0.005323254218582705,0.0,0.44145,-0.43164,9.94734
103681817145,21.97,0.04366813788489812,0.046879543708567686,0.0,0.36297,-0.42183,9.97677
103686867650,21.97,0.03621558197888234,0.09480628496833199,0.0,0.16677000000000003,-0.41202000000000005,9.87867
103691918155,21.97,0.02663372438543347,0.11398745344774965,0.0,-0.04905,-0.37278,9.78057
103696968660,21.97,0.021310470166850764,0.1171814059788993,0.0,-0.28449,-0.3924,9.69228
103702019165,21.97,0.024504422698000388,0.10545279340549739,0.0,-0.49050000000000005,-0.36297,9.7119
103707069670,21.97,0.03728023282259888,0.06710790973918197,0.0,-0.6768900000000001,-0.38259000000000004,9.78057
103712120175,21.97,0.03515093113516579,0.001064650843716541,0.0,-0.72594,-0.40221,9.86886
103717170680,21.97,0.03621558197888234,-0.06284930636431581,0.0,-0.59841,-0.38259000000000004,9.92772
103722221185,21.97,0.024504422698000388,-0.11292280260403312,0.0,-0.37278,-0.41202000000000005,9.888480000000001
103727271690,21.97,0.0170518667919846,-0.1416858286768997,0.0,-0.07848000000000001,-0.42183,9.85905
103732322195,21.97,0.012775810124598492,-0.15659094048893124,0.0,0.23544,-0.46107000000000004,9.84924
103737372700,21.97,0.023439771854283843,-0.1331511686346474,0.0,0.5493600000000001,-0.48069000000000006,9.91791
103742423205,21.97,0.03834488366631542,-0.09693558665576507,0.0,0.74556,-0.48069000000000006,9.888480000000001
103747473710,21.97,0.044732788728614664,-0.0404741853537485,0.0,0.84366,-0.42183,9.97677
103752524215,21.97,0.04794419455228423,0.022375121010567305,0.0,0.79461,-0.45126,9.95715
103757574720,21.97,0.0404741853537485,0.09374163412461543,0.0,0.60822,-0.42183,10.025820000000001
103762625225,21.97,0.03408628029144926,0.1555262896452147,0.0,0.35316,-0.42183,9.908100000000001
103767675730,21.97,0.039409534510031964,0.18535396656179778,0.0,-0.02943,-0.40221,9.79038
103772726235,21.97,0.04260348704118158,0.177901410655782,0.0,-0.42183,-0.37278,9.770760000000001
103777776740,21.97,0.046879543708567686,0.14487978120804929,0.0,-0.70632,-0.36297,9.751140000000001
103782827245,21.97,0.05220279792715039,0.09054768159346581,0.0,-0.9123300000000001,-0.31392000000000003,9.770760000000001
103787877750,21.97,0.05007349623971732,0.031956978604016174,0.0,-0.9908100000000001,-0.32373,9.67266
103792928255,21.97,0.039409534510031964,-0.028763026072866547,0.0,-0.95157,-0.30411,9.67266
103797978760,21.97,0.03089232776029963,-0.08735372906231618,0.0,-0.7749900000000001,-0.34335000000000004,9.68247
103803029265,21.97,0.02982767691658309,-0.13849187614575004,0.0,-0.51012,-0.34335000000000004,9.70209
103808079770,21.97,0.02982767691658309,-0.1629788455512305,0.0,-0.16677000000000003,-0.38259000000000004,9.72171
103813130275,21.97,0.03515093113516579,-0.16191419470751395,0.0,0.15696000000000002,-0.38259000000000004,9.81
103818180780,21.97,0.03515093113516579,-0.14062117783318315,0.0,0.44145,-0.38259000000000004,9.83943
103823231285,21.97,0.03728023282259888,-0.10225884087434776,0.0,0.6867000000000001,-0.38259000000000004,9.83943
103828281790,21.97,0.03834488366631542,-0.04366813788489812,0.0,0.7848,-0.38259000000000004,9.760950000000001
103833332295,21.97,0.033021629447732716,0.01811651763570114,0.0,0.75537,-0.38259000000000004,9.819809999999999
103838382800,21.97,0.03621558197888234,0.06817256058289851,0.0,0.63765,-0.38259000000000004,9.86886
103843433305,21.97,0.0404741853537485,0.10225884087434776,0.0,0.43164,-0.37278,9.888480000000001
103848483810,21.97,0.03621558197888234,0.11931070766633237,0.0,0.15696000000000002,-0.36297,9.87867
103853534315,21.97,0.039409534510031964,0.1097288500728835,0.0,-0.08829,-0.34335000000000004,9.89829
103858584820,21.97,0.03834488366631542,0.08841837990603273,0.0,-0.27468000000000004,-0.33354000000000006,9.91791
103863635325,21.97,0.03728023282259888,0.06604325889546543,0.0,-0.40221,-0.36297,9.908100000000001
103868685830,21.97,0.02556907354171693,0.031956978604016174,0.0,-0.50031,-0.35316,9.89829
103873736335,21.97,0.024504422698000388,0.001064650843716541,0.0,-0.47088,-0.3924,9.91791
103878786840,21.97,0.028763026072866547,-0.02663372438543347,0.0,-0.42183,-0.3924,9.94734
103883837345,21.97,0.02982767691658309,-0.04581489286485115,0.0,-0.34335000000000004,-0.43164,9.95715
103888887850,21.97,0.03089232776029963,-0.06284930636431581,0.0,-0.20601000000000003,-0.42183,9.937529999999999
103893938355,21.97,0.03515093113516579,-0.0756251164889143,0.0,-0.04905,-0.42183,9.92772
103898988860,21.97,0.04581489286485115,-0.07456046564519776,0.0,0.12753,-0.43164,9.87867
103904039365,21.97,0.05007349623971732,-0.06284930636431581,0.0,0.26487,-0.3924,9.78057
103909089870,21.97,0.05326744877086694,-0.049008845396000776,0.0,0.41202000000000005,-0.38259000000000004,9.73152
103914140375,21.97,0.05965535383316618,-0.023439771854283843,0.0,0.46107000000000004,-0.37278,9.751140000000001
103919190880,21.97,0.060720004676882725,0.00958185759344887,0.0,0.43164,-0.34335000000000004,9.79038
103924241385,21.97,0.06710790973918197,0.04366813788489812,0.0,0.35316,-0.27468000000000004,9.80019
103929291890,21.97,0.06604325889546543,0.06817256058289851,0.0,0.21582,-0.26487,9.770760000000001
103934342395,21.97,0.06604325889546543,0.07777187146886733,0.0,0.05886,-0.21582,9.79038
103939392900,21.97,0.05859070298944965,0.08309512568745003,0.0,-0.05886,-0.22563,9.72171
103944443405,21.97,0.05113814708343386,0.0852244273748831,0.0,-0.25506,-0.1962,9.70209
103949493910,21.97,0.04794419455228423,0.08203047484373349,0.0,-0.43164,-0.1962,9.74133
103954544415,21.97,0.04366813788489812,0.06604325889546543,0.0,-0.5591700000000001,-0.1962,9.82962
103959594920,21.97,0.03621558197888234,0.04581489286485115,0.0,-0.6768900000000001,-0.22563,9.94734
103964645425,21.97,0.022375121010567305,0.02556907354171693,0.0,-0.75537,-0.27468000000000004,9.99639
103969695930,21.97,0.021310470166850764,-0.002129301687433082,0.0,-0.7651800000000001,-0.31392000000000003,10.025820000000001
103974746435,21.97,0.01064650843716541,-0.031956978604016174,0.0,-0.6768900000000001,-0.32373,9.96696
103979796940,21.97,0.014905111812031574,-0.06284930636431581,0.0,-0.51993,-0.3924,9.86886
103984847445,21.97,0.02769837522915001,-0.09161233243718235,0.0,-0.37278,-0.40221,9.80019
103989897950,21.97,0.03408628029144926,-0.1288925652597812,0.0,-0.0981,-0.41202000000000005,9.80019
103994948455,21.97,0.03834488366631542,-0.1374272253020335,0.0,0.1962,-0.44145,9.819809999999999
103999998960,21.97,0.05113814708343386,-0.11505210429146619,0.0,0.46107000000000004,-0.41202000000000005,9.888480000000001
104005049465,21.97,0.05220279792715039,-0.08415977653116657,0.0,0.6180300000000001,-0.41202000000000005,9.89829
104010099970,21.97,0.05752605214573309,-0.05752605214573309,0.0,0.72594,-0.41202000000000005,9.83943
104015150475,21.97,0.06710790973918197,-0.020245819323134222,0.0,0.79461,-0.35316,9.79038
104020200980,21.97,0.07990117315630041,0.014905111812031574,0.0,0.75537,-0.2943,9.79038
104025251485,21.97,0.08948303074974927,0.060720004676882725,0.0,0.64746,-0.23544,9.70209
104030301990,21.97,0.08841837990603273,0.10545279340549739,0.0,0.42183,-0.18639,9.65304
104035352495,21.97,0.0852244273748831,0.12676326357234816,0.0,0.15696000000000002,-0.13734000000000002,9.623610000000001
104040403000,21.97,0.07136651311404815,0.12995721610349775,0.0,-0.10791,-0.10791,9.65304
104045453505,21.97,0.06497860805174888,0.11292280260403312,0.0,-0.34335000000000004,-0.08829,9.73152
104050504010,21.97,0.054332099614583476,0.08948303074974927,0.0,-0.5493600000000001,-0.06867000000000001,9.78057
104055554515,21.97,0.04260348704118158,0.06284930636431581,0.0,-0.6768900000000001,-0.07848000000000001,9.770760000000001
104060605020,21.97,0.03621558197888234,0.022375121010567305,0.0,-0.72594,-0.11772,9.87867
104065655525,21.97,0.02769837522915001,-0.0170518667919846,0.0,-0.69651,-0.17658,9.84924
104070706030,21.97,0.015987215948268057,-0.060720004676882725,0.0,-0.59841,-0.23544,9.83943
104075756535,21.97,0.01064650843716541,-0.08735372906231618,0.0,-0.3924,-0.28449,9.85905
104080807040,21.97,0.007452555906015787,-0.0852244273748831,0.0,-0.22563,-0.32373,9.937529999999999
104085857545,21.97,0.007452555906015787,-0.08415977653116657,0.0,-0.07848000000000001,-0.38259000000000004,9.98658
104090908050,21.97,0.014905111812031574,-0.07349581480148122,0.0,0.11772,-0.40221,9.97677
104095958555,21.97,0.02769837522915001,-0.05965535383316618,0.0,0.23544,-0.43164,10.045440000000001
104101009060,21.97,0.03621558197888234,-0.03834488366631542,0.0,0.32373,-0.42183,9.937529999999999
104106059565,21.97,0.04581489286485115,-0.006387905062299246,0.0,0.35316,-0.41202000000000005,9.92772
104111110070,21.97,0.060720004676882725,0.020245819323134222,0.0,0.34335000000000004,-0.40221,9.85905
104116160575,21.97,0.06817256058289851,0.03515093113516579,0.0,0.24525000000000002,-0.35316,9.81
104121211080,21.97,0.07349581480148122,0.03515093113516579,0.0,0.13734000000000002,-0.33354000000000006,9.83943
104126261585,21.97,0.08203047484373349,0.03621558197888234,0.0,0.12753,-0.25506,9.78057
104131312090,21.97,0.09161233243718235,0.021310470166850764,0.0,0.08829,-0.17658,9.770760000000001
104136362595,21.97,0.09587093581204853,0.006387905062299246,0.0,0.009810000000000001,-0.15696000000000002,9.81
104141413100,21.97,0.09800023749948161,0.007452555906015787,0.0,0.009810000000000001,-0.10791,9.70209
104146463605,21.97,0.09054768159346581,0.001064650843716541,0.0,0.009810000000000001,-0.04905,9.68247
104151514110,21.97,0.07456046564519776,0.00958185759344887,0.0,0.019620000000000002,-0.039240000000000004,9.70209
104156564615,21.97,0.06817256058289851,0.03728023282259888,0.0,-0.05886,-0.02943,9.72171
104161615120,21.97,0.05220279792715039,0.049008845396000776,0.0,-0.20601000000000003,-0.02943,9.751140000000001
104166665625,21.97,0.04153883619746504,0.054332099614583476,0.0,-0.26487,-0.08829,9.82962
104171716130,21.97,0.04366813788489812,0.049008845396000776,0.0,-0.40221,-0.0981,9.85905
104176766635,21.97,0.02982767691658309,0.03408628029144926,0.0,-0.45126,-0.14715,9.86886
104181817140,21.97,0.01918116847941768,0.011711159280881954,0.0,-0.51012,-0.18639,9.82962
104186867645,21.97,0.015987215948268057,-0.01811651763570114,0.0,-0.44145,-0.26487,9.73152
104191918150,21.97,0.0170518667919846,-0.06710790973918197,0.0,-0.34335000000000004,-0.2943,9.751140000000001
104196968655,21.97,0.01918116847941768,-0.11079350091660004,0.0,-0.10791,-0.31392000000000003,9.70209
104202019160,21.97,0.028763026072866547,-0.12676326357234816,0.0,0.16677000000000003,-0.33354000000000006,9.84924
104207069665,21.97,0.04366813788489812,-0.12569861272863161,0.0,0.43164,-0.34335000000000004,9.91791
104212120170,21.97,0.05007349623971732,-0.09054768159346581,0.0,0.63765,-0.38259000000000004,9.937529999999999
104217170675,21.97,0.06178465552059926,-0.033021629447732716,0.0,0.70632,-0.31392000000000003,9.86886
104222221180,21.97,0.06391395720803235,0.024504422698000388,0.0,0.65727,-0.31392000000000003,9.819809999999999
104227271685,21.97,0.07030186227033158,0.08203047484373349,0.0,0.5395500000000001,-0.24525000000000002,9.760950000000001
104232322190,21.97,0.07990117315630041,0.1374272253020335,0.0,0.26487,-0.20601000000000003,9.80019
104237372695,21.97,0.08096582400001695,0.15872024217636432,0.0,-0.06867000000000001,-0.16677000000000003,9.82962
104242423200,21.97,0.07990117315630041,0.14381513036433274,0.0,-0.3924,-0.07848000000000001,9.79038
104247473705,21.97,0.07456046564519776,0.10332349171806432,0.0,-0.64746,-0.0981,9.89829
104252524210,21.97,0.07136651311404815,0.03515093113516579,0.0,-0.71613,-0.05886,9.91791
104257574715,21.97,0.06923721142661506,-0.02769837522915001,0.0,-0.6867000000000001,-0.04905,9.81
104262625220,21.97,0.06710790973918197,-0.07030186227033158,0.0,-0.51993,-0.07848000000000001,9.83943
104267675725,21.97,0.06284930636431581,-0.10438814256178083,0.0,-0.32373,-0.06867000000000001,9.80019
104272726230,21.97,0.05539675045830002,-0.10545279340549739,0.0,-0.04905,-0.04905,9.751140000000001
104277776735,21.97,0.044732788728614664,-0.08841837990603273,0.0,0.08829,-0.11772,9.80019
104282827240,21.97,0.03834488366631542,-0.06817256058289851,0.0,0.28449,-0.11772,9.79038
104287877745,21.97,0.03834488366631542,-0.039409534510031964,0.0,0.38259000000000004,-0.13734000000000002,9.78057
104292928250,21.97,0.04260348704118158,-0.0170518667919846,0.0,0.38259000000000004,-0.12753,9.83943
104297978755,21.97,0.04794419455228423,-0.003193952531149623,0.0,0.43164,-0.17658,9.81
104303029260,21.97,0.054332099614583476,0.004258603374866164,0.0,0.38259000000000004,-0.17658,9.819809999999999
104308079765,21.97,0.05752605214573309,0.01811651763570114,0.0,0.37278,-0.17658,9.819809999999999
104313130270,21.97,0.060720004676882725,0.04794419455228423,0.0,0.2943,-0.16677000000000003,9.819809999999999
104318180775,21.97,0.05752605214573309,0.07777187146886733,0.0,0.12753,-0.14715,9.80019
104323231280,21.97,0.05539675045830002,0.10012953918691468,0.0,-0.10791,-0.14715,9.81
104328281785,21.97,0.054332099614583476,0.09906488834319814,0.0,-0.31392000000000003,-0.12753,9.79038
104333332290,21.97,0.05220279792715039,0.06923721142661506,0.0,-0.45126,-0.14715,9.86886
104338382795,21.97,0.05646140130201656,0.02663372438543347,0.0,-0.51012,-0.12753,9.888480000000001
104343433300,21.97,0.06178465552059926,-0.022375121010567305,0.0,-0.49050000000000005,-0.10791,9.908100000000001
104348483805,21.97,0.05859070298944965,-0.05965535383316618,0.0,-0.41202000000000005,-0.12753,9.87867
104353534310,21.97,0.06497860805174888,-0.07883652231258387,0.0,-0.24525000000000002,-0.11772,9.81
104358584815,21.97,0.06178465552059926,-0.08415977653116657,0.0,-0.009810000000000001,-0.11772,9.81
104363635320,21.97,0.06497860805174888,-0.08096582400001695,0.0,0.17658,-0.0981,9.86886
104368685825,21.97,0.05752605214573309,-0.05113814708343386,0.0,0.30411,-0.10791,9.82962
104373736330,21.97,0.05859070298944965,-0.021310470166850764,0.0,0.34335000000000004,-0.10791,9.79038
104378786835,21.97,0.060720004676882725,-0.00958185759344887,0.0,0.35316,-0.07848000000000001,9.751140000000001
104383837340,21.97,0.06178465552059926,0.002129301687433082,0.0,0.37278,-0.05886,9.70209
104388887845,21.97,0.07030186227033158,0.012775810124598492,0.0,0.30411,-0.04905,9.74133
104393938350,21.97,0.07777187146886733,0.021310470166850764,0.0,0.27468000000000004,-0.02943,9.81
104398988855,21.97,0.07243116395776468,0.046879543708567686,0.0,0.18639,-0.019620000000000002,9.89829
104404039360,21.97,0.06391395720803235,0.07777187146886733,0.0,0.0,-0.039240000000000004,9.84924
104409089865,21.97,0.05539675045830002,0.09693558665576507,0.0,-0.18639,-0.02943,9.78057
104414140370,21.97,0.04794419455228423,0.09161233243718235,0.0,-0.32373,-0.02943,9.751140000000001
104419190875,21.97,0.049008845396000776,0.05752605214573309,0.0,-0.48069000000000006,-0.039240000000000004,9.73152
104424241380,21.97,0.05220279792715039,0.015987215948268057,0.0,-0.5493600000000001,-0.06867000000000001,9.79038
104429291885,21.97,0.05646140130201656,-0.033021629447732716,0.0,-0.47088,-0.04905,9.81
104434342390,21.97,0.060720004676882725,-0.07777187146886733,0.0,-0.33354000000000006,-0.04905,9.82962
104439392895,21.97,0.05539675045830002,-0.09161233243718235,0.0,-0.15696000000000002,-0.0981,9.888480000000001
104444443400,21.97,0.05646140130201656,-0.08203047484373349,0.0,0.04905,-0.10791,9.85905
104449493905,21.97,0.05007349623971732,-0.05859070298944965,0.0,0.1962,-0.0981,9.83943
104454544410,21.97,0.049008845396000776,-0.02769837522915001,0.0,0.25506,-0.04905,9.80019
104459594915,21.97,0.05646140130201656,-0.00958185759344887,0.0,0.2943,-0.08829,9.67266
104464645420,21.97,0.06178465552059926,-0.001064650843716541,0.0,0.2943,-0.07848000000000001,9.69228
104469695925,21.97,0.06923721142661506,0.002129301687433082,0.0,0.30411,-0.02943,9.770760000000001
104474746430,21.97,0.07456046564519776,0.013840460968315033,0.0,0.24525000000000002,-0.019620000000000002,9.84924
104479796935,21.97,0.0756251164889143,0.03834488366631542,0.0,0.18639,-0.02943,9.94734
104484847440,21.97,0.06923721142661506,0.05220279792715039,0.0,0.02943,-0.019620000000000002,10.006200000000002
104489897945,21.97,0.06391395720803235,0.06284930636431581,0.0,-0.06867000000000001,-0.009810000000000001,9.91791
104494948450,21.97,0.05859070298944965,0.054332099614583476,0.0,-0.17658,-0.02943,9.81
104499998955,21.97,0.05752605214573309,0.028763026072866547,0.0,-0.26487,0.019620000000000002,9.72171
104505049460,21.97,0.06178465552059926,0.012775810124598492,0.0,-0.25506,0.0,9.623610000000001
104510099965,21.97,0.06923721142661506,-0.008517206749732328,0.0,-0.26487,0.0,9.760950000000001
104515150470,21.97,0.06497860805174888,-0.033021629447732716,0.0,-0.1962,0.039240000000000004,9.888480000000001
104520200975,21.97,0.06284930636431581,-0.04581489286485115,0.0,-0.13734000000000002,0.009810000000000001,9.937529999999999
104525251480,21.97,0.049008845396000776,-0.044732788728614664,0.0,-0.02943,-0.009810000000000001,9.86886
104530301985,21.97,0.04794419455228423,-0.03728023282259888,0.0,0.07848000000000001,0.0,9.79038
104535352490,21.97,0.05113814708343386,-0.023439771854283843,0.0,0.13734000000000002,0.009810000000000001,9.633420000000001
104540402995,21.97,0.06391395720803235,-0.00958185759344887,0.0,0.13734000000000002,0.0,9.623610000000001
104545453500,21.97,0.07030186227033158,-0.008517206749732328,0.0,0.1962,0.019620000000000002,9.72171
104550504005,21.97,0.07030186227033158,0.001064650843716541,0.0,0.17658,0.019620000000000002,9.79038
104555554510,21.97,0.06497860805174888,0.013840460968315033,0.0,0.15696000000000002,0.0,9.888480000000001
104560605015,21.97,0.05539675045830002,0.021310470166850764,0.0,0.07848000000000001,0.0,9.937529999999999
104565655520,21.97,0.04794419455228423,0.02663372438543347,0.0,0.02943,0.0,9.87867
104570706025,21.97,0.05752605214573309,0.02663372438543347,0.0,-0.019620000000000002,-0.009810000000000001,9.89829
104575756530,21.97,0.06817256058289851,0.02556907354171693,0.0,-0.04905,0.019620000000000002,9.819809999999999
104580807035,21.97,0.07030186227033158,0.02769837522915001,0.0,-0.07848000000000001,0.039240000000000004,9.74133
104585857540,21.97,0.06497860805174888,0.028763026072866547,0.0,-0.14715,0.02943,9.760950000000001
104590908045,21.97,0.060720004676882725,0.015987215948268057,0.0,-0.20601000000000003,0.02943,9.770760000000001
104595958550,21.97,0.054332099614583476,-0.004258603374866164,0.0,-0.1962,0.05886,9.751140000000001
104601009055,21.97,0.05539675045830002,-0.02982767691658309,0.0,-0.14715,0.039240000000000004,9.81
104606059560,21.97,0.06284930636431581,-0.04153883619746504,0.0,-0.039240000000000004,0.039240000000000004,9.86886
104611110065,21.97,0.07243116395776468,-0.031956978604016174,0.0,0.04905,0.06867000000000001,9.89829
104616160570,21.97,0.07349581480148122,-0.01811651763570114,0.0,0.039240000000000004,0.05886,9.78057
104621211075,21.97,0.06817256058289851,-0.01064650843716541,0.0,0.0981,0.05886,9.70209
104626261580,21.97,0.05752605214573309,-0.008517206749732328,0.0,0.11772,0.07848000000000001,9.633420000000001
104631312085,21.97,0.049008845396000776,-0.003193952531149623,0.0,0.15696000000000002,0.05886,9.65304
104636362590,21.97,0.05220279792715039,0.0,0.0,0.13734000000000002,0.06867000000000001,9.81
104641413095,21.97,0.060720004676882725,0.011711159280881954,0.0,0.0981,0.04905,9.94734
104646463600,21.97,0.06817256058289851,0.012775810124598492,0.0,0.04905,0.06867000000000001,10.03563
104651514105,21.97,0.06497860805174888,0.011711159280881954,0.0,0.019620000000000002,0.05886,10.006200000000002
104656564610,21.97,0.05859070298944965,0.015987215948268057,0.0,0.019620000000000002,0.04905,9.74133
104661615115,21.97,0.05646140130201656,0.01811651763570114,0.0,0.009810000000000001,0.039240000000000004,9.66285
104666665620,21.97,0.054332099614583476,0.022375121010567305,0.0,-0.039240000000000004,0.05886,9.68247
104671716125,21.97,0.05965535383316618,0.0170518667919846,0.0,-0.08829,0.08829,9.67266
104676766630,21.97,0.06710790973918197,0.002129301687433082,0.0,-0.10791,0.06867000000000001,9.79038
104681817135,21.97,0.07136651311404815,-0.014905111812031574,0.0,-0.08829,0.10791,9.888480000000001
104686867640,21.97,0.07136651311404815,-0.020245819323134222,0.0,-0.05886,0.13734000000000002,9.87867
104691918145,21.97,0.06817256058289851,-0.0170518667919846,0.0,0.019620000000000002,0.08829,9.84924
104696968650,21.97,0.06391395720803235,-0.008517206749732328,0.0,0.039240000000000004,0.10791,9.751140000000001
104702019155,21.97,0.060720004676882725,0.001064650843716541,0.0,0.04905,0.12753,9.623610000000001
104707069660,21.97,0.05752605214573309,0.007452555906015787,0.0,0.009810000000000001,0.14715,9.70209
104712120165,21.97,0.05859070298944965,0.001064650843716541,0.0,0.009810000000000001,0.12753,9.73152
104717170670,21.97,0.05646140130201656,-0.001064650843716541,0.0,0.039240000000000004,0.13734000000000002,9.84924
104722221175,21.97,0.060720004676882725,-0.01064650843716541,0.0,0.02943,0.11772,9.99639
104727271680,21.97,0.05859070298944965,-0.01064650843716541,0.0,0.039240000000000004,0.08829,10.006200000000002
104732322185,21.97,0.05646140130201656,-0.001064650843716541,0.0,0.039240000000000004,0.10791,9.908100000000001
104737372690,21.97,0.054332099614583476,0.004258603374866164,0.0,0.039240000000000004,0.0981,9.78057
104742423195,21.97,0.05539675045830002,0.006387905062299246,0.0,0.04905,0.08829,9.7119
104747473700,21.97,0.060720004676882725,0.00958185759344887,0.0,0.039240000000000004,0.13734000000000002,9.60399
104752524205,21.97,0.06817256058289851,0.002129301687433082,0.0,0.04905,0.12753,9.633420000000001
104757574710,21.97,0.07030186227033158,0.006387905062299246,0.0,0.02943,0.15696000000000002,9.751140000000001
104762625215,21.97,0.07136651311404815,0.005323254218582705,0.0,0.0,0.14715,9.819809999999999
104767675720,21.97,0.06284930636431581,0.002129301687433082,0.0,-0.02943,0.15696000000000002,9.888480000000001
104772726225,21.97,0.060720004676882725,-0.001064650843716541,0.0,-0.009810000000000001,0.11772,9.81
104777776730,21.97,0.05859070298944965,0.001064650843716541,0.0,0.0,0.15696000000000002,9.69228
104782827235,21.97,0.060720004676882725,-0.003193952531149623,0.0,0.0,0.17658,9.69228
104787877740,21.97,0.06391395720803235,0.001064650843716541,0.0,0.009810000000000001,0.18639,9.73152
104792928245,21.97,0.06604325889546543,0.003193952531149623,0.0,0.0,0.17658,9.751140000000001
104797978750,21.97,0.054332099614583476,-0.003193952531149623,0.0,0.019620000000000002,0.15696000000000002,9.85905
104803029255,21.97,0.05113814708343386,-0.01064650843716541,0.0,-0.019620000000000002,0.15696000000000002,9.92772
104808079760,21.97,0.05326744877086694,-0.006387905062299246,0.0,0.0,0.13734000000000002,9.84924
104813130265,21.97,0.05113814708343386,0.006387905062299246,0.0,0.019620000000000002,0.13734000000000002,9.92772
104818180770,21.97,0.05859070298944965,0.01064650843716541,0.0,0.009810000000000001,0.12753,9.84924
104823231275,21.97,0.05965535383316618,0.008517206749732328,0.0,0.019620000000000002,0.13734000000000002,9.70209
104828281780,21.97,0.060720004676882725,0.01064650843716541,0.0,-0.009810000000000001,0.15696000000000002,9.68247
104833332285,21.97,0.06284930636431581,0.003193952531149623,0.0,-0.009810000000000001,0.18639,9.64323
104838382790,21.97,0.06391395720803235,-0.002129301687433082,0.0,0.0,0.20601000000000003,9.69228
104843433295,21.97,0.06923721142661506,-0.006387905062299246,0.0,0.0,0.20601000000000003,9.82962
104848483800,21.97,0.06710790973918197,-0.01064650843716541,0.0,0.0,0.23544,9.908100000000001
104853534305,21.97,0.06284930636431581,-0.013840460968315033,0.0,0.009810000000000001,0.20601000000000003,9.92772
104858584810,21.97,0.05859070298944965,-0.020245819323134222,0.0,0.06867000000000001,0.1962,9.79038
104863635315,21.97,0.05965535383316618,-0.01064650843716541,0.0,0.12753,0.22563,9.69228
104868685820,21.97,0.05859070298944965,0.0,0.0,0.14715,0.25506,9.68247
104873736325,21.97,0.05859070298944965,0.003193952531149623,0.0,0.11772,0.24525000000000002,9.760950000000001
104878786830,21.97,0.05965535383316618,0.008517206749732328,0.0,0.08829,0.20601000000000003,9.83943
104883837335,21.97,0.049008845396000776,0.006387905062299246,0.0,0.039240000000000004,0.1962,9.819809999999999
104888887840,21.97,0.049008845396000776,0.003193952531149623,0.0,0.009810000000000001,0.16677000000000003,9.82962
104893938345,21.97,0.05220279792715039,0.011711159280881954,0.0,0.019620000000000002,0.18639,9.82962
104898988850,21.97,0.060720004676882725,0.015987215948268057,0.0,0.0,0.16677000000000003,9.78057
104904039355,21.97,0.06284930636431581,0.013840460968315033,0.0,-0.02943,0.20601000000000003,9.73152
104909089860,21.97,0.06497860805174888,0.00958185759344887,0.0,-0.05886,0.24525000000000002,9.65304
104914140365,21.97,0.06817256058289851,0.002129301687433082,0.0,-0.05886,0.28449,9.633420000000001
104919190870,21.97,0.06817256058289851,-0.005323254218582705,0.0,-0.02943,0.37278,9.69228
104924241375,21.97,0.060720004676882725,-0.005323254218582705,0.0,0.019620000000000002,0.37278,9.85905
104929291880,21.97,0.05007349623971732,-0.003193952531149623,0.0,0.0,0.25506,9.87867
104934342385,21.97,0.04581489286485115,-0.005323254218582705,0.0,-0.02943,0.18639,9.84924
104939392890,21.97,0.0404741853537485,-0.011711159280881954,0.0,-0.009810000000000001,0.16677000000000003,9.81
104944443395,21.97,0.044732788728614664,-0.01811651763570114,0.0,0.04905,0.15696000000000002,9.770760000000001
104949493900,21.97,0.046879543708567686,-0.015987215948268057,0.0,0.06867000000000001,0.18639,9.81
104954544405,21.97,0.06284930636431581,-0.01064650843716541,0.0,0.12753,0.26487,9.819809999999999
104959594910,21.97,0.06178465552059926,-0.011711159280881954,0.0,0.14715,0.27468000000000004,9.819809999999999
104964645415,21.97,0.05646140130201656,-0.0170518667919846,0.0,0.18639,0.24525000000000002,9.85905
104969695920,21.97,0.05220279792715039,-0.008517206749732328,0.0,0.20601000000000003,0.21582,9.83943
104974746425,21.97,0.05326744877086694,0.006387905062299246,0.0,0.17658,0.18639,9.81
104979796930,21.97,0.060720004676882725,0.024504422698000388,0.0,0.13734000000000002,0.22563,9.80019
104984847435,21.97,0.07136651311404815,0.03834488366631542,0.0,0.04905,0.26487,9.78057
104989897940,21.97,0.07136651311404815,0.031956978604016174,0.0,-0.019620000000000002,0.31392000000000003,9.7119
104994948445,21.97,0.07030186227033158,0.020245819323134222,0.0,-0.04905,0.3924,9.70209
104999998950,21.97,0.06497860805174888,0.022375121010567305,0.0,-0.06867000000000001,0.3924,9.7119
105005049455,21.97,0.05859070298944965,0.020245819323134222,0.0,-0.10791,0.37278,9.80019
105010099960,21.97,0.049008845396000776,0.013840460968315033,0.0,-0.18639,0.27468000000000004,9.85905
105015150465,21.97,0.04366813788489812,-0.001064650843716541,0.0,-0.18639,0.20601000000000003,9.86886
105020200970,21.97,0.04366813788489812,-0.028763026072866547,0.0,-0.13734000000000002,0.23544,9.78057
105025251475,21.97,0.05326744877086694,-0.03834488366631542,0.0,-0.04905,0.26487,9.79038
105030301980,21.97,0.060720004676882725,-0.02982767691658309,0.0,0.039240000000000004,0.35316,9.770760000000001
105035352485,21.97,0.05752605214573309,-0.022375121010567305,0.0,0.11772,0.35316,9.69228
105040402990,21.97,0.05007349623971732,-0.012775810124598492,0.0,0.15696000000000002,0.32373,9.78057
105045453495,21.97,0.046879543708567686,-0.014905111812031574,0.0,0.16677000000000003,0.2943,9.73152
105050504000,21.97,0.04260348704118158,-0.01811651763570114,0.0,0.17658,0.26487,9.7119
105055554505,21.97,0.05007349623971732,-0.004258603374866164,0.0,0.20601000000000003,0.28449,9.79038
105060605010,21.97,0.060720004676882725,0.012775810124598492,0.0,0.20601000000000003,0.27468000000000004,9.819809999999999
105065655515,21.97,0.06391395720803235,0.020245819323134222,0.0,0.14715,0.2943,9.78057
105070706020,21.97,0.06497860805174888,0.023439771854283843,0.0,0.06867000000000001,0.31392000000000003,9.68247
105075756525,21.97,0.06391395720803235,0.028763026072866547,0.0,0.04905,0.33354000000000006,9.65304
105080807030,21.97,0.054332099614583476,0.02982767691658309,0.0,-0.009810000000000001,0.40221,9.69228
105085857535,21.97,0.05646140130201656,0.02556907354171693,0.0,-0.05886,0.43164,9.819809999999999
105090908040,21.97,0.05326744877086694,0.0170518667919846,0.0,-0.10791,0.40221,9.89829
105095958545,21.97,0.046879543708567686,0.0,0.0,-0.14715,0.32373,9.92772
105101009050,21.97,0.04581489286485115,-0.0170518667919846,0.0,-0.13734000000000002,0.24525000000000002,9.888480000000001
105106059555,21.97,0.05007349623971732,-0.028763026072866547,0.0,-0.06867000000000001,0.30411,9.78057
105111110060,21.97,0.05326744877086694,-0.02982767691658309,0.0,0.019620000000000002,0.35316,9.760950000000001
105116160565,21.97,0.05326744877086694,-0.02556907354171693,0.0,0.10791,0.41202000000000005,9.81
105121211070,21.97,0.049008845396000776,-0.022375121010567305,0.0,0.18639,0.34335000000000004,9.770760000000001
105126261575,21.97,0.04260348704118158,-0.011711159280881954,0.0,0.20601000000000003,0.27468000000000004,9.78057
105131312080,21.97,0.05220279792715039,-0.003193952531149623,0.0,0.17658,0.30411,9.760950000000001
105136362585,21.97,0.054332099614583476,0.00958185759344887,0.0,0.15696000000000002,0.28449,9.79038
105141413090,21.97,0.05539675045830002,0.015987215948268057,0.0,0.11772,0.33354000000000006,9.819809999999999
105146463595,21.97,0.06497860805174888,0.023439771854283843,0.0,0.07848000000000001,0.34335000000000004,9.80019
105151514100,21.97,0.060720004676882725,0.03408628029144926,0.0,0.02943,0.34335000000000004,9.7119
105156564605,21.97,0.05859070298944965,0.033021629447732716,0.0,-0.039240000000000004,0.37278,9.6138
105161615110,21.97,0.05752605214573309,0.02556907354171693,0.0,-0.0981,0.44145,9.7119
105166665615,21.97,0.05646140130201656,0.00958185759344887,0.0,-0.12753,0.50031,9.79038
105171716120,21.97,0.05113814708343386,-0.013840460968315033,0.0,-0.05886,0.51012,9.937529999999999
105176766625,21.97,0.04581489286485115,-0.031956978604016174,0.0,-0.019620000000000002,0.44145,9.908100000000001
105181817130,21.97,0.039409534510031964,-0.028763026072866547,0.0,0.039240000000000004,0.27468000000000004,9.81
105186867635,21.97,0.03515093113516579,-0.01811651763570114,0.0,0.039240000000000004,0.20601000000000003,9.67266
105191918140,21.97,0.04260348704118158,-0.013840460968315033,0.0,0.06867000000000001,0.2943,9.68247
105196968645,21.97,0.05113814708343386,-0.01064650843716541,0.0,0.13734000000000002,0.40221,9.7119
105202019150,21.97,0.05859070298944965,-0.011711159280881954,0.0,0.1962,0.50031,9.81
105207069655,21.97,0.05752605214573309,0.0,0.0,0.22563,0.43164,9.82962
105212120160,21.97,0.05113814708343386,0.01064650843716541,0.0,0.15696000000000002,0.38259000000000004,9.74133
105217170665,21.97,0.05113814708343386,0.01811651763570114,0.0,0.0981,0.31392000000000003,9.66285
105222221170,21.97,0.05113814708343386,0.021310470166850764,0.0,0.04905,0.37278,9.73152
105227271675,21.97,0.054332099614583476,0.011711159280881954,0.0,0.039240000000000004,0.44145,9.70209
105232322180,21.97,0.054332099614583476,0.008517206749732328,0.0,0.0,0.48069000000000006,9.751140000000001
105237372685,21.97,0.060720004676882725,0.011711159280881954,0.0,0.039240000000000004,0.48069000000000006,9.760950000000001
105242423190,21.97,0.05220279792715039,0.015987215948268057,0.0,-0.039240000000000004,0.42183,9.751140000000001
105247473695,21.97,0.04366813788489812,0.005323254218582705,0.0,-0.05886,0.43164,9.79038
105252524200,21.97,0.044732788728614664,-0.01064650843716541,0.0,-0.02943,0.40221,9.83943
105257574705,21.97,0.03515093113516579,-0.01811651763570114,0.0,0.009810000000000001,0.34335000000000004,9.87867
105262625210,21.97,0.03834488366631542,-0.015987215948268057,0.0,0.0,0.34335000000000004,9.95715
105267675715,21.97,0.05539675045830002,-0.006387905062299246,0.0,0.04905,0.33354000000000006,9.84924
105272726220,21.97,0.05859070298944965,0.001064650843716541,0.0,0.04905,0.38259000000000004,9.74133
105277776725,21.97,0.060720004676882725,-0.008517206749732328,0.0,0.07848000000000001,0.50031,9.72171
105282827230,21.97,0.060720004676882725,-0.01811651763570114,0.0,0.16677000000000003,0.5591700000000001,9.74133
105287877735,21.97,0.04581489286485115,-0.008517206749732328,0.0,0.20601000000000003,0.51012,9.69228
105292928240,21.97,0.04581489286485115,0.0,0.0,0.1962,0.48069000000000006,9.73152
105297978745,21.97,0.04581489286485115,0.013840460968315033,0.0,0.15696000000000002,0.40221,9.79038
105303029250,21.97,0.044732788728614664,0.015987215948268057,0.0,0.0981,0.35316,9.7119
105308079755,21.97,0.05007349623971732,0.01064650843716541,0.0,0.019620000000000002,0.37278,9.7119
105313130260,21.97,0.049008845396000776,0.015987215948268057,0.0,0.05886,0.3924,9.74133
105318180765,21.97,0.05220279792715039,0.014905111812031574,0.0,0.019620000000000002,0.49050000000000005,9.66285
105323231270,21.97,0.060720004676882725,0.011711159280881954,0.0,0.019620000000000002,0.5591700000000001,9.74133
105328281775,21.97,0.054332099614583476,0.011711159280881954,0.0,0.009810000000000001,0.5493600000000001,9.85905
105333332280,21.97,0.049008845396000776,-0.004258603374866164,0.0,-0.02943,0.50031,9.819809999999999
105338382785,21.97,0.03728023282259888,-0.012775810124598492,0.0,0.0,0.35316,9.85905
105343433290,21.97,0.03089232776029963,-0.01064650843716541,0.0,0.009810000000000001,0.33354000000000006,9.79038
105348483795,21.97,0.039409534510031964,-0.015987215948268057,0.0,0.019620000000000002,0.41202000000000005,9.72171
105353534300,21.97,0.05326744877086694,-0.021310470166850764,0.0,0.08829,0.51012,9.80019
105358584805,21.97,0.05965535383316618,-0.01918116847941768,0.0,0.17658,0.57879,9.78057
105363635310,21.97,0.04581489286485115,-0.008517206749732328,0.0,0.24525000000000002,0.46107000000000004,9.73152
105368685815,21.97,0.033021629447732716,0.01064650843716541,0.0,0.14715,0.36297,9.74133
105373736320,21.97,0.04153883619746504,0.020245819323134222,0.0,0.06867000000000001,0.38259000000000004,9.67266
105378786825,21.97,0.046879543708567686,0.014905111812031574,0.0,0.04905,0.45126,9.80019
105383837330,21.97,0.05752605214573309,0.002129301687433082,0.0,0.04905,0.5591700000000001,9.83943
105388887835,21.97,0.06604325889546543,0.0,0.0,0.0981,0.59841,9.760950000000001
105393938340,21.97,0.060720004676882725,0.011711159280881954,0.0,0.08829,0.51993,9.70209
105398988845,21.97,0.04581489286485115,0.02663372438543347,0.0,0.02943,0.51993,9.64323
105404039350,21.97,0.04153883619746504,0.021310470166850764,0.0,-0.05886,0.51993,9.633420000000001
105409089855,21.97,0.033021629447732716,0.005323254218582705,0.0,-0.0981,0.49050000000000005,9.760950000000001
105414140360,21.97,0.033021629447732716,-0.02663372438543347,0.0,-0.019620000000000002,0.56898,9.87867
105419190865,21.97,0.03621558197888234,-0.04153883619746504,0.0,0.0981,0.51012,9.95715
105424241370,21.97,0.04153883619746504,-0.033021629447732716,0.0,0.16677000000000003,0.40221,9.89829
105429291875,21.97,0.0404741853537485,-0.0170518667919846,0.0,0.1962,0.3924,9.770760000000001
105434342380,21.97,0.04581489286485115,0.001064650843716541,0.0,0.1962,0.37278,9.73152
105439392885,21.97,0.04153883619746504,0.00958185759344887,0.0,0.1962,0.40221,9.69228
105444443390,21.97,0.04260348704118158,0.004258603374866164,0.0,0.15696000000000002,0.50031,9.751140000000001
105449493895,21.97,0.049008845396000776,0.008517206749732328,0.0,0.1962,0.57879,9.80019
105454544400,21.97,0.05965535383316618,0.002129301687433082,0.0,0.17658,0.6278400000000001,9.770760000000001
105459594905,21.97,0.05539675045830002,-0.003193952531149623,0.0,0.18639,0.69651,9.80019
105464645410,21.97,0.054332099614583476,0.001064650843716541,0.0,0.21582,0.57879,9.78057
105469695915,21.97,0.04153883619746504,0.023439771854283843,0.0,0.14715,0.35316,9.65304
105474746420,21.97,0.03089232776029963,0.04153883619746504,0.0,0.009810000000000001,0.32373,9.57456
105479796925,21.97,0.03834488366631542,0.05965535383316618,0.0,-0.0981,0.32373,9.66285
105484847430,21.97,0.04794419455228423,0.04260348704118158,0.0,-0.21582,0.47088,9.73152
105489897935,21.97,0.06178465552059926,0.003193952531149623,0.0,-0.21582,0.8142300000000001,9.81
105494948440,21.97,0.06497860805174888,-0.033021629447732716,0.0,-0.08829,0.9319500000000001,9.89829
105499998945,21.97,0.04581489286485115,-0.05326744877086694,0.0,0.08829,0.7651800000000001,9.91791
105505049450,21.97,0.021310470166850764,-0.049008845396000776,0.0,0.17658,0.51993,9.74133
105510099955,21.97,0.003193952531149623,-0.02769837522915001,0.0,0.17658,0.24525000000000002,9.633420000000001
105515150460,21.97,0.001064650843716541,-0.008517206749732328,0.0,0.10791,0.18639,9.60399
105520200965,21.97,0.023439771854283843,0.0,0.0,0.15696000000000002,0.32373,9.770760000000001
105525251470,21.97,0.05220279792715039,0.006387905062299246,0.0,0.18639,0.49050000000000005,9.87867
105530301975,21.97,0.06604325889546543,0.006387905062299246,0.0,0.18639,0.6670800000000001,9.89829
105535352480,21.97,0.0756251164889143,0.001064650843716541,0.0,0.21582,0.75537,9.86886
105540402985,21.97,0.06284930636431581,-0.007452555906015787,0.0,0.27468000000000004,0.6768900000000001,9.760950000000001
105545453490,21.97,0.031956978604016174,-0.00958185759344887,0.0,0.1962,0.5591700000000001,9.64323
105550503995,21.97,0.02769837522915001,-0.002129301687433082,0.0,0.18639,0.44145,9.633420000000001
105555554500,21.97,0.02982767691658309,0.02663372438543347,0.0,0.16677000000000003,0.41202000000000005,9.65304
105560605005,21.97,0.04366813788489812,0.04260348704118158,0.0,0.039240000000000004,0.47088,9.73152
105565655510,21.97,0.06284930636431581,0.04794419455228423,0.0,-0.039240000000000004,0.5886,9.81
105570706015,21.97,0.06710790973918197,0.04581489286485115,0.0,-0.10791,0.60822,9.751140000000001
105575756520,21.97,0.054332099614583476,0.013840460968315033,0.0,-0.16677000000000003,0.71613,9.64323
105580807025,21.97,0.03834488366631542,-0.01918116847941768,0.0,-0.11772,0.8142300000000001,9.73152
105585857530,21.97,0.02663372438543347,-0.04581489286485115,0.0,0.0,0.75537,9.82962
105590908035,21.97,0.0170518667919846,-0.06710790973918197,0.0,0.17658,0.72594,9.87867
105595958540,21.97,0.011711159280881954,-0.07136651311404815,0.0,0.35316,0.51012,9.92772
105601009045,21.97,0.011711159280881954,-0.044732788728614664,0.0,0.41202000000000005,0.2943,9.751140000000001
105606059550,21.97,0.011711159280881954,0.002129301687433082,0.0,0.38259000000000004,0.10791,9.64323
105611110055,21.97,0.02556907354171693,0.04581489286485115,0.0,0.20601000000000003,0.15696000000000002,9.68247
105616160560,21.97,0.044732788728614664,0.06391395720803235,0.0,0.019620000000000002,0.32373,9.87867
105621211065,21.97,0.07136651311404815,0.05752605214573309,0.0,-0.05886,0.6180300000000001,10.006200000000002
105626261570,21.97,0.09267698328089889,0.02769837522915001,0.0,-0.07848000000000001,0.9123300000000001,10.09449
105631312075,21.97,0.09480628496833199,0.0,0.0,-0.009810000000000001,1.01043,10.006200000000002
105636362580,21.97,0.07136651311404815,-0.013840460968315033,-0.007452555906015787,0.05886,0.84366,9.79038
105641413085,21.97,0.03621558197888234,-0.00958185759344887,-0.005323254218582705,0.06867000000000001,0.5886,9.44703
105646463590,21.97,0.008517206749732328,-0.002129301687433082,0.0,0.039240000000000004,0.49050000000000005,9.30969
105651514095,21.97,0.004258603374866164,-0.005323254218582705,-0.001064650843716541,0.02943,0.5493600000000001,9.40779
105656564600,21.97,0.021310470166850764,-0.020245819323134222,0.004258603374866164,0.0981,0.64746,9.73152
105661615105,21.97,0.03408628029144926,-0.02769837522915001,0.001064650843716541,0.18639,0.71613,9.908100000000001
105666665610,21.97,0.04260348704118158,-0.02663372438543347,0.0,0.28449,0.60822,9.94734
105671716115,21.97,0.03408628029144926,-0.012775810124598492,0.0,0.25506,0.43164,9.81
105676766620,21.97,0.03089232776029963,0.00958185759344887,-0.002129301687433082,0.1962,0.28449,9.64323
105681817125,21.97,0.02663372438543347,0.044732788728614664,0.0,0.05886,0.28449,9.60399
105686867630,21.97,0.04153883619746504,0.05326744877086694,0.0,-0.04905,0.47088,9.633420000000001
105691918135,21.97,0.06817256058289851,0.039409534510031964,0.001064650843716541,-0.06867000000000001,0.8338500000000001,9.80019
105696968640,21.97,0.07990117315630041,0.013840460968315033,0.0,-0.05886,1.03986,9.908100000000001
105702019145,21.97,0.06817256058289851,-0.015987215948268057,0.0,0.0,1.02024,9.937529999999999
105707069650,21.97,0.031956978604016174,-0.03621558197888234,-0.003193952531149623,0.0981,0.84366,9.74133
105712120155,21.97,0.001064650843716541,-0.049008845396000776,-0.003193952531149623,0.15696000000000002,0.51993,9.623610000000001
105717170660,21.97,-0.022375121010567305,-0.04366813788489812,0.002129301687433082,0.14715,0.2943,9.66285
105722221165,21.97,-0.015987215948268057,-0.044732788728614664,0.0,0.23544,0.34335000000000004,9.78057
105727271670,21.97,0.021310470166850764,-0.03834488366631542,0.0,0.41202000000000005,0.44145,9.95715
105732322175,21.97,0.049008845396000776,-0.021310470166850764,0.0,0.49050000000000005,0.59841,9.95715
105737372680,21.97,0.06923721142661506,0.005323254218582705,-0.001064650843716541,0.51993,0.5493600000000001,9.770760000000001
105742423185,21.97,0.05965535383316618,0.044732788728614664,-0.002129301687433082,0.37278,0.52974,9.70209
105747473690,21.97,0.05646140130201656,0.07670722062515077,-0.002129301687433082,0.18639,0.51993,9.633420000000001
105752524195,21.97,0.04260348704118158,0.08948303074974927,-0.003193952531149623,-0.04905,0.5493600000000001,9.70209
105757574700,21.97,0.049008845396000776,0.07670722062515077,0.0,-0.21582,0.6670800000000001,9.85905
105762625205,21.97,0.07349581480148122,0.05220279792715039,-0.001064650843716541,-0.30411,0.8240400000000001,9.87867
105767675710,21.97,0.07883652231258387,0.033021629447732716,-0.001064650843716541,-0.30411,0.9613800000000001,9.80019
105772726215,21.97,0.06391395720803235,0.007452555906015787,-0.002129301687433082,-0.2943,0.94176,9.60399
105777776720,21.97,0.03408628029144926,-0.014905111812031574,-0.003193952531149623,-0.21582,0.86328,9.5157
105782827225,21.97,0.007452555906015787,-0.03408628029144926,0.001064650843716541,-0.20601000000000003,0.73575,9.46665
105787877730,21.97,-0.013840460968315033,-0.054332099614583476,0.001064650843716541,-0.10791,0.6278400000000001,9.6138
105792928235,21.97,-0.014905111812031574,-0.06923721142661506,0.002129301687433082,0.0,0.5886,9.86886
105797978740,21.97,-0.001064650843716541,-0.07456046564519776,-0.003193952531149623,0.17658,0.5591700000000001,10.03563
105803029245,21.97,0.0170518667919846,-0.06817256058289851,0.0,0.34335000000000004,0.45126,9.99639
105808079750,21.97,0.028763026072866547,-0.054332099614583476,0.001064650843716541,0.45126,0.45126,9.80019
105813130255,21.97,0.03089232776029963,-0.02556907354171693,-0.001064650843716541,0.52974,0.43164,9.64323
105818180760,21.97,0.03515093113516579,0.007452555906015787,0.0,0.5493600000000001,0.49050000000000005,9.58437
105823231265,21.97,0.04153883619746504,0.033021629447732716,0.0,0.42183,0.6180300000000001,9.67266
105828281770,21.97,0.049008845396000776,0.05220279792715039,-0.002129301687433082,0.36297,0.71613,9.819809999999999
105833332275,21.97,0.05646140130201656,0.05539675045830002,-0.002129301687433082,0.1962,0.71613,9.97677
105838382780,21.97,0.05326744877086694,0.049008845396000776,-0.004258603374866164,0.06867000000000001,0.6867000000000001,9.92772
105843433285,21.97,0.05220279792715039,0.04581489286485115,-0.003193952531149623,-0.039240000000000004,0.6278400000000001,9.751140000000001
105848483790,21.97,0.05113814708343386,0.05646140130201656,-0.003193952531149623,-0.14715,0.6180300000000001,9.58437
105853534295,21.97,0.03728023282259888,0.04794419455228423,0.001064650843716541,-0.25506,0.69651,9.53532
105858584800,21.97,0.03515093113516579,0.021310470166850764,0.0,-0.25506,0.87309,9.623610000000001
105863635305,21.97,0.04260348704118158,-0.008517206749732328,0.003193952531149623,-0.24525000000000002,0.9613800000000001,9.79038
105868685810,21.97,0.03089232776029963,-0.033021629447732716,0.0,-0.14715,0.89271,9.819809999999999
105873736315,21.97,0.014905111812031574,-0.05007349623971732,0.0,-0.05886,0.73575,9.81
105878786820,21.97,0.001064650843716541,-0.05752605214573309,0.002129301687433082,0.02943,0.50031,9.751140000000001
105883837325,21.97,-0.004258603374866164,-0.04581489286485115,-0.001064650843716541,0.0981,0.41202000000000005,9.6138
105888887830,21.97,0.007452555906015787,-0.02663372438543347,0.002129301687433082,0.16677000000000003,0.51012,9.60399
105893938335,21.97,0.023439771854283843,-0.0170518667919846,0.0,0.26487,0.6180300000000001,9.74133
105898988840,21.97,0.03728023282259888,-0.004258603374866164,-0.001064650843716541,0.31392000000000003,0.70632,9.83943
105904039345,21.97,0.04794419455228423,0.013840460968315033,-0.004258603374866164,0.30411,0.74556,9.819809999999999
105909089850,21.97,0.04366813788489812,0.023439771854283843,-0.003193952531149623,0.21582,0.75537,9.78057
105914140355,21.97,0.02982767691658309,0.03089232776029963,0.0,0.11772,0.59841,9.819809999999999
105919190860,21.97,0.022375121010567305,0.03621558197888234,0.002129301687433082,0.0,0.46107000000000004,9.80019
105924241365,21.97,0.023439771854283843,0.03089232776029963,0.0,-0.10791,0.51012,9.81
105929291870,21.97,0.03728023282259888,0.008517206749732328,0.0,-0.14715,0.71613,9.82962
105934342375,21.97,0.05326744877086694,-0.015987215948268057,-0.002129301687433082,-0.019620000000000002,0.9319500000000001,9.92772
105939392880,21.97,0.05007349623971732,-0.01918116847941768,-0.003193952531149623,0.10791,0.95157,9.94734
105944443385,21.97,0.03621558197888234,-0.028763026072866547,-0.001064650843716541,0.16677000000000003,0.84366,9.80019
105949493890,21.97,0.01064650843716541,-0.03515093113516579,0.0,0.21582,0.6867000000000001,9.72171
105954544395,21.97,-0.00958185759344887,-0.03621558197888234,-0.001064650843716541,0.26487,0.47088,9.79038
105959594900,21.97,-0.004258603374866164,-0.033021629447732716,0.001064650843716541,0.26487,0.44145,9.89829
105964645405,21.97,0.01918116847941768,-0.03515093113516579,0.0,0.36297,0.5395500000000001,9.96696
105969695910,21.97,0.046879543708567686,-0.04366813788489812,-0.002129301687433082,0.51993,0.65727,9.84924
105974746415,21.97,0.05539675045830002,-0.028763026072866547,-0.003193952531149623,0.6670800000000001,0.74556,9.66285
105979796920,21.97,0.05965535383316618,0.01811651763570114,0.0,0.6867000000000001,0.73575,9.44703
105984847425,21.97,0.04794419455228423,0.07456046564519776,-0.003193952531149623,0.50031,0.6670800000000001,9.28026
105989897930,21.97,0.03834488366631542,0.10653489754173388,-0.003193952531149623,0.21582,0.64746,9.43722
105994948435,21.97,0.03621558197888234,0.12676326357234816,-0.001064650843716541,-0.0981,0.6278400000000001,9.69228
105999998940,21.97,0.04366813788489812,0.12569861272863161,-0.001064650843716541,-0.36297,0.6278400000000001,9.78057
106005049445,21.97,0.060720004676882725,0.10119419003063122,0.0,-0.5886,0.80442,9.72171
106010099950,21.97,0.06817256058289851,0.06604325889546543,0.0,-0.70632,0.9908100000000001,9.65304
106015150455,21.97,0.06178465552059926,0.023439771854283843,0.0,-0.70632,1.04967,9.60399
106020200960,21.97,0.03515093113516579,-0.022375121010567305,0.0,-0.6867000000000001,1.02024,9.46665
106025251465,21.97,0.00958185759344887,-0.06817256058289851,0.0,-0.5493600000000001,1.04967,9.39798
106030301970,21.97,-0.013840460968315033,-0.11185815176031658,0.0,-0.2943,0.9810000000000001,9.56475
106035352475,21.97,-0.033021629447732716,-0.1352804703220805,0.003193952531149623,0.0,0.8829,9.73152
106040402980,21.97,-0.04366813788489812,-0.14275047952061623,-0.002129301687433082,0.33354000000000006,0.70632,9.91791
106045453485,21.97,-0.04153883619746504,-0.1331511686346474,0.0,0.6278400000000001,0.44145,9.908100000000001
106050503990,21.97,-0.03408628029144926,-0.10332349171806432,0.0,0.80442,0.28449,9.819809999999999
106055554495,21.97,-0.024504422698000388,-0.05113814708343386,0.003193952531149623,0.87309,0.17658,9.770760000000001
106060605000,21.97,0.001064650843716541,0.002129301687433082,0.0,0.79461,0.15696000000000002,9.73152
106065655505,21.97,0.033021629447732716,0.04794419455228423,0.0,0.6867000000000001,0.38259000000000004,9.908100000000001
106070706010,21.97,0.06817256058289851,0.06710790973918197,-0.001064650843716541,0.60822,0.60822,10.15335
106075756515,21.97,0.08735372906231618,0.0852244273748831,-0.002129301687433082,0.45126,0.73575,10.26126
106080807020,21.97,0.09267698328089889,0.09906488834319814,-0.003193952531149623,0.20601000000000003,0.75537,10.074869999999999
106085857525,21.97,0.08309512568745003,0.10866419922916695,-0.003193952531149623,0.0,0.86328,9.888480000000001
106090908030,21.97,0.07030186227033158,0.10225884087434776,-0.002129301687433082,-0.18639,0.9123300000000001,9.7119
106095958535,21.97,0.05007349623971732,0.08096582400001695,-0.003193952531149623,-0.32373,0.9711900000000001,9.59418
106101009040,21.97,0.04260348704118158,0.04366813788489812,0.0,-0.44145,1.03986,9.6138
106106059545,21.97,0.03089232776029963,0.003193952531149623,-0.001064650843716541,-0.47088,1.02024,9.72171
106111110050,21.97,0.01918116847941768,-0.0170518667919846,0.001064650843716541,-0.49050000000000005,0.84366,9.770760000000001
106116160555,21.97,0.001064650843716541,-0.031956978604016174,0.0,-0.41202000000000005,0.63765,9.74133
106121211060,21.97,-0.005323254218582705,-0.05539675045830002,0.0,-0.33354000000000006,0.59841,9.66285
106126261565,21.97,0.0,-0.07777187146886733,0.003193952531149623,-0.18639,0.70632,9.67266
106131312070,21.97,0.013840460968315033,-0.08841837990603273,0.001064650843716541,0.07848000000000001,0.8338500000000001,9.67266
106136362575,21.97,0.024504422698000388,-0.07456046564519776,-0.001064650843716541,0.36297,0.9319500000000001,9.68247
106141413080,21.97,0.01918116847941768,-0.05539675045830002,0.0,0.52974,0.84366,9.55494
106146463585,21.97,0.007452555906015787,-0.039409534510031964,0.0,0.60822,0.7848,9.38817
106151514090,21.97,-0.006387905062299246,-0.024504422698000388,0.0,0.64746,0.6768900000000001,9.46665
106156564595,21.97,-0.01064650843716541,-0.01064650843716541,0.0,0.60822,0.5886,9.58437
106161615100,21.97,0.005323254218582705,0.012775810124598492,0.0,0.5493600000000001,0.57879,9.73152
106166665605,21.97,0.021310470166850764,0.03408628029144926,0.0,0.45126,0.56898,9.80019
106171716110,21.97,0.04153883619746504,0.05646140130201656,0.0,0.27468000000000004,0.64746,9.79038
106176766615,21.97,0.049008845396000776,0.07777187146886733,0.0,0.13734000000000002,0.60822,9.819809999999999
106181817120,21.97,0.04581489286485115,0.09267698328089889,-0.005323254218582705,-0.0981,0.6768900000000001,9.69228
106186867625,21.97,0.04260348704118158,0.09587093581204853,-0.001064650843716541,-0.27468000000000004,0.7848,9.69228
106191918130,21.97,0.03515093113516579,0.08841837990603273,0.001064650843716541,-0.46107000000000004,0.89271,9.80019
106196968635,21.97,0.03834488366631542,0.06284930636431581,-0.003193952531149623,-0.5886,1.00062,9.908100000000001
106202019140,21.97,0.033021629447732716,0.013840460968315033,0.002129301687433082,-0.6180300000000001,1.01043,9.95715
106207069645,21.97,0.02556907354171693,-0.04581489286485115,-0.002129301687433082,-0.5591700000000001,0.9908100000000001,9.81
106212120150,21.97,0.003193952531149623,-0.09587093581204853,0.001064650843716541,-0.32373,0.9123300000000001,9.70209
106217170655,21.97,-0.024504422698000388,-0.1331511686346474,0.002129301687433082,-0.02943,0.9123300000000001,9.64323
106222221160,21.97,-0.03834488366631542,-0.13634512116579703,0.0,0.36297,0.8142300000000001,9.760950000000001
106227271665,21.97,-0.039409534510031964,-0.12356931104119852,0.001064650843716541,0.70632,0.6180300000000001,9.79038
106232322170,21.97,-0.03621558197888234,-0.08841837990603273,0.0,0.87309,0.43164,9.79038
106237372675,21.97,-0.01811651763570114,-0.02982767691658309,-0.002129301687433082,0.85347,0.22563,9.86886
106242423180,21.97,0.0170518667919846,0.03834488366631542,-0.003193952531149623,0.6768900000000001,0.14715,9.770760000000001
106247473685,21.97,0.05007349623971732,0.10012953918691468,-0.001064650843716541,0.43164,0.2943,9.69228
106252524190,21.97,0.08203047484373349,0.13955652698946658,-0.001064650843716541,0.15696000000000002,0.5886,9.74133
106257574695,21.97,0.09587093581204853,0.150203035426632,-0.003193952531149623,-0.0981,0.9613800000000001,9.751140000000001
106262625200,21.97,0.10012953918691468,0.1278279144160647,0.0,-0.2943,1.2851100000000002,9.72171
106267675705,21.97,0.08948303074974927,0.09054768159346581,-0.002129301687433082,-0.43164,1.49112,9.67266
106272726210,21.97,0.04260348704118158,0.031956978604016174,0.0,-0.49050000000000005,1.3832099999999998,9.64323
106277776715,21.97,0.0,-0.024504422698000388,-0.004258603374866164,-0.47088,1.13796,9.5157
106282827220,21.97,-0.03621558197888234,-0.06284930636431581,-0.001064650843716541,-0.37278,0.8142300000000001,9.496080000000001
106287877725,21.97,-0.05220279792715039,-0.0852244273748831,0.0,-0.25506,0.60822,9.59418
106292928230,21.97,-0.04581489286485115,-0.07990117315630041,0.001064650843716541,-0.10791,0.49050000000000005,9.633420000000001
106297978735,21.97,-0.024504422698000388,-0.06923721142661506,0.001064650843716541,0.04905,0.50031,9.770760000000001
106303029240,21.97,-0.01064650843716541,-0.06817256058289851,-0.002129301687433082,0.21582,0.63765,9.79038
106308079745,21.97,0.01064650843716541,-0.06178465552059926,0.0,0.38259000000000004,0.7749900000000001,9.89829
106313130250,21.97,0.00958185759344887,-0.05326744877086694,0.0,0.52974,0.75537,9.94734
106318180755,21.97,0.01064650843716541,-0.033021629447732716,0.002129301687433082,0.6670800000000001,0.64746,9.81
106323231260,21.97,0.00958185759344887,-0.002129301687433082,0.0,0.60822,0.57879,9.760950000000001
106328281765,21.97,0.013840460968315033,0.03728023282259888,0.0,0.47088,0.51993,9.79038
106333332270,21.97,0.031956978604016174,0.06284930636431581,-0.002129301687433082,0.31392000000000003,0.5591700000000001,9.7119
106338382775,21.97,0.044732788728614664,0.08735372906231618,-0.003193952531149623,0.11772,0.69651,9.72171
106343433280,21.97,0.05646140130201656,0.09800023749948161,-0.002129301687433082,-0.039240000000000004,0.80442,9.69228
106348483785,21.97,0.05539675045830002,0.09480628496833199,-0.001064650843716541,-0.24525000000000002,0.94176,9.60399
106353534290,21.97,0.044732788728614664,0.07030186227033158,-0.001064650843716541,-0.3924,1.13796,9.6138
106358584795,21.97,0.02663372438543347,0.02556907354171693,0.001064650843716541,-0.46107000000000004,1.1281500000000002,9.68247
106363635300,21.97,0.005323254218582705,-0.02982767691658309,0.0,-0.37278,1.02024,9.65304
106368685805,21.97,-0.008517206749732328,-0.07030186227033158,0.001064650843716541,-0.22563,0.89271,9.64323
106373736310,21.97,-0.024504422698000388,-0.08415977653116657,0.001064650843716541,-0.06867000000000001,0.7651800000000001,9.623610000000001
106378786815,21.97,-0.02769837522915001,-0.07030186227033158,0.0,0.07848000000000001,0.5886,9.67266
106383837320,21.97,-0.021310470166850764,-0.04581489286485115,0.0,0.15696000000000002,0.51993,9.6138
106388887825,21.97,-0.01918116847941768,-0.02769837522915001,0.0,0.1962,0.52974,9.68247
106393938330,21.97,-0.002129301687433082,-0.022375121010567305,0.001064650843716541,0.20601000000000003,0.60822,9.83943
106398988835,21.97,0.012775810124598492,-0.021310470166850764,0.001064650843716541,0.34335000000000004,0.74556,9.92772
106404039340,21.97,0.03089232776029963,-0.022375121010567305,0.001064650843716541,0.3924,0.86328,9.97677
106409089845,21.97,0.02769837522915001,-0.006387905062299246,-0.001064650843716541,0.46107000000000004,0.8829,9.84924
106414140350,21.97,0.02982767691658309,0.01811651763570114,-0.002129301687433082,0.42183,0.74556,9.69228
106419190855,21.97,0.020245819323134222,0.054332099614583476,-0.002129301687433082,0.2943,0.6768900000000001,9.46665
106424241360,21.97,0.015987215948268057,0.07990117315630041,0.0,0.05886,0.69651,9.48627
106429291865,21.97,0.021310470166850764,0.09054768159346581,0.001064650843716541,-0.14715,0.7848,9.55494
106434342370,21.97,0.02663372438543347,0.07349581480148122,0.001064650843716541,-0.28449,0.9319500000000001,9.67266
106439392875,21.97,0.02663372438543347,0.02982767691658309,0.0,-0.35316,1.08891,9.82962
106444443380,21.97,0.022375121010567305,-0.013840460968315033,0.0,-0.26487,1.13796,9.85905
106449493885,21.97,0.008517206749732328,-0.044732788728614664,0.0,-0.18639,0.95157,9.770760000000001
106454544390,21.97,-0.015987215948268057,-0.05326744877086694,-0.002129301687433082,-0.10791,0.74556,9.60399
106459594895,21.97,-0.031956978604016174,-0.05113814708343386,-0.001064650843716541,0.0,0.59841,9.55494
106464645400,21.97,-0.02663372438543347,-0.04260348704118158,0.002129301687433082,0.07848000000000001,0.57879,9.633420000000001
106469695905,21.97,-0.015987215948268057,-0.03621558197888234,0.0,0.12753,0.6867000000000001,9.760950000000001
106474746410,21.97,0.0,-0.03089232776029963,0.003193952531149623,0.30411,0.80442,9.87867
106479796915,21.97,0.008517206749732328,-0.02982767691658309,0.0,0.38259000000000004,0.8338500000000001,9.89829
106484847420,21.97,0.00958185759344887,-0.01918116847941768,-0.001064650843716541,0.42183,0.7651800000000001,9.92772
106489897925,21.97,0.002129301687433082,0.001064650843716541,-0.003193952531149623,0.37278,0.59841,9.85905
106494948430,21.97,0.0,0.03089232776029963,-0.001064650843716541,0.24525000000000002,0.49050000000000005,9.751140000000001
106499998935,21.97,0.00958185759344887,0.049008845396000776,-0.003193952531149623,0.11772,0.49050000000000005,9.751140000000001
106505049440,21.97,0.028763026072866547,0.06923721142661506,-0.002129301687433082,-0.02943,0.72594,9.80019
106510099945,21.97,0.044732788728614664,0.06178465552059926,0.0,-0.08829,0.95157,9.74133
106515150450,21.97,0.05113814708343386,0.0404741853537485,0.0,-0.14715,1.1870100000000001,9.74133
106520200955,21.97,0.03621558197888234,0.013840460968315033,0.0,-0.12753,1.1870100000000001,9.73152
106525251460,21.97,0.006387905062299246,0.002129301687433082,0.0,-0.14715,0.9908100000000001,9.6138
106530301965,21.97,-0.014905111812031574,-0.01064650843716541,0.0,-0.17658,0.7651800000000001,9.60399
106535352470,21.97,-0.02982767691658309,-0.01811651763570114,0.0,-0.1962,0.60822,9.64323
106540402975,21.97,-0.02556907354171693,-0.03089232776029963,0.001064650843716541,-0.15696000000000002,0.60822,9.66285
106545453480,21.97,-0.007452555906015787,-0.05113814708343386,0.004258603374866164,-0.019620000000000002,0.80442,9.72171
106550503985,21.97,0.005323254218582705,-0.05539675045830002,-0.001064650843716541,0.15696000000000002,0.9319500000000001,9.67266
106555554490,21.97,0.00958185759344887,-0.04366813788489812,0.003193952531149623,0.36297,0.95157,9.67266
106560604995,21.97,0.0,-0.014905111812031574,-0.001064650843716541,0.3924,0.8142300000000001,9.59418
106565655500,21.97,-0.0170518667919846,0.014905111812031574,-0.001064650843716541,0.2943,0.6180300000000001,9.59418
106570706005,21.97,-0.02663372438543347,0.02556907354171693,0.0,0.13734000000000002,0.5395500000000001,9.69228
106575756510,21.97,-0.011711159280881954,0.028763026072866547,0.001064650843716541,0.009810000000000001,0.5493600000000001,9.85905
106580807015,21.97,0.011711159280881954,0.03728023282259888,0.0,-0.019620000000000002,0.69651,9.937529999999999
106585857520,21.97,0.03728023282259888,0.031956978604016174,0.001064650843716541,-0.10791,0.87309,9.888480000000001
106590908025,21.97,0.03728023282259888,0.023439771854283843,-0.001064650843716541,-0.05886,1.00062,9.819809999999999
106595958530,21.97,0.023439771854283843,0.0170518667919846,-0.002129301687433082,-0.039240000000000004,0.9711900000000001,9.7119
106601009035,21.97,-0.003193952531149623,0.002129301687433082,0.0,-0.10791,0.90252,9.64323
106606059540,21.97,-0.023439771854283843,-0.021310470166850764,0.0,-0.10791,0.86328,9.73152
106611110045,21.97,-0.024504422698000388,-0.04366813788489812,0.002129301687433082,0.0,0.79461,9.84924
106616160550,21.97,-0.02556907354171693,-0.05646140130201656,-0.001064650843716541,0.0981,0.73575,9.91791
106621211055,21.97,-0.006387905062299246,-0.05646140130201656,-0.003193952531149623,0.21582,0.6867000000000001,9.84924
106626261560,21.97,0.0,-0.02663372438543347,-0.001064650843716541,0.33354000000000006,0.59841,9.633420000000001
106631312065,21.97,0.002129301687433082,0.003193952531149623,0.0,0.30411,0.57879,9.44703
106636362570,21.97,0.002129301687433082,0.028763026072866547,0.003193952531149623,0.22563,0.72594,9.45684
106641413075,21.97,0.007452555906015787,0.0404741853537485,0.0,0.18639,0.84366,9.60399
106646463580,21.97,0.0170518667919846,0.03728023282259888,-0.001064650843716541,0.10791,0.9613800000000001,9.70209
106651514085,21.97,0.015987215948268057,0.03089232776029963,-0.004258603374866164,0.039240000000000004,1.02024,9.78057
106656564590,21.97,0.015987215948268057,0.02556907354171693,-0.002129301687433082,0.0,0.95157,9.64323
106661615095,21.97,0.004258603374866164,0.02663372438543347,-0.003193952531149623,-0.05886,0.80442,9.45684
106666665600,21.97,-0.012775810124598492,0.023439771854283843,0.0,-0.12753,0.79461,9.37836
106671716105,21.97,-0.020245819323134222,0.012775810124598492,0.0,-0.22563,0.8142300000000001,9.39798
106676766610,21.97,-0.02556907354171693,-0.006387905062299246,0.0,-0.20601000000000003,0.94176,9.55494
106681817115,21.97,-0.01918116847941768,-0.02769837522915001,0.002129301687433082,-0.06867000000000001,1.03005,9.79038
106686867620,21.97,-0.024504422698000388,-0.0404741853537485,0.0,0.009810000000000001,0.9221400000000001,9.95715
106691918125,21.97,-0.03089232776029963,-0.04153883619746504,0.0,0.039240000000000004,0.6278400000000001,9.937529999999999
106696968630,21.97,-0.04153883619746504,-0.03834488366631542,0.0,0.06867000000000001,0.45126,9.908100000000001
106702019135,21.97,-0.03728023282259888,-0.021310470166850764,0.0,0.08829,0.37278,9.81
106707069640,21.97,-0.022375121010567305,-0.015987215948268057,0.0,0.08829,0.51993,9.85905
106712120145,21.97,0.003193952531149623,-0.001064650843716541,0.0,0.18639,0.7848,9.96696
106717170650,21.97,0.023439771854283843,0.007452555906015787,0.0,0.20601000000000003,0.90252,10.006200000000002
106722221155,21.97,0.021310470166850764,0.008517206749732328,0.0,0.23544,0.94176,9.937529999999999
106727271660,21.97,0.008517206749732328,0.008517206749732328,0.0,0.20601000000000003,0.87309,9.84924
106732322165,21.97,-0.006387905062299246,0.008517206749732328,0.0,0.18639,0.71613,9.67266
106737372670,21.97,-0.01918116847941768,0.021310470166850764,0.0,0.08829,0.63765,9.623610000000001
106742423175,21.97,-0.011711159280881954,0.02663372438543347,0.0,0.019620000000000002,0.6867000000000001,9.6138
106747473680,21.97,0.007452555906015787,0.02663372438543347,0.0,-0.039240000000000004,0.8142300000000001,9.64323
106752524185,21.97,0.01918116847941768,0.014905111812031574,0.0,-0.05886,1.02024,9.64323
106757574690,21.97,0.014905111812031574,0.005323254218582705,0.0,-0.009810000000000001,1.0791000000000002,9.6138
106762625195,21.97,0.001064650843716541,0.002129301687433082,0.0,0.009810000000000001,0.9613800000000001,9.5157
106767675700,21.97,-0.02663372438543347,0.004258603374866164,0.0,-0.02943,0.79461,9.496080000000001
106772726205,21.97,-0.04260348704118158,0.008517206749732328,0.0,-0.14715,0.6180300000000001,9.57456
106777776710,21.97,-0.04153883619746504,0.006387905062299246,0.0,-0.17658,0.5591700000000001,9.70209
106782827215,21.97,-0.023439771854283843,-0.014905111812031574,0.0,-0.14715,0.64746,9.80019
106787877720,21.97,-0.005323254218582705,-0.03089232776029963,0.0,-0.039240000000000004,0.8142300000000001,9.86886
106792928225,21.97,0.003193952531149623,-0.033021629447732716,0.0,0.06867000000000001,0.89271,9.760950000000001
106797978730,21.97,0.002129301687433082,-0.023439771854283843,0.0,0.16677000000000003,0.90252,9.65304
106803029235,21.97,-0.013840460968315033,-0.004258603374866164,0.0,0.21582,0.85347,9.56475
106808079740,21.97,-0.028763026072866547,0.003193952531149623,0.0,0.16677000000000003,0.7848,9.58437
106813130245,21.97,-0.03515093113516579,0.004258603374866164,0.0,0.10791,0.6867000000000001,9.7119
106818180750,21.97,-0.02769837522915001,0.001064650843716541,0.0,0.05886,0.6768900000000001,9.82962
106823231255,21.97,-0.01811651763570114,0.012775810124598492,0.0,0.06867000000000001,0.64746,9.908100000000001
106828281760,21.97,-0.003193952531149623,0.011711159280881954,0.0,-0.009810000000000001,0.69651,9.87867
106833332265,21.97,0.0,0.01064650843716541,0.0,0.0,0.71613,9.81
106838382770,21.97,-0.01064650843716541,0.003193952531149623,0.0,-0.009810000000000001,0.7848,9.72171
106843433275,21.97,-0.014905111812031574,-0.006387905062299246,0.0,0.02943,0.86328,9.78057
106848483780,21.97,-0.01064650843716541,-0.004258603374866164,0.0,0.04905,0.8829,9.83943
106853534285,21.97,-0.01064650843716541,0.0,0.0,0.02943,0.85347,9.82962
106858584790,21.97,-0.013840460968315033,0.0,0.0,0.019620000000000002,0.73575,9.83943
106863635295,21.97,-0.013840460968315033,-0.004258603374866164,0.0,0.019620000000000002,0.6768900000000001,9.760950000000001
106868685800,21.97,-0.01918116847941768,0.0,0.0,0.019620000000000002,0.6278400000000001,9.633420000000001
106873736305,21.97,-0.02663372438543347,0.002129301687433082,0.0,0.02943,0.64746,9.633420000000001
106878786810,21.97,-0.0170518667919846,0.006387905062299246,0.0,0.009810000000000001,0.7749900000000001,9.74133
106883837315,21.97,-0.007452555906015787,0.006387905062299246,0.0,0.0,0.8338500000000001,9.84924
106888887820,21.97,-0.002129301687433082,-0.007452555906015787,0.0,0.0,0.87309,9.888480000000001
106893938325,21.97,-0.005323254218582705,-0.0170518667919846,0.0,0.019620000000000002,0.8240400000000001,9.83943
106898988830,21.97,-0.011711159280881954,-0.014905111812031574,0.0,0.07848000000000001,0.75537,9.633420000000001
106904039335,21.97,-0.014905111812031574,-0.001064650843716541,0.0,0.08829,0.72594,9.56475
106909089840,21.97,-0.01811651763570114,0.022375121010567305,0.0,0.06867000000000001,0.75537,9.47646
106914140345,21.97,-0.0170518667919846,0.024504422698000388,0.0,-0.02943,0.75537,9.57456
106919190850,21.97,-0.022375121010567305,0.014905111812031574,0.0,-0.019620000000000002,0.8142300000000001,9.60399
106924241355,21.97,-0.015987215948268057,-0.001064650843716541,0.0,-0.02943,0.87309,9.70209
106929291860,21.97,-0.01918116847941768,-0.006387905062299246,0.0,0.009810000000000001,0.89271,9.72171
106934342365,21.97,-0.01918116847941768,-0.006387905062299246,0.0,0.0,0.7651800000000001,9.770760000000001
106939392870,21.97,-0.024504422698000388,0.001064650843716541,0.0,0.0,0.70632,9.64323
106944443375,21.97,-0.028763026072866547,0.005323254218582705,0.0,-0.039240000000000004,0.60822,9.6138
106949493880,21.97,-0.02556907354171693,-0.003193952531149623,0.0,-0.05886,0.6670800000000001,9.58437
106954544385,21.97,-0.028763026072866547,-0.011711159280881954,0.0,-0.009810000000000001,0.8142300000000001,9.64323
106959594890,21.97,-0.020245819323134222,-0.011711159280881954,0.0,0.0981,0.86328,9.760950000000001
106964645395,21.97,-0.023439771854283843,-0.0170518667919846,0.0,0.13734000000000002,0.87309,9.85905
106969695900,21.97,-0.02556907354171693,-0.012775810124598492,0.0,0.12753,0.71613,9.91791
106974746405,21.97,-0.033021629447732716,-0.008517206749732328,0.0,0.15696000000000002,0.5886,9.770760000000001
106979796910,21.97,-0.039409534510031964,0.0,0.0,0.05886,0.51012,9.751140000000001
106984847415,21.97,-0.028763026072866547,0.014905111812031574,0.0,0.04905,0.50031,9.78057
106989897920,21.97,-0.0170518667919846,0.023439771854283843,0.0,-0.009810000000000001,0.6278400000000001,9.751140000000001
106994948425,21.97,-0.003193952531149623,0.022375121010567305,0.0,-0.05886,0.8142300000000001,9.819809999999999
106999998930,21.97,0.004258603374866164,0.014905111812031574,0.0,0.0,0.9613800000000001,9.819809999999999
107005049435,21.97,0.003193952531149623,0.001064650843716541,0.0,0.0,1.01043,9.78057
107010099940,21.97,-0.014905111812031574,-0.011711159280881954,0.0,0.019620000000000002,0.94176,9.70209
107015150445,21.97,-0.03834488366631542,-0.007452555906015787,0.0,0.009810000000000001,0.74556,9.68247
107020200950,21.97,-0.05113814708343386,-0.002129301687433082,0.0,0.0,0.51012,9.60399
107025251455,21.97,-0.05113814708343386,0.0,0.0,-0.05886,0.46107000000000004,9.66285
107030301960,21.97,-0.028763026072866547,0.0,0.0,-0.04905,0.64746,9.67266
107035352465,21.97,-0.011711159280881954,-0.002129301687433082,0.0,-0.019620000000000002,0.85347,9.770760000000001
107040402970,21.97,0.002129301687433082,-0.006387905062299246,0.0,0.04905,1.00062,9.819809999999999
107045453475,21.97,-0.008517206749732328,0.003193952531149623,0.0,0.07848000000000001,0.8829,9.78057
107050503980,21.97,-0.028763026072866547,0.01064650843716541,0.0,0.019620000000000002,0.72594,9.55494
107055554485,21.97,-0.046879543708567686,0.004258603374866164,0.0,-0.07848000000000001,0.5886,9.57456
107060604990,21.97,-0.05113814708343386,0.008517206749732328,0.0,-0.10791,0.6278400000000001,9.59418
107065655495,21.97,-0.03834488366631542,-0.002129301687433082,0.0,-0.11772,0.72594,9.80019
107070706000,21.97,-0.023439771854283843,-0.01918116847941768,0.0,0.0,0.8338500000000001,9.92772
107075756505,21.97,-0.0170518667919846,-0.02663372438543347,0.0,0.10791,0.7749900000000001,9.91791
107080807010,21.97,-0.031956978604016174,-0.024504422698000388,0.0,0.11772,0.65727,9.70209
107085857515,21.97,-0.04153883619746504,-0.014905111812031574,0.0,0.13734000000000002,0.6278400000000001,9.69228
107090908020,21.97,-0.04366813788489812,0.0,0.0,0.0981,0.5886,9.7119
107095958525,21.97,-0.039409534510031964,0.011711159280881954,0.0,0.10791,0.56898,9.83943
107101009030,21.97,-0.02769837522915001,0.015987215948268057,0.0,0.019620000000000002,0.59841,9.937529999999999
107106059535,21.97,-0.00958185759344887,0.021310470166850764,0.0,0.0,0.65727,9.91791
107111110040,21.97,0.0,0.020245819323134222,0.0,-0.08829,0.72594,9.80019
107116160545,21.97,0.0,0.01811651763570114,0.0,-0.07848000000000001,0.87309,9.64323
107121211050,21.97,-0.011711159280881954,0.011711159280881954,0.0,-0.05886,0.9123300000000001,9.60399
107126261555,21.97,-0.03089232776029963,0.002129301687433082,0.0,-0.04905,0.84366,9.60399
107131312060,21.97,-0.04260348704118158,-0.002129301687433082,0.0,-0.04905,0.75537,9.68247
107136362565,21.97,-0.04794419455228423,0.004258603374866164,0.0,-0.0981,0.60822,9.7119
107141413070,21.97,-0.04153883619746504,-0.004258603374866164,0.0,-0.12753,0.6180300000000001,9.78057
107146463575,21.97,-0.03408628029144926,-0.01918116847941768,0.0,-0.0981,0.65727,9.770760000000001
107151514080,21.97,-0.028763026072866547,-0.02982767691658309,0.0,0.0,0.64746,9.770760000000001
107156564585,21.97,-0.03408628029144926,-0.03089232776029963,0.0,0.07848000000000001,0.70632,9.633420000000001
107161615090,21.97,-0.02769837522915001,-0.01811651763570114,0.0,0.15696000000000002,0.75537,9.60399
107166665595,21.97,-0.02663372438543347,0.003193952531149623,0.0,0.16677000000000003,0.7848,9.60399
107171716100,21.97,-0.03408628029144926,0.007452555906015787,0.0,0.0981,0.74556,9.7119
107176766605,21.97,-0.03621558197888234,0.0,0.0,0.08829,0.6768900000000001,9.751140000000001
107181817110,21.97,-0.04153883619746504,0.002129301687433082,0.0,0.05886,0.57879,9.69228
107186867615,21.97,-0.0404741853537485,0.0170518667919846,0.0,0.009810000000000001,0.51993,9.68247
107191918120,21.97,-0.02769837522915001,0.031956978604016174,0.0,-0.05886,0.60822,9.70209
107196968625,21.97,-0.02556907354171693,0.028763026072866547,0.0,-0.10791,0.73575,9.770760000000001
107202019130,21.97,-0.023439771854283843,0.0,0.0,-0.11772,0.8142300000000001,9.79038
107207069635,21.97,-0.02556907354171693,-0.01918116847941768,0.0,-0.019620000000000002,0.8829,9.79038
107212120140,21.97,-0.03621558197888234,-0.013840460968315033,0.0,0.02943,0.7749900000000001,9.79038
107217170645,21.97,-0.049008845396000776,0.0,0.0,-0.009810000000000001,0.59841,9.751140000000001
107222221150,21.97,-0.05646140130201656,0.013840460968315033,0.0,-0.12753,0.44145,9.83943
107227271655,21.97,-0.05113814708343386,0.003193952531149623,0.0,-0.16677000000000003,0.41202000000000005,9.82962
107232322160,21.97,-0.03834488366631542,-0.015987215948268057,0.0,-0.14715,0.5591700000000001,9.87867
107237372665,21.97,-0.02556907354171693,-0.02556907354171693,0.0,0.009810000000000001,0.70632,9.94734
107242423170,21.97,-0.011711159280881954,-0.021310470166850764,0.0,0.07848000000000001,0.8142300000000001,9.89829
107247473675,21.97,-0.01064650843716541,-0.013840460968315033,0.0,0.14715,0.85347,9.80019
107252524180,21.97,-0.023439771854283843,0.001064650843716541,0.0,0.15696000000000002,0.7651800000000001,9.73152
107257574685,21.97,-0.04153883619746504,0.011711159280881954,0.0,0.05886,0.52974,9.633420000000001
107262625190,21.97,-0.05646140130201656,0.01811651763570114,0.0,-0.039240000000000004,0.40221,9.623610000000001
107267675695,21.97,-0.049008845396000776,0.02556907354171693,0.0,-0.12753,0.50031,9.70209
107272726200,21.97,-0.022375121010567305,0.028763026072866547,0.0,-0.13734000000000002,0.6768900000000001,9.79038
107277776705,21.97,-0.008517206749732328,0.015987215948268057,0.0,-0.18639,0.8338500000000001,9.82962
107282827210,21.97,-0.006387905062299246,-0.006387905062299246,0.0,-0.08829,0.9221400000000001,9.79038
107287877715,21.97,-0.02556907354171693,-0.02556907354171693,0.0,-0.019620000000000002,0.86328,9.60399
107292928220,21.97,-0.04581489286485115,-0.031956978604016174,0.0,0.04905,0.7651800000000001,9.48627
107297978725,21.97,-0.06284930636431581,-0.01811651763570114,0.0,0.06867000000000001,0.60822,9.47646
107303029230,21.97,-0.07030186227033158,-0.007452555906015787,0.0,0.039240000000000004,0.49050000000000005,9.59418
107308079735,21.97,-0.06284930636431581,-0.006387905062299246,0.0,0.04905,0.50031,9.7119
107313130240,21.97,-0.044732788728614664,-0.003193952531149623,0.0,0.05886,0.5886,9.81
107318180745,21.97,-0.03089232776029963,0.005323254218582705,0.0,0.019620000000000002,0.5493600000000001,9.770760000000001
107323231250,21.97,-0.02982767691658309,0.015987215948268057,0.0,0.0,0.60822,9.760950000000001
107328281755,21.97,-0.03089232776029963,0.023439771854283843,0.0,-0.06867000000000001,0.65727,9.73152
107333332260,21.97,-0.02769837522915001,0.020245819323134222,0.0,-0.10791,0.70632,9.751140000000001
107338382765,21.97,-0.04581489286485115,0.013840460968315033,0.0,-0.13734000000000002,0.70632,9.83943
107343433270,21.97,-0.049008845396000776,0.006387905062299246,0.0,-0.18639,0.6278400000000001,9.96696
107348483775,21.97,-0.05113814708343386,0.004258603374866164,0.0,-0.21582,0.5493600000000001,9.91791
107353534280,21.97,-0.04366813788489812,-0.01064650843716541,0.0,-0.20601000000000003,0.52974,9.888480000000001
107358584785,21.97,-0.04366813788489812,-0.02556907354171693,0.0,-0.0981,0.6180300000000001,9.86886
107363635290,21.97,-0.04366813788489812,-0.039409534510031964,0.0,0.019620000000000002,0.63765,9.83943
107368685795,21.97,-0.039409534510031964,-0.03515093113516579,0.0,0.10791,0.6278400000000001,9.82962
107373736300,21.97,-0.0404741853537485,-0.006387905062299246,0.0,0.17658,0.57879,9.751140000000001
107378786805,21.97,-0.04581489286485115,0.0170518667919846,0.0,0.0981,0.46107000000000004,9.74133
107383837310,21.97,-0.04366813788489812,0.012775810124598492,0.0,-0.009810000000000001,0.44145,9.79038
107388887815,21.97,-0.03089232776029963,0.012775810124598492,0.0,-0.019620000000000002,0.52974,9.79038
107393938320,21.97,-0.02556907354171693,0.003193952531149623,0.0,-0.02943,0.6278400000000001,9.751140000000001
107398988825,21.97,-0.023439771854283843,0.001064650843716541,0.0,0.0,0.7651800000000001,9.68247
107404039330,21.97,-0.021310470166850764,0.002129301687433082,0.0,0.05886,0.80442,9.70209
107409089835,21.97,-0.02556907354171693,0.007452555906015787,0.0,0.009810000000000001,0.7848,9.58437
107414140340,21.97,-0.04153883619746504,0.013840460968315033,0.0,-0.02943,0.64746,9.57456
107419190845,21.97,-0.05539675045830002,0.012775810124598492,0.0,-0.07848000000000001,0.5395500000000001,9.496080000000001
107424241350,21.97,-0.06497860805174888,0.01064650843716541,0.0,-0.12753,0.51012,9.58437
107429291855,21.97,-0.049008845396000776,0.0,0.0,-0.14715,0.5493600000000001,9.7119
107434342360,21.97,-0.03834488366631542,-0.006387905062299246,0.0,-0.08829,0.73575,9.70209
107439392865,21.97,-0.03515093113516579,-0.024504422698000388,0.0,-0.019620000000000002,0.8338500000000001,9.751140000000001
107444443370,21.97,-0.0404741853537485,-0.031956978604016174,0.0,0.10791,0.7749900000000001,9.74133
107449493875,21.97,-0.05752605214573309,-0.011711159280881954,0.0,0.13734000000000002,0.51993,9.66285
107454544380,21.97,-0.07777187146886733,0.014905111812031574,0.0,0.019620000000000002,0.34335000000000004,9.64323
107459594885,21.97,-0.0756251164889143,0.024504422698000388,0.0,-0.07848000000000001,0.26487,9.760950000000001
107464645390,21.97,-0.06284930636431581,0.01811651763570114,0.0,-0.18639,0.31392000000000003,9.95715
107469695895,21.97,-0.039409534510031964,0.003193952531149623,0.0,-0.20601000000000003,0.51993,10.1043
107474746400,21.97,-0.01918116847941768,-0.005323254218582705,0.0,-0.12753,0.71613,10.08468
107479796905,21.97,-0.008517206749732328,-0.014905111812031574,0.0,-0.04905,0.71613,9.98658
107484847410,21.97,-0.02982767691658309,-0.01064650843716541,0.0,-0.019620000000000002,0.6278400000000001,9.79038
107489897915,21.97,-0.05113814708343386,0.003193952531149623,0.0,-0.039240000000000004,0.52974,9.623610000000001
107494948420,21.97,-0.06178465552059926,0.007452555906015787,0.0,-0.0981,0.44145,9.66285
107499998925,21.97,-0.06497860805174888,-0.001064650843716541,0.0,-0.12753,0.45126,9.819809999999999
107505049430,21.97,-0.05326744877086694,-0.008517206749732328,0.0,-0.039240000000000004,0.51993,9.97677
107510099935,21.97,-0.03515093113516579,-0.02556907354171693,0.0,0.019620000000000002,0.6180300000000001,9.98658
107515150440,21.97,-0.033021629447732716,-0.03834488366631542,0.0,0.10791,0.65727,9.79038
107520200945,21.97,-0.039409534510031964,-0.031956978604016174,0.0,0.20601000000000003,0.60822,9.68247
107525251450,21.97,-0.046879543708567686,0.0,0.0,0.26487,0.45126,9.44703
107530301955,21.97,-0.054332099614583476,0.039409534510031964,0.0,0.12753,0.43164,9.48627
107535352460,21.97,-0.05113814708343386,0.06923721142661506,0.0,-0.07848000000000001,0.46107000000000004,9.58437
107540402965,21.97,-0.033021629447732716,0.07243116395776468,0.0,-0.20601000000000003,0.50031,9.73152
107545453470,21.97,-0.02982767691658309,0.05113814708343386,0.0,-0.32373,0.59841,9.83943
107550503975,21.97,-0.02769837522915001,0.015987215948268057,0.0,-0.40221,0.72594,9.70209
107555554480,21.97,-0.031956978604016174,-0.01918116847941768,0.0,-0.32373,0.80442,9.74133
107560604985,21.97,-0.049008845396000776,-0.04794419455228423,0.0,-0.20601000000000003,0.80442,9.73152
107565655490,21.97,-0.07243116395776468,-0.05752605214573309,0.0,-0.05886,0.6278400000000001,9.69228
107570705995,21.97,-0.08841837990603273,-0.04366813788489812,0.0,0.039240000000000004,0.41202000000000005,9.72171
107575756500,21.97,-0.08415977653116657,-0.024504422698000388,0.0,0.019620000000000002,0.22563,9.7119
107580807005,21.97,-0.07990117315630041,-0.005323254218582705,0.0,0.009810000000000001,0.13734000000000002,9.83943
107585857510,21.97,-0.06284930636431581,0.00958185759344887,0.0,-0.07848000000000001,0.20601000000000003,9.888480000000001
107590908015,21.97,-0.03621558197888234,0.00958185759344887,0.0,-0.06867000000000001,0.40221,9.92772
107595958520,21.97,-0.021310470166850764,-0.00958185759344887,0.0,0.0,0.64746,9.937529999999999
107601009025,21.97,-0.022375121010567305,-0.020245819323134222,0.0,0.10791,0.7848,9.908100000000001
107606059530,21.97,-0.024504422698000388,-0.020245819323134222,0.0,0.25506,0.70632,9.888480000000001
107611110035,21.97,-0.044732788728614664,-0.008517206749732328,0.0,0.21582,0.57879,9.64323
107616160540,21.97,-0.06923721142661506,0.014905111812031574,0.0,0.15696000000000002,0.33354000000000006,9.54513
107621211045,21.97,-0.06923721142661506,0.04794419455228423,0.0,-0.039240000000000004,0.25506,9.633420000000001
107626261550,21.97,-0.05539675045830002,0.06604325889546543,0.0,-0.18639,0.22563,9.7119
107631312055,21.97,-0.04153883619746504,0.08309512568745003,0.0,-0.31392000000000003,0.37278,9.86886
107636362560,21.97,-0.021310470166850764,0.060720004676882725,0.0,-0.50031,0.52974,9.888480000000001
107641413065,21.97,-0.012775810124598492,0.02982767691658309,0.0,-0.5493600000000001,0.69651,9.908100000000001
107646463570,21.97,-0.02663372438543347,-0.008517206749732328,0.0,-0.46107000000000004,0.7848,9.819809999999999
107651514075,21.97,-0.039409534510031964,-0.04794419455228423,0.0,-0.37278,0.7848,9.78057
107656564580,21.97,-0.06284930636431581,-0.08415977653116657,0.0,-0.1962,0.70632,9.7119
107661615085,21.97,-0.08096582400001695,-0.09800023749948161,0.0,0.02943,0.57879,9.66285
107666665590,21.97,-0.10012953918691468,-0.0852244273748831,0.0,0.20601000000000003,0.3924,9.72171
107671716095,21.97,-0.09267698328089889,-0.07136651311404815,0.0,0.34335000000000004,0.24525000000000002,9.66285
107676766600,21.97,-0.0852244273748831,-0.05220279792715039,0.0,0.42183,0.1962,9.7119
107681817105,21.97,-0.06710790973918197,-0.01064650843716541,0.0,0.48069000000000006,0.11772,9.85905
107686867610,21.97,-0.04794419455228423,0.02769837522915001,0.0,0.35316,0.18639,9.79038
107691918115,21.97,-0.02556907354171693,0.07456046564519776,-0.006387905062299246,0.1962,0.23544,9.89829
107696968620,21.97,-0.007452555906015787,0.1097288500728835,0.0,-0.06867000000000001,0.34335000000000004,9.87867
107702019125,21.97,-0.008517206749732328,0.12144000935376545,-0.004258603374866164,-0.28449,0.48069000000000006,9.83943
107707069630,21.97,0.0,0.11185815176031658,0.0,-0.51012,0.6278400000000001,9.69228
107712120135,21.97,-0.004258603374866164,0.08096582400001695,0.0,-0.63765,0.84366,9.69228
107717170640,21.97,-0.0170518667919846,0.022375121010567305,0.0,-0.6867000000000001,0.95157,9.69228
107722221145,21.97,-0.049008845396000776,-0.031956978604016174,0.0,-0.6278400000000001,0.85347,9.68247
107727271650,21.97,-0.07777187146886733,-0.07883652231258387,0.001064650843716541,-0.45126,0.6768900000000001,9.67266
107732322155,21.97,-0.10759954838545042,-0.11611675513518273,0.002129301687433082,-0.24525000000000002,0.46107000000000004,9.760950000000001
107737372660,21.97,-0.11505210429146619,-0.1352804703220805,0.0,-0.039240000000000004,0.27468000000000004,9.78057
107742423165,21.97,-0.12463396188491506,-0.13208651779093086,0.001064650843716541,0.25506,0.20601000000000003,9.937529999999999
107747473670,21.97,-0.10119419003063122,-0.1097288500728835,-0.001064650843716541,0.5395500000000001,0.10791,9.908100000000001
107752524175,21.97,-0.08309512568745003,-0.06604325889546543,0.001064650843716541,0.6670800000000001,0.08829,9.84924
107757574680,21.97,-0.05646140130201656,-0.014905111812031574,-0.001064650843716541,0.6768900000000001,0.0981,9.73152
107762625185,21.97,-0.02982767691658309,0.024504422698000388,-0.003193952531149623,0.59841,0.12753,9.68247
107767675690,21.97,-0.021310470166850764,0.08096582400001695,-0.002129301687433082,0.47088,0.17658,9.78057
107772726195,21.97,-0.001064650843716541,0.1097288500728835,-0.001064650843716541,0.18639,0.35316,9.80019
107777776700,21.97,-0.001064650843716541,0.12995721610349775,-0.002129301687433082,-0.04905,0.5395500000000001,9.888480000000001
107782827205,21.97,0.004258603374866164,0.13102186694721432,-0.002129301687433082,-0.31392000000000003,0.63765,9.84924
107787877710,21.97,-0.006387905062299246,0.1097288500728835,-0.002129301687433082,-0.51993,0.71613,9.74133
107792928215,21.97,-0.013840460968315033,0.07883652231258387,0.0,-0.6670800000000001,0.72594,9.65304
107797978720,21.97,-0.03834488366631542,0.03834488366631542,0.003193952531149623,-0.73575,0.73575,9.60399
107803029225,21.97,-0.06178465552059926,-0.008517206749732328,0.0,-0.7651800000000001,0.63765,9.633420000000001
107808079730,21.97,-0.08415977653116657,-0.05326744877086694,0.001064650843716541,-0.69651,0.50031,9.68247
107813130235,21.97,-0.10012953918691468,-0.10119419003063122,0.004258603374866164,-0.49050000000000005,0.36297,9.84924
107818180740,21.97,-0.10438814256178083,-0.12676326357234816,0.002129301687433082,-0.24525000000000002,0.25506,9.97677
107823231245,21.97,-0.09800023749948161,-0.12676326357234816,0.002129301687433082,0.009810000000000001,0.24525000000000002,9.99639
107828281750,21.97,-0.08203047484373349,-0.11505210429146619,0.0,0.30411,0.22563,9.96696
107833332255,21.97,-0.07030186227033158,-0.08841837990603273,-0.001064650843716541,0.5493600000000001,0.20601000000000003,9.87867
107838382760,21.97,-0.07136651311404815,-0.04366813788489812,-0.002129301687433082,0.63765,0.16677000000000003,9.72171
107843433265,21.97,-0.05539675045830002,0.002129301687433082,0.0,0.63765,0.10791,9.65304
107848483770,21.97,-0.039409534510031964,0.04794419455228423,-0.001064650843716541,0.47088,0.15696000000000002,9.7119
107853534275,21.97,-0.028763026072866547,0.08096582400001695,0.001064650843716541,0.2943,0.25506,9.85905
107858584780,21.97,-0.015987215948268057,0.0852244273748831,-0.001064650843716541,0.10791,0.40221,10.01601
107863635285,21.97,-0.003193952531149623,0.08096582400001695,0.0,-0.06867000000000001,0.49050000000000005,9.94734
107868685790,21.97,-0.008517206749732328,0.06604325889546543,-0.003193952531149623,-0.1962,0.5395500000000001,9.80019
107873736295,21.97,-0.014905111812031574,0.05007349623971732,-0.001064650843716541,-0.27468000000000004,0.59841,9.6138
107878786800,21.97,-0.031956978604016174,0.03621558197888234,0.0,-0.33354000000000006,0.63765,9.52551
107883837305,21.97,-0.046879543708567686,0.0170518667919846,0.002129301687433082,-0.3924,0.6670800000000001,9.52551
107888887810,21.97,-0.06604325889546543,-0.008517206749732328,-0.002129301687433082,-0.33354000000000006,0.5493600000000001,9.623610000000001
107893938315,21.97,-0.0852244273748831,-0.03089232776029963,0.0,-0.31392000000000003,0.35316,9.751140000000001
107898988820,21.97,-0.09161233243718235,-0.04794419455228423,0.0,-0.25506,0.24525000000000002,9.74133
107904039325,21.97,-0.08841837990603273,-0.05752605214573309,0.001064650843716541,-0.17658,0.20601000000000003,9.85905
107909089830,21.97,-0.07990117315630041,-0.06391395720803235,0.001064650843716541,-0.05886,0.23544,9.888480000000001
107914140335,21.97,-0.06391395720803235,-0.0756251164889143,-0.001064650843716541,0.13734000000000002,0.31392000000000003,9.888480000000001
107919190840,21.97,-0.05646140130201656,-0.06710790973918197,0.0,0.36297,0.36297,9.87867
107924241345,21.97,-0.054332099614583476,-0.039409534510031964,0.0,0.44145,0.32373,9.74133
107929291850,21.97,-0.05220279792715039,-0.001064650843716541,-0.001064650843716541,0.47088,0.27468000000000004,9.64323
107934342355,21.97,-0.054332099614583476,0.03834488366631542,0.0,0.33354000000000006,0.17658,9.7119
107939392860,21.97,-0.05326744877086694,0.05965535383316618,-0.002129301687433082,0.14715,0.12753,9.80019
107944443365,21.97,-0.044732788728614664,0.07670722062515077,-0.001064650843716541,-0.009810000000000001,0.18639,9.86886
107949493870,21.97,-0.033021629447732716,0.08096582400001695,-0.001064650843716541,-0.18639,0.25506,9.908100000000001
107954544375,21.97,-0.013840460968315033,0.07456046564519776,0.0,-0.34335000000000004,0.41202000000000005,9.770760000000001
107959594880,21.97,-0.00958185759344887,0.06604325889546543,-0.002129301687433082,-0.42183,0.5493600000000001,9.751140000000001
107964645385,21.97,-0.020245819323134222,0.05326744877086694,0.0,-0.50031,0.59841,9.65304
107969695890,21.97,-0.04581489286485115,0.03515093113516579,-0.003193952531149623,-0.57879,0.5493600000000001,9.64323
107974746395,21.97,-0.06604325889546543,0.01811651763570114,0.001064650843716541,-0.6278400000000001,0.40221,9.68247
107979796900,21.97,-0.07990117315630041,-0.004258603374866164,0.005323254218582705,-0.6670800000000001,0.2943,9.78057
107984847405,21.97,-0.09054768159346581,-0.03089232776029963,0.002129301687433082,-0.65727,0.22563,9.91791
107989897910,21.97,-0.08096582400001695,-0.07136651311404815,0.003193952531149623,-0.52974,0.23544,10.045440000000001
107994948415,21.97,-0.07030186227033158,-0.1097288500728835,0.001064650843716541,-0.33354000000000006,0.30411,10.06506
107999998920,21.97,-0.07349581480148122,-0.1352804703220805,0.002129301687433082,0.039240000000000004,0.3924,9.96696
108005049425,21.97,-0.07349581480148122,-0.13421581947836395,0.0,0.35316,0.34335000000000004,9.95715
108010099930,21.97,-0.08948303074974927,-0.09587093581204853,-0.002129301687433082,0.65727,0.23544,9.819809999999999
108015150435,21.97,-0.08628907821859966,-0.05859070298944965,0.003193952531149623,0.74556,0.06867000000000001,9.751140000000001
108020200940,21.97,-0.08415977653116657,-0.02556907354171693,0.002129301687433082,0.71613,-0.009810000000000001,9.80019
108025251445,21.97,-0.0756251164889143,0.00958185759344887,-0.003193952531149623,0.6768900000000001,-0.0981,9.86886
108030301950,21.97,-0.04366813788489812,0.044732788728614664,0.001064650843716541,0.5493600000000001,-0.039240000000000004,9.84924
108035352455,21.97,-0.011711159280881954,0.08415977653116657,0.001064650843716541,0.37278,0.02943,9.85905
108040402960,21.97,0.005323254218582705,0.10225884087434776,0.002129301687433082,0.17658,0.17658,9.81
108045453465,21.97,0.015987215948268057,0.10759954838545042,0.0,-0.039240000000000004,0.45126,9.67266
108050503970,21.97,0.004258603374866164,0.09800023749948161,-0.003193952531149623,-0.20601000000000003,0.59841,9.83943
108055554475,21.97,-0.00958185759344887,0.07243116395776468,-0.002129301687433082,-0.36297,0.65727,9.623610000000001
108060604980,21.97,-0.033021629447732716,0.05646140130201656,-0.002129301687433082,-0.47088,0.64746,9.6138
108065655485,21.97,-0.05646140130201656,0.03089232776029963,-0.001064650843716541,-0.5395500000000001,0.51012,9.6138
108070705990,21.97,-0.06710790973918197,-0.008517206749732328,0.0,-0.5886,0.38259000000000004,9.64323
108075756495,21.97,-0.08309512568745003,-0.04366813788489812,0.0,-0.51993,0.26487,9.64323
108080807000,21.97,-0.09054768159346581,-0.06391395720803235,0.002129301687433082,-0.3924,0.16677000000000003,9.69228
108085857505,21.97,-0.09161233243718235,-0.06710790973918197,0.002129301687433082,-0.27468000000000004,0.11772,9.67266
108090908010,21.97,-0.0852244273748831,-0.06923721142661506,0.002129301687433082,-0.12753,0.15696000000000002,9.751140000000001
108095958515,21.97,-0.07243116395776468,-0.06710790973918197,0.002129301687433082,0.039240000000000004,0.20601000000000003,9.84924
108101009020,21.97,-0.06284930636431581,-0.05113814708343386,0.0,0.16677000000000003,0.20601000000000003,9.89829
108106059525,21.97,-0.060720004676882725,-0.02556907354171693,0.0,0.24525000000000002,0.11772,9.89829
108111110030,21.97,-0.05646140130201656,-0.001064650843716541,0.0,0.18639,0.10791,9.78057
108116160535,21.97,-0.05539675045830002,0.022375121010567305,0.0,0.13734000000000002,0.0981,9.78057
108121211040,21.97,-0.05752605214573309,0.033021629447732716,0.0,0.08829,0.14715,9.80019
108126261545,21.97,-0.04794419455228423,0.03408628029144926,-0.002129301687433082,0.019620000000000002,0.23544,9.908100000000001
108131312050,21.97,-0.039409534510031964,0.02769837522915001,-0.001064650843716541,-0.02943,0.2943,9.97677
108136362555,21.97,-0.03834488366631542,0.011711159280881954,0.001064650843716541,-0.04905,0.33354000000000006,9.95715
108141413060,21.97,-0.044732788728614664,-0.007452555906015787,0.002129301687433082,-0.05886,0.28449,10.025820000000001
108146463565,21.97,-0.05859070298944965,-0.031956978604016174,0.0,-0.02943,0.22563,9.98658
108151514070,21.97,-0.06497860805174888,-0.039409534510031964,0.001064650843716541,0.05886,0.13734000000000002,9.87867
108156564575,21.97,-0.06284930636431581,-0.028763026072866547,-0.001064650843716541,0.12753,0.08829,9.80019
108161615080,21.97,-0.054332099614583476,-0.007452555906015787,0.0,0.13734000000000002,0.0981,9.73152
108166665585,21.97,-0.04581489286485115,0.020245819323134222,-0.002129301687433082,0.16677000000000003,0.13734000000000002,9.74133
108171716090,21.97,-0.03728023282259888,0.04581489286485115,0.0,0.05886,0.14715,9.73152
108176766595,21.97,-0.03621558197888234,0.05646140130201656,0.0,-0.04905,0.20601000000000003,9.74133
108181817100,21.97,-0.03621558197888234,0.06178465552059926,-0.003193952531149623,-0.20601000000000003,0.24525000000000002,9.69228
108186867605,21.97,-0.03515093113516579,0.07243116395776468,0.001064650843716541,-0.34335000000000004,0.28449,9.7119
108191918110,21.97,-0.02663372438543347,0.05752605214573309,0.002129301687433082,-0.49050000000000005,0.35316,9.7119
108196968615,21.97,-0.03728023282259888,0.020245819323134222,0.0,-0.51012,0.38259000000000004,9.69228
108202019120,21.97,-0.05326744877086694,-0.033021629447732716,0.0,-0.48069000000000006,0.40221,9.7119
108207069625,21.97,-0.07136651311404815,-0.08309512568745003,0.002129301687433082,-0.2943,0.45126,9.633420000000001
108212120130,21.97,-0.08096582400001695,-0.11185815176031658,0.001064650843716541,-0.05886,0.45126,9.70209
108217170635,21.97,-0.09161233243718235,-0.11611675513518273,0.002129301687433082,0.22563,0.32373,9.819809999999999
108222221140,21.97,-0.11079350091660004,-0.09906488834319814,0.0,0.46107000000000004,0.08829,9.87867
108227271645,21.97,-0.11079350091660004,-0.06284930636431581,-0.001064650843716541,0.5591700000000001,-0.13734000000000002,9.819809999999999
108232322150,21.97,-0.10653489754173388,-0.01918116847941768,0.001064650843716541,0.49050000000000005,-0.11772,9.86886
108237372655,21.97,-0.08309512568745003,0.03621558197888234,-0.001064650843716541,0.46107000000000004,-0.18639,9.937529999999999
108242423160,21.97,-0.05752605214573309,0.09374163412461543,0.004258603374866164,0.25506,-0.13734000000000002,9.87867
108247473665,21.97,-0.046879543708567686,0.13208651779093086,0.0,0.02943,-0.08829,9.81
108252524170,21.97,-0.015987215948268057,0.12356931104119852,0.001064650843716541,-0.26487,-0.02943,9.770760000000001
108257574675,21.97,-0.00958185759344887,0.09693558665576507,0.0,-0.46107000000000004,0.06867000000000001,9.7119
108262625180,21.97,0.003193952531149623,0.046879543708567686,0.001064650843716541,-0.5886,0.1962,9.770760000000001
108267675685,21.97,0.004258603374866164,-0.007452555906015787,0.0,-0.60822,0.30411,9.89829
108272726190,21.97,0.001064650843716541,-0.05965535383316618,0.0,-0.46107000000000004,0.74556,9.86886
108277776695,21.97,-0.033021629447732716,-0.08735372906231618,-0.003193952531149623,-0.14715,0.72594,10.182780000000001
108282827200,21.97,-0.05113814708343386,-0.09587093581204853,0.002129301687433082,0.05886,0.41202000000000005,9.73152
108287877705,21.97,-0.10225884087434776,-0.06817256058289851,0.001064650843716541,0.18639,0.17658,9.53532
108292928210,21.97,-0.1097288500728835,-0.033021629447732716,0.003193952531149623,0.20601000000000003,-0.08829,9.58437
108297978715,21.97,-0.11079350091660004,-0.012775810124598492,0.001064650843716541,0.12753,-0.04905,9.760950000000001
108303029220,21.97,-0.10866419922916695,0.0,0.0,0.20601000000000003,-0.039240000000000004,10.12392
108308079725,21.97,-0.0756251164889143,0.0,0.0,0.16677000000000003,-0.15696000000000002,9.96696
108313130230,21.97,-0.06178465552059926,0.007452555906015787,0.002129301687433082,0.13734000000000002,-0.05886,9.89829
108318180735,21.97,-0.04260348704118158,0.013840460968315033,-0.003193952531149623,0.16677000000000003,-0.06867000000000001,9.7119
108323231240,21.97,-0.01918116847941768,0.0170518667919846,0.0,0.10791,0.0,9.7119
108328281745,21.97,-0.01918116847941768,0.033021629447732716,-0.003193952531149623,0.04905,0.06867000000000001,9.64323
108333332250,21.97,-0.014905111812031574,0.05113814708343386,-0.002129301687433082,-0.02943,0.11772,9.66285
108338382755,21.97,-0.013840460968315033,0.06391395720803235,0.0,-0.18639,0.20601000000000003,9.64323
108343433260,21.97,-0.0170518667919846,0.05539675045830002,0.002129301687433082,-0.2943,0.41202000000000005,9.72171
108348483765,21.97,-0.024504422698000388,0.024504422698000388,0.0,-0.32373,0.41202000000000005,9.91791
108353534270,21.97,-0.044732788728614664,-0.014905111812031574,0.0,-0.33354000000000006,0.37278,9.83943
108358584775,21.97,-0.0756251164889143,-0.05326744877086694,0.001064650843716541,-0.23544,0.30411,9.73152
108363635280,21.97,-0.0756251164889143,-0.07883652231258387,0.002129301687433082,-0.07848000000000001,0.22563,9.74133
108368685785,21.97,-0.09480628496833199,-0.07990117315630041,0.002129301687433082,0.06867000000000001,0.05886,9.819809999999999
108373736290,21.97,-0.09267698328089889,-0.05539675045830002,0.001064650843716541,0.1962,-0.039240000000000004,9.819809999999999
108378786795,21.97,-0.0852244273748831,-0.024504422698000388,-0.001064650843716541,0.22563,-0.0981,9.86886
108383837300,21.97,-0.0852244273748831,0.006387905062299246,0.003193952531149623,0.22563,-0.039240000000000004,9.98658
108388887805,21.97,-0.07456046564519776,0.023439771854283843,0.001064650843716541,0.18639,-0.15696000000000002,9.80019
108393938310,21.97,-0.06817256058289851,0.03621558197888234,0.0,0.07848000000000001,-0.06867000000000001,9.770760000000001
108398988815,21.97,-0.054332099614583476,0.028763026072866547,0.0,0.05886,-0.06867000000000001,9.73152
108404039320,21.97,-0.03408628029144926,0.01064650843716541,-0.003193952531149623,0.019620000000000002,0.0,9.80019
108409089825,21.97,-0.0170518667919846,0.003193952531149623,0.001064650843716541,-0.009810000000000001,0.019620000000000002,9.819809999999999
108414140330,21.97,-0.008517206749732328,0.013840460968315033,-0.003193952531149623,0.0,0.06867000000000001,9.83943
108419190835,21.97,-0.02556907354171693,0.020245819323134222,-0.001064650843716541,-0.04905,0.12753,9.82962
108424241340,21.97,-0.033021629447732716,0.02982767691658309,0.0,-0.12753,0.17658,9.81
108429291845,21.97,-0.04366813788489812,0.03089232776029963,0.0,-0.17658,0.18639,9.751140000000001
108434342350,21.97,-0.046879543708567686,0.006387905062299246,0.0,-0.22563,0.28449,9.7119
108439392855,21.97,-0.05326744877086694,-0.020245819323134222,-0.001064650843716541,-0.14715,0.30411,9.82962
108444443360,21.97,-0.05965535383316618,-0.04153883619746504,-0.001064650843716541,-0.05886,0.1962,9.91791
108449493865,21.97,-0.0756251164889143,-0.04581489286485115,-0.002129301687433082,0.0,0.009810000000000001,9.888480000000001
108454544370,21.97,-0.08415977653116657,-0.031956978604016174,-0.001064650843716541,0.06867000000000001,0.02943,9.81
108459594875,21.97,-0.08415977653116657,-0.007452555906015787,0.002129301687433082,0.0981,-0.06867000000000001,9.81
108464645380,21.97,-0.08735372906231618,0.001064650843716541,0.003193952531149623,0.07848000000000001,-0.02943,9.751140000000001
108469695885,21.97,-0.08309512568745003,0.003193952531149623,0.002129301687433082,0.10791,-0.0981,9.69228
108474746390,21.97,-0.060720004676882725,-0.006387905062299246,0.001064650843716541,0.07848000000000001,-0.10791,9.751140000000001
108479796895,21.97,-0.05326744877086694,-0.004258603374866164,0.002129301687433082,0.0981,-0.04905,9.72171
108484847400,21.97,-0.03408628029144926,-0.001064650843716541,0.0,0.10791,-0.009810000000000001,9.81
108489897905,21.97,-0.031956978604016174,0.013840460968315033,0.0,0.06867000000000001,0.0,9.81
108494948410,21.97,-0.03621558197888234,0.023439771854283843,0.0,0.04905,0.0,9.85905
108499998915,21.97,-0.0404741853537485,0.03728023282259888,0.0,-0.009810000000000001,0.009810000000000001,9.86886
108505049420,21.97,-0.046879543708567686,0.04260348704118158,0.0,-0.10791,0.05886,9.79038
108510099925,21.97,-0.04366813788489812,0.031956978604016174,0.0,-0.21582,0.06867000000000001,9.74133
108515150430,21.97,-0.03834488366631542,0.01918116847941768,0.0,-0.24525000000000002,0.10791,9.73152
108520200935,21.97,-0.039409534510031964,-0.014905111812031574,0.0,-0.22563,0.10791,9.79038
108525251440,21.97,-0.04581489286485115,-0.0404741853537485,0.0,-0.13734000000000002,0.16677000000000003,9.89829
108530301945,21.97,-0.05220279792715039,-0.04794419455228423,0.0,-0.04905,0.019620000000000002,10.025820000000001
108535352450,21.97,-0.07030186227033158,-0.03728023282259888,0.0,0.0,0.039240000000000004,9.888480000000001
108540402955,21.97,-0.0756251164889143,-0.028763026072866547,0.0,0.0981,-0.04905,9.81
108545453460,21.97,-0.07243116395776468,-0.020245819323134222,0.0,0.12753,0.0,9.69228
108550503965,21.97,-0.07030186227033158,-0.007452555906015787,0.0,0.18639,-0.02943,9.64323
108555554470,21.97,-0.05646140130201656,-0.002129301687433082,0.0,0.21582,-0.039240000000000004,9.68247
108560604975,21.97,-0.05220279792715039,0.014905111812031574,0.0,0.18639,-0.009810000000000001,9.81
108565655480,21.97,-0.049008845396000776,0.02556907354171693,0.0,0.10791,-0.05886,9.83943
108570705985,21.97,-0.05752605214573309,0.028763026072866547,0.0,0.02943,-0.07848000000000001,9.908100000000001
108575756490,21.97,-0.060720004676882725,0.031956978604016174,0.0,-0.039240000000000004,-0.04905,9.908100000000001
108580806995,21.97,-0.054332099614583476,0.02769837522915001,0.0,-0.07848000000000001,-0.019620000000000002,9.81
108585857500,21.97,-0.05220279792715039,0.02769837522915001,0.0,-0.11772,-0.02943,9.74133
108590908005,21.97,-0.039409534510031964,0.024504422698000388,0.0,-0.1962,-0.02943,9.770760000000001
108595958510,21.97,-0.03728023282259888,0.014905111812031574,0.0,-0.21582,-0.009810000000000001,9.751140000000001
108601009015,21.97,-0.049008845396000776,-0.006387905062299246,0.0,-0.22563,0.009810000000000001,9.83943
108606059520,21.97,-0.05326744877086694,-0.02769837522915001,0.0,-0.16677000000000003,0.0,9.86886
108611110025,21.97,-0.05646140130201656,-0.04153883619746504,0.0,-0.0981,-0.019620000000000002,9.85905
108616160530,21.97,-0.05752605214573309,-0.05113814708343386,0.0,0.0,-0.02943,9.86886
108621211035,21.97,-0.05113814708343386,-0.04153883619746504,0.0,0.10791,-0.02943,9.888480000000001
108626261540,21.97,-0.05007349623971732,-0.02663372438543347,0.0,0.20601000000000003,-0.039240000000000004,9.819809999999999
108631312045,21.97,-0.05326744877086694,-0.012775810124598492,0.0,0.1962,-0.039240000000000004,9.79038
108636362550,21.97,-0.054332099614583476,0.014905111812031574,0.0,0.20601000000000003,-0.05886,9.66285
108641413055,21.97,-0.06497860805174888,0.024504422698000388,0.0,0.16677000000000003,-0.02943,9.65304
108646463560,21.97,-0.06178465552059926,0.021310470166850764,0.0,0.10791,-0.05886,9.74133
108651514065,21.97,-0.05539675045830002,0.01918116847941768,0.0,0.02943,-0.04905,9.94734
108656564570,21.97,-0.05113814708343386,0.020245819323134222,0.0,0.0,-0.08829,9.98658
108661615075,21.97,-0.046879543708567686,0.024504422698000388,0.0,-0.06867000000000001,-0.04905,9.937529999999999
108666665580,21.97,-0.046879543708567686,0.03089232776029963,0.0,-0.11772,-0.07848000000000001,9.84924
108671716085,21.97,-0.05646140130201656,0.01918116847941768,0.0,-0.16677000000000003,-0.08829,9.69228
108676766590,21.97,-0.05965535383316618,-0.003193952531149623,0.0,-0.12753,-0.07848000000000001,9.633420000000001
108681817095,21.97,-0.05752605214573309,-0.01064650843716541,0.0,-0.12753,-0.06867000000000001,9.74133
108686867600,21.97,-0.05220279792715039,-0.015987215948268057,0.0,-0.0981,-0.08829,9.82962
108691918105,21.97,-0.044732788728614664,-0.01918116847941768,0.0,-0.07848000000000001,-0.07848000000000001,9.91791
108696968610,21.97,-0.046879543708567686,-0.02556907354171693,0.0,-0.04905,-0.07848000000000001,9.95715
108702019115,21.97,-0.05220279792715039,-0.031956978604016174,0.0,0.039240000000000004,-0.06867000000000001,9.82962
108707069620,21.97,-0.05539675045830002,-0.03089232776029963,0.0,0.12753,-0.06867000000000001,9.72171
108712120125,21.97,-0.05113814708343386,-0.011711159280881954,0.0,0.18639,-0.02943,9.633420000000001
108717170630,21.97,-0.046879543708567686,0.011711159280881954,0.0,0.18639,-0.07848000000000001,9.69228
108722221135,21.97,-0.049008845396000776,0.015987215948268057,0.0,0.11772,-0.02943,9.751140000000001
108727271640,21.97,-0.05007349623971732,0.013840460968315033,0.0,0.039240000000000004,-0.04905,9.888480000000001
108732322145,21.97,-0.05539675045830002,0.007452555906015787,0.0,0.05886,-0.0981,9.89829
108737372650,21.97,-0.05752605214573309,0.0,0.0,0.02943,-0.08829,9.937529999999999
108742423155,21.97,-0.05965535383316618,0.012775810124598492,0.0,0.0,-0.12753,9.91791
108747473660,21.97,-0.06178465552059926,0.02556907354171693,0.0,0.0,-0.11772,9.85905
108752524165,21.97,-0.054332099614583476,0.020245819323134222,0.0,-0.08829,-0.12753,9.819809999999999
108757574670,21.97,-0.05752605214573309,0.003193952531149623,0.0,-0.08829,-0.12753,9.74133
108762625175,21.97,-0.05539675045830002,-0.007452555906015787,0.0,-0.05886,-0.14715,9.72171
108767675680,21.97,-0.05220279792715039,-0.01811651763570114,0.0,-0.019620000000000002,-0.13734000000000002,9.79038
108772726185,21.97,-0.05113814708343386,-0.008517206749732328,0.0,-0.019620000000000002,-0.13734000000000002,9.888480000000001
108777776690,21.97,-0.04581489286485115,-0.008517206749732328,0.0,0.0,-0.14715,9.908100000000001
108782827195,21.97,-0.05113814708343386,-0.014905111812031574,0.0,0.009810000000000001,-0.14715,9.908100000000001
108787877700,21.97,-0.046879543708567686,-0.021310470166850764,0.0,0.06867000000000001,-0.0981,9.78057
108792928205,21.97,-0.04260348704118158,-0.012775810124598492,0.0,0.11772,-0.11772,9.633420000000001
108797978710,21.97,-0.03834488366631542,0.002129301687433082,0.0,0.16677000000000003,-0.07848000000000001,9.65304
108803029215,21.97,-0.03621558197888234,0.007452555906015787,0.0,0.11772,-0.07848000000000001,9.72171
108808079720,21.97,-0.04581489286485115,0.01064650843716541,0.0,0.0981,-0.11772,9.79038
108813130225,21.97,-0.05539675045830002,0.005323254218582705,0.0,0.06867000000000001,-0.12753,9.908100000000001
108818180730,21.97,-0.05859070298944965,0.013840460968315033,0.0,0.0,-0.12753,9.86886
108823231235,21.97,-0.05752605214573309,0.021310470166850764,0.0,-0.019620000000000002,-0.13734000000000002,9.87867
108828281740,21.97,-0.054332099614583476,0.01918116847941768,0.0,-0.05886,-0.14715,9.87867
108833332245,21.97,-0.05007349623971732,0.012775810124598492,0.0,-0.07848000000000001,-0.17658,9.81
108838382750,21.97,-0.05007349623971732,0.001064650843716541,0.0,-0.0981,-0.15696000000000002,9.760950000000001
108843433255,21.97,-0.05646140130201656,-0.01064650843716541,0.0,-0.05886,-0.17658,9.751140000000001
108848483760,21.97,-0.05859070298944965,-0.01064650843716541,0.0,-0.019620000000000002,-0.16677000000000003,9.73152
108853534265,21.97,-0.06284930636431581,-0.003193952531149623,0.0,-0.02943,-0.1962,9.82962
108858584770,21.97,-0.05859070298944965,-0.020245819323134222,0.0,-0.019620000000000002,-0.16677000000000003,9.92772
108863635275,21.97,-0.05113814708343386,-0.02982767691658309,0.0,0.02943,-0.1962,9.937529999999999
108868685780,21.97,-0.044732788728614664,-0.02769837522915001,0.0,0.13734000000000002,-0.20601000000000003,9.82962
108873736285,21.97,-0.044732788728614664,-0.01918116847941768,0.0,0.14715,-0.20601000000000003,9.760950000000001
108878786790,21.97,-0.03834488366631542,0.007452555906015787,0.0,0.20601000000000003,-0.17658,9.64323
108883837295,21.97,-0.046879543708567686,0.0170518667919846,0.0,0.14715,-0.17658,9.67266
108888887800,21.97,-0.049008845396000776,0.013840460968315033,0.0,0.11772,-0.15696000000000002,9.760950000000001
108893938305,21.97,-0.05007349623971732,0.012775810124598492,0.0,0.05886,-0.15696000000000002,9.84924
108898988810,21.97,-0.05220279792715039,0.006387905062299246,0.0,0.019620000000000002,-0.16677000000000003,9.89829
108904039315,21.97,-0.046879543708567686,0.01064650843716541,0.0,0.0,-0.15696000000000002,9.94734
108909089820,21.97,-0.04260348704118158,0.0170518667919846,0.0,-0.06867000000000001,-0.18639,9.937529999999999
108914140325,21.97,-0.05007349623971732,0.004258603374866164,0.0,-0.02943,-0.18639,9.81
108919190830,21.97,-0.05220279792715039,-0.001064650843716541,0.0,-0.039240000000000004,-0.16677000000000003,9.760950000000001
108924241335,21.97,-0.054332099614583476,0.0,0.0,0.0,-0.1962,9.66285
108929291840,21.97,-0.054332099614583476,0.001064650843716541,0.0,0.009810000000000001,-0.1962,9.67266
108934342345,21.97,-0.05220279792715039,0.005323254218582705,0.0,-0.05886,-0.18639,9.86886
108939392850,21.97,-0.05007349623971732,-0.003193952531149623,0.0,-0.009810000000000001,-0.21582,9.89829
108944443355,21.97,-0.05326744877086694,-0.014905111812031574,0.0,-0.019620000000000002,-0.23544,9.92772
108949493860,21.97,-0.05326744877086694,-0.020245819323134222,0.0,0.009810000000000001,-0.22563,9.83943
108954544365,21.97,-0.05539675045830002,-0.012775810124598492,0.0,0.05886,-0.21582,9.7119
108959594870,21.97,-0.046879543708567686,-0.002129301687433082,0.0,0.05886,-0.21582,9.64323
108964645375,21.97,-0.04153883619746504,0.005323254218582705,0.0,0.0981,-0.22563,9.67266
108969695880,21.97,-0.04581489286485115,0.003193952531149623,0.0,0.08829,-0.20601000000000003,9.760950000000001
108974746385,21.97,-0.05113814708343386,0.0,0.0,0.0981,-0.20601000000000003,9.819809999999999
108979796890,21.97,-0.05220279792715039,0.001064650843716541,0.0,0.02943,-0.22563,9.937529999999999
108984847395,21.97,-0.05539675045830002,0.0,0.0,0.02943,-0.23544,9.84924
108989897900,21.97,-0.05220279792715039,-0.012775810124598492,0.0,0.04905,-0.20601000000000003,9.888480000000001
108994948405,21.97,-0.049008845396000776,-0.015987215948268057,0.0,0.11772,-0.24525000000000002,9.888480000000001
108999998910,21.97,-0.04581489286485115,-0.0170518667919846,0.0,0.10791,-0.22563,9.83943
109005049415,21.97,-0.04581489286485115,-0.004258603374866164,0.0,0.15696000000000002,-0.21582,9.79038
109010099920,21.97,-0.05326744877086694,0.012775810124598492,0.0,0.15696000000000002,-0.24525000000000002,9.81
109015150425,21.97,-0.054332099614583476,0.022375121010567305,0.0,0.07848000000000001,-0.26487,9.80019
109020200930,21.97,-0.05326744877086694,0.024504422698000388,0.0,0.04905,-0.26487,9.888480000000001
109025251435,21.97,-0.05326744877086694,0.01918116847941768,0.0,0.009810000000000001,-0.22563,9.97677
109030301940,21.97,-0.05220279792715039,0.013840460968315033,0.0,-0.05886,-0.26487,9.89829
109035352445,21.97,-0.04260348704118158,0.015987215948268057,0.0,-0.05886,-0.26487,9.81
109040402950,21.97,-0.04153883619746504,0.01064650843716541,0.0,-0.08829,-0.27468000000000004,9.72171
109045453455,21.97,-0.046879543708567686,-0.001064650843716541,0.0,-0.07848000000000001,-0.24525000000000002,9.623610000000001
109050503960,21.97,-0.04366813788489812,-0.004258603374866164,0.0,-0.06867000000000001,-0.25506,9.66285
109055554465,21.97,-0.04366813788489812,-0.014905111812031574,0.0,-0.02943,-0.24525000000000002,9.74133
109060604970,21.97,-0.04153883619746504,-0.01811651763570114,0.0,-0.02943,-0.21582,9.770760000000001
109065655475,21.97,-0.039409534510031964,-0.020245819323134222,0.0,0.02943,-0.23544,9.82962
109070705980,21.97,-0.04153883619746504,-0.022375121010567305,0.0,0.04905,-0.23544,9.92772
109075756485,21.97,-0.046879543708567686,-0.02663372438543347,0.0,0.08829,-0.22563,9.84924
109080806990,21.97,-0.049008845396000776,-0.015987215948268057,0.0,0.16677000000000003,-0.26487,9.83943
109085857495,21.97,-0.05113814708343386,-0.004258603374866164,0.0,0.17658,-0.26487,9.81
109090908000,21.97,-0.05539675045830002,0.003193952531149623,0.0,0.17658,-0.28449,9.73152
109095958505,21.97,-0.05220279792715039,0.01064650843716541,0.0,0.17658,-0.2943,9.80019
109101009010,21.97,-0.044732788728614664,0.014905111812031574,0.0,0.08829,-0.30411,9.937529999999999
109106059515,21.97,-0.049008845396000776,0.012775810124598492,0.0,0.06867000000000001,-0.2943,9.937529999999999
109111110020,21.97,-0.05646140130201656,0.01064650843716541,0.0,0.02943,-0.33354000000000006,9.97677
109116160525,21.97,-0.054332099614583476,0.007452555906015787,0.0,0.0,-0.32373,9.84924
109121211030,21.97,-0.05113814708343386,0.003193952531149623,0.0,0.019620000000000002,-0.2943,9.760950000000001
109126261535,21.97,-0.049008845396000776,-0.003193952531149623,0.0,0.019620000000000002,-0.31392000000000003,9.751140000000001
109131312040,21.97,-0.03834488366631542,-0.004258603374866164,0.0,0.04905,-0.36297,9.82962
109136362545,21.97,-0.03408628029144926,-0.005323254218582705,0.0,0.07848000000000001,-0.35316,9.760950000000001
109141413050,21.97,-0.03834488366631542,0.001064650843716541,0.0,0.04905,-0.30411,9.78057
109146463555,21.97,-0.044732788728614664,0.0,0.0,0.02943,-0.31392000000000003,9.91791
109151514060,21.97,-0.04153883619746504,0.003193952531149623,0.0,0.05886,-0.2943,9.760950000000001
109156564565,21.97,-0.03408628029144926,0.006387905062299246,0.0,0.019620000000000002,-0.27468000000000004,9.81
109161615070,21.97,-0.03728023282259888,0.007452555906015787,0.0,0.019620000000000002,-0.26487,9.80019
109166665575,21.97,-0.033021629447732716,0.006387905062299246,0.0,-0.02943,-0.23544,9.73152
109171716080,21.97,-0.03621558197888234,-0.002129301687433082,0.0,0.0,-0.27468000000000004,9.79038
109176766585,21.97,-0.04260348704118158,-0.005323254218582705,0.0,0.009810000000000001,-0.25506,9.79038
109181817090,21.97,-0.05113814708343386,-0.014905111812031574,0.0,0.02943,-0.24525000000000002,9.79038
109186867595,21.97,-0.049008845396000776,-0.01811651763570114,0.0,0.07848000000000001,-0.30411,9.937529999999999
109191918100,21.97,-0.05007349623971732,-0.007452555906015787,0.0,0.10791,-0.31392000000000003,9.96696
109196968605,21.97,-0.05113814708343386,-0.012775810124598492,0.0,0.05886,-0.30411,9.91791
109202019110,21.97,-0.049008845396000776,-0.022375121010567305,0.0,0.11772,-0.33354000000000006,9.87867
109207069615,21.97,-0.04581489286485115,-0.01811651763570114,0.0,0.20601000000000003,-0.33354000000000006,9.78057
109212120120,21.97,-0.05220279792715039,-0.002129301687433082,0.0,0.20601000000000003,-0.37278,9.760950000000001
109217170625,21.97,-0.05007349623971732,0.013840460968315033,0.0,0.1962,-0.35316,9.85905
109222221130,21.97,-0.05007349623971732,0.02663372438543347,0.0,0.10791,-0.38259000000000004,9.89829
109227271635,21.97,-0.049008845396000776,0.02769837522915001,0.0,0.04905,-0.36297,9.86886
109232322140,21.97,-0.04581489286485115,0.00958185759344887,0.0,0.0,-0.35316,9.908100000000001
109237372645,21.97,-0.033021629447732716,-0.004258603374866164,0.0,0.009810000000000001,-0.34335000000000004,9.770760000000001
109242423150,21.97,-0.02769837522915001,-0.002129301687433082,0.0,0.05886,-0.38259000000000004,9.770760000000001
109247473655,21.97,-0.03408628029144926,0.006387905062299246,0.0,0.02943,-0.33354000000000006,9.81
109252524160,21.97,-0.03515093113516579,0.01064650843716541,0.0,0.0,-0.32373,9.770760000000001
109257574665,21.97,-0.03515093113516579,0.002129301687433082,0.0,0.009810000000000001,-0.35316,9.68247
109262625170,21.97,-0.03728023282259888,-0.007452555906015787,0.0,0.009810000000000001,-0.28449,9.770760000000001
109267675675,21.97,-0.0404741853537485,-0.013840460968315033,0.0,0.04905,-0.31392000000000003,9.82962
109272726180,21.97,-0.03089232776029963,-0.00958185759344887,0.0,0.07848000000000001,-0.33354000000000006,9.888480000000001
109277776685,21.97,-0.02769837522915001,-0.001064650843716541,0.0,0.04905,-0.32373,9.888480000000001
109282827190,21.97,-0.03834488366631542,0.005323254218582705,0.0,0.019620000000000002,-0.33354000000000006,9.84924
109287877695,21.97,-0.05007349623971732,-0.002129301687433082,0.0,0.02943,-0.33354000000000006,9.79038
109292928200,21.97,-0.05220279792715039,-0.01064650843716541,0.0,0.07848000000000001,-0.34335000000000004,9.81
109297978705,21.97,-0.054332099614583476,-0.00958185759344887,0.0,0.12753,-0.38259000000000004,9.78057
109303029210,21.97,-0.05220279792715039,-0.007452555906015787,0.0,0.12753,-0.3924,9.91791
109308079715,21.97,-0.04153883619746504,-0.008517206749732328,0.0,0.14715,-0.40221,9.95715
109313130220,21.97,-0.033021629447732716,-0.006387905062299246,0.0,0.15696000000000002,-0.40221,9.87867
109318180725,21.97,-0.044732788728614664,-0.002129301687433082,0.0,0.16677000000000003,-0.41202000000000005,9.85905
109323231230,21.97,-0.05220279792715039,0.0,0.0,0.15696000000000002,-0.44145,9.83943
109328281735,21.97,-0.044732788728614664,0.00958185759344887,0.0,0.16677000000000003,-0.41202000000000005,9.73152
109333332240,21.97,-0.04153883619746504,0.020245819323134222,0.0,0.13734000000000002,-0.41202000000000005,9.74133
109338382745,21.97,-0.033021629447732716,0.0170518667919846,0.0,0.07848000000000001,-0.42183,9.78057
109343433250,21.97,-0.02663372438543347,0.012775810124598492,0.0,0.04905,-0.40221,9.82962
109348483755,21.97,-0.02663372438543347,0.004258603374866164,0.0,0.009810000000000001,-0.41202000000000005,9.908100000000001
109353534260,21.97,-0.028763026072866547,0.005323254218582705,0.0,0.009810000000000001,-0.38259000000000004,9.819809999999999
109358584765,21.97,-0.03515093113516579,0.003193952531149623,0.0,0.02943,-0.3924,9.64323
109363635270,21.97,-0.033021629447732716,-0.0170518667919846,0.0,0.04905,-0.3924,9.68247
109368685775,21.97,-0.02769837522915001,-0.03515093113516579,0.0,0.11772,-0.34335000000000004,9.70209
109373736280,21.97,-0.022375121010567305,-0.022375121010567305,0.0,0.17658,-0.34335000000000004,9.73152
109378786785,21.97,-0.022375121010567305,-0.002129301687433082,0.0,0.18639,-0.35316,9.80019
109383837290,21.97,-0.031956978604016174,0.011711159280881954,0.0,0.14715,-0.36297,9.888480000000001
109388887795,21.97,-0.0404741853537485,0.011711159280881954,0.0,0.11772,-0.37278,9.84924
109393938300,21.97,-0.046879543708567686,0.00958185759344887,0.0,0.11772,-0.37278,9.79038
109398988805,21.97,-0.049008845396000776,0.022375121010567305,0.0,0.02943,-0.40221,9.7119
109404039310,21.97,-0.04581489286485115,0.02982767691658309,0.0,-0.009810000000000001,-0.37278,9.84924
109409089815,21.97,-0.0404741853537485,0.020245819323134222,0.0,-0.06867000000000001,-0.38259000000000004,10.01601
109414140320,21.97,-0.04581489286485115,0.011711159280881954,0.0,-0.15696000000000002,-0.43164,10.01601
109419190825,21.97,-0.05113814708343386,-0.005323254218582705,0.0,-0.14715,-0.46107000000000004,9.908100000000001
109424241330,21.97,-0.05646140130201656,-0.02982767691658309,0.0,-0.019620000000000002,-0.49050000000000005,9.84924
109429291835,21.97,-0.05326744877086694,-0.0404741853537485,0.0,0.05886,-0.48069000000000006,9.83943
109434342340,21.97,-0.03834488366631542,-0.04260348704118158,0.0,0.14715,-0.49050000000000005,9.80019
109439392845,21.97,-0.03089232776029963,-0.039409534510031964,0.0,0.21582,-0.48069000000000006,9.86886
109444443350,21.97,-0.020245819323134222,-0.033021629447732716,0.0,0.2943,-0.51012,9.97677
109449493855,21.97,-0.01918116847941768,-0.00958185759344887,0.0,0.34335000000000004,-0.48069000000000006,9.84924
109454544360,21.97,-0.028763026072866547,0.013840460968315033,0.0,0.2943,-0.47088,9.84924
109459594865,21.97,-0.03089232776029963,0.02769837522915001,0.0,0.24525000000000002,-0.45126,9.81
109464645370,21.97,-0.02663372438543347,0.02769837522915001,0.0,0.21582,-0.41202000000000005,9.72171
109469695875,21.97,-0.015987215948268057,0.02982767691658309,0.0,0.16677000000000003,-0.3924,9.760950000000001
109474746380,21.97,-0.004258603374866164,0.023439771854283843,0.0,0.07848000000000001,-0.3924,9.760950000000001
109479796885,21.97,-0.007452555906015787,0.015987215948268057,0.0,0.02943,-0.37278,9.888480000000001
109484847390,21.97,-0.01811651763570114,0.022375121010567305,0.0,0.0,-0.38259000000000004,9.81
109489897895,21.97,-0.02769837522915001,0.033021629447732716,0.0,-0.08829,-0.35316,9.73152
109494948400,21.97,-0.039409534510031964,0.02982767691658309,0.0,-0.14715,-0.36297,9.623610000000001
109499998905,21.97,-0.0404741853537485,-0.001064650843716541,0.0,-0.12753,-0.33354000000000006,9.633420000000001
109505049410,21.97,-0.03728023282259888,-0.03408628029144926,0.0,-0.07848000000000001,-0.37278,9.74133
109510099915,21.97,-0.02982767691658309,-0.05752605214573309,0.0,0.039240000000000004,-0.38259000000000004,9.760950000000001
109515150420,21.97,-0.03089232776029963,-0.05965535383316618,0.0,0.12753,-0.41202000000000005,9.86886
109520200925,21.97,-0.03621558197888234,-0.0404741853537485,0.0,0.23544,-0.45126,9.89829
109525251430,21.97,-0.04794419455228423,-0.01811651763570114,0.0,0.32373,-0.47088,9.87867
109530301935,21.97,-0.05646140130201656,0.0,0.0,0.32373,-0.50031,9.888480000000001
109535352440,21.97,-0.054332099614583476,0.01918116847941768,0.0,0.28449,-0.48069000000000006,9.78057
109540402945,21.97,-0.04366813788489812,0.031956978604016174,0.0,0.22563,-0.5395500000000001,9.770760000000001
109545453450,21.97,-0.033021629447732716,0.023439771854283843,0.0,0.16677000000000003,-0.48069000000000006,9.82962
109550503955,21.97,-0.028763026072866547,0.011711159280881954,0.0,0.10791,-0.51012,9.95715
109555554460,21.97,-0.02982767691658309,0.001064650843716541,0.0,0.11772,-0.5493600000000001,10.03563
109560604965,21.97,-0.03515093113516579,-0.00958185759344887,0.0,0.14715,-0.5493600000000001,10.15335
109565655470,21.97,-0.03834488366631542,-0.002129301687433082,0.0,0.13734000000000002,-0.51993,10.05525
109570705975,21.97,-0.02982767691658309,0.022375121010567305,0.0,0.12753,-0.5591700000000001,9.85905
109575756480,21.97,-0.0170518667919846,0.033021629447732716,0.0,0.05886,-0.49050000000000005,9.82962
109580806985,21.97,-0.00958185759344887,0.02769837522915001,0.0,0.0,-0.47088,9.80019
109585857490,21.97,-0.002129301687433082,0.014905111812031574,0.0,-0.039240000000000004,-0.49050000000000005,9.770760000000001
109590907995,21.97,-0.014905111812031574,0.0,0.0,-0.04905,-0.47088,9.81
109595958500,21.97,-0.020245819323134222,-0.02663372438543347,0.0,-0.009810000000000001,-0.44145,9.78057
109601009005,21.97,-0.014905111812031574,-0.05326744877086694,0.0,0.04905,-0.44145,9.770760000000001
109606059510,21.97,-0.012775810124598492,-0.06923721142661506,0.0,0.18639,-0.42183,9.84924
109611110015,21.97,0.001064650843716541,-0.07670722062515077,0.0,0.3924,-0.41202000000000005,9.83943
109616160520,21.97,-0.003193952531149623,-0.049008845396000776,0.0,0.51012,-0.40221,9.80019
109621211025,21.97,-0.006387905062299246,0.008517206749732328,0.0,0.50031,-0.42183,9.73152
109626261530,21.97,-0.021310470166850764,0.060720004676882725,0.0,0.41202000000000005,-0.40221,9.64323
109631312035,21.97,-0.03515093113516579,0.0852244273748831,0.0,0.21582,-0.36297,9.65304
109636362540,21.97,-0.0404741853537485,0.08309512568745003,0.0,0.07848000000000001,-0.40221,9.72171
109641413045,21.97,-0.03408628029144926,0.06284930636431581,0.0,-0.12753,-0.42183,9.84924
109646463550,21.97,-0.023439771854283843,0.033021629447732716,0.0,-0.20601000000000003,-0.44145,9.97677
109651514055,21.97,-0.023439771854283843,0.001064650843716541,0.0,-0.21582,-0.44145,9.96696
109656564560,21.97,-0.03621558197888234,-0.03621558197888234,0.0,-0.14715,-0.50031,9.78057
109661615065,21.97,-0.044732788728614664,-0.05539675045830002,0.0,-0.02943,-0.49050000000000005,9.65304
109666665570,21.97,-0.05007349623971732,-0.06710790973918197,0.0,0.08829,-0.50031,9.6138
109671716075,21.97,-0.039409534510031964,-0.05646140130201656,0.0,0.24525000000000002,-0.52974,9.760950000000001
109676766580,21.97,-0.024504422698000388,-0.04581489286485115,0.0,0.31392000000000003,-0.56898,9.888480000000001
109681817085,21.97,-0.01918116847941768,-0.031956978604016174,0.0,0.37278,-0.56898,10.08468
109686867590,21.97,-0.01918116847941768,-0.007452555906015787,0.0,0.36297,-0.5591700000000001,10.15335
109691918095,21.97,-0.024504422698000388,0.031956978604016174,0.0,0.32373,-0.5886,10.045440000000001
109696968600,21.97,-0.03089232776029963,0.06817256058289851,0.0,0.23544,-0.5591700000000001,9.86886
109702019105,21.97,-0.03089232776029963,0.08948303074974927,0.0,0.039240000000000004,-0.5493600000000001,9.751140000000001
109707069610,21.97,-0.0170518667919846,0.08203047484373349,0.0,-0.10791,-0.50031,9.67266
109712120115,21.97,0.0,0.0404741853537485,0.0,-0.20601000000000003,-0.49050000000000005,9.78057
109717170620,21.97,0.004258603374866164,-0.002129301687433082,0.0,-0.24525000000000002,-0.50031,9.83943
109722221125,21.97,0.0,-0.039409534510031964,0.0,-0.1962,-0.49050000000000005,9.92772
109727271630,21.97,-0.01064650843716541,-0.060720004676882725,0.0,-0.05886,-0.49050000000000005,9.94734
109732322135,21.97,-0.02663372438543347,-0.0756251164889143,0.0,0.06867000000000001,-0.49050000000000005,9.908100000000001
109737372640,21.97,-0.0170518667919846,-0.07883652231258387,0.0,0.26487,-0.51993,9.80019
109742423145,21.97,-0.008517206749732328,-0.07456046564519776,0.0,0.44145,-0.48069000000000006,9.72171
109747473650,21.97,0.0,-0.05539675045830002,0.0,0.5493600000000001,-0.49050000000000005,9.73152
109752524155,21.97,0.0,-0.01918116847941768,0.0,0.63765,-0.45126,9.770760000000001
109757574660,21.97,-0.005323254218582705,0.02982767691658309,0.0,0.59841,-0.47088,9.91791
109762625165,21.97,-0.021310470166850764,0.08096582400001695,0.0,0.42183,-0.48069000000000006,9.97677
109767675670,21.97,-0.033021629447732716,0.11398745344774965,0.0,0.15696000000000002,-0.48069000000000006,10.01601
109772726175,21.97,-0.031956978604016174,0.11185815176031658,0.0,-0.0981,-0.48069000000000006,9.96696
109777776680,21.97,-0.028763026072866547,0.09267698328089889,0.0,-0.26487,-0.49050000000000005,9.89829
109782827185,21.97,-0.01918116847941768,0.06817256058289851,0.0,-0.38259000000000004,-0.51993,9.81
109787877690,21.97,-0.012775810124598492,0.03089232776029963,0.0,-0.45126,-0.51993,9.7119
109792928195,21.97,-0.015987215948268057,-0.007452555906015787,0.0,-0.47088,-0.51012,9.65304
109797978700,21.97,-0.022375121010567305,-0.04153883619746504,0.0,-0.36297,-0.5395500000000001,9.66285
109803029205,21.97,-0.033021629447732716,-0.07136651311404815,0.0,-0.23544,-0.52974,9.7119
109808079710,21.97,-0.02556907354171693,-0.09587093581204853,0.0,-0.039240000000000004,-0.5591700000000001,9.78057
109813130215,21.97,-0.011711159280881954,-0.11185815176031658,0.0,0.16677000000000003,-0.5493600000000001,9.82962
109818180720,21.97,0.001064650843716541,-0.1097288500728835,0.0,0.3924,-0.57879,9.86886
109823231225,21.97,0.011711159280881954,-0.09054768159346581,0.0,0.56898,-0.5591700000000001,9.86886
109828281730,21.97,0.0,-0.05113814708343386,0.0,0.71613,-0.5493600000000001,9.819809999999999
109833332235,21.97,-0.008517206749732328,-0.005323254218582705,0.0,0.72594,-0.52974,9.81
109838382740,21.97,-0.011711159280881954,0.031956978604016174,0.0,0.6768900000000001,-0.49050000000000005,9.819809999999999
109843433245,21.97,-0.007452555906015787,0.060720004676882725,0.0,0.56898,-0.47088,9.86886
109848483750,21.97,0.001064650843716541,0.06817256058289851,0.0,0.40221,-0.47088,9.908100000000001
109853534255,21.97,0.005323254218582705,0.07349581480148122,0.0,0.22563,-0.46107000000000004,9.95715
109858584760,21.97,0.001064650843716541,0.08415977653116657,0.0,0.07848000000000001,-0.44145,9.908100000000001
109863635265,21.97,-0.006387905062299246,0.09374163412461543,0.0,-0.13734000000000002,-0.44145,9.81
109868685770,21.97,-0.0170518667919846,0.0852244273748831,0.0,-0.28449,-0.45126,9.74133
109873736275,21.97,-0.02663372438543347,0.05646140130201656,0.0,-0.40221,-0.48069000000000006,9.72171
109878786780,21.97,-0.02769837522915001,0.01918116847941768,0.0,-0.46107000000000004,-0.48069000000000006,9.81
109883837285,21.97,-0.021310470166850764,-0.014905111812031574,0.0,-0.44145,-0.51993,9.95715
109888887790,21.97,-0.0170518667919846,-0.05220279792715039,0.0,-0.34335000000000004,-0.56898,10.03563
109893938295,21.97,-0.01811651763570114,-0.07990117315630041,0.0,-0.1962,-0.60822,10.045440000000001
109898988800,21.97,-0.02556907354171693,-0.08948303074974927,0.0,0.0,-0.59841,9.96696
109904039305,21.97,-0.02982767691658309,-0.07990117315630041,0.0,0.1962,-0.6278400000000001,9.79038
109909089810,21.97,-0.020245819323134222,-0.05859070298944965,0.0,0.31392000000000003,-0.6278400000000001,9.751140000000001
109914140315,21.97,-0.006387905062299246,-0.033021629447732716,0.0,0.44145,-0.60822,9.751140000000001
109919190820,21.97,0.006387905062299246,-0.005323254218582705,0.0,0.46107000000000004,-0.5886,9.78057
109924241325,21.97,0.014905111812031574,0.011711159280881954,0.0,0.43164,-0.5591700000000001,9.819809999999999
109929291830,21.97,0.014905111812031574,0.02982767691658309,0.0,0.37278,-0.52974,9.83943
109934342335,21.97,0.012775810124598492,0.05220279792715039,0.0,0.27468000000000004,-0.49050000000000005,9.74133
109939392840,21.97,0.00958185759344887,0.06497860805174888,0.0,0.13734000000000002,-0.45126,9.69228
109944443345,21.97,0.0170518667919846,0.06497860805174888,0.0,0.0,-0.42183,9.68247
109949493850,21.97,0.022375121010567305,0.05326744877086694,0.0,-0.12753,-0.41202000000000005,9.64323
109954544355,21.97,0.0170518667919846,0.0404741853537485,0.0,-0.1962,-0.37278,9.67266
109959594860,21.97,0.008517206749732328,0.023439771854283843,0.0,-0.28449,-0.36297,9.74133
109964645365,21.97,-0.005323254218582705,0.008517206749732328,0.0,-0.2943,-0.3924,9.81
109969695870,21.97,-0.014905111812031574,-0.01811651763570114,0.0,-0.26487,-0.3924,9.80019
109974746375,21.97,-0.015987215948268057,-0.05326744877086694,0.006387905062299246,-0.21582,-0.40221,9.70209
109979796880,21.97,-0.01918116847941768,-0.11931070766633237,0.003193952531149623,0.02943,-0.46107000000000004,9.67266
109984847385,21.97,-0.02663372438543347,-0.17683675981206545,-0.002129301687433082,0.43164,-0.51012,9.633420000000001
109989897890,21.97,-0.023439771854283843,-0.18428931571808121,-0.001064650843716541,0.7749900000000001,-0.51012,9.72171
109994948395,21.97,-0.02769837522915001,-0.14381513036433274,-0.001064650843716541,1.00062,-0.5493600000000001,9.82962
109999998900,21.97,-0.0170518667919846,-0.08203047484373349,-0.002129301687433082,1.20663,-0.59841,10.006200000000002
110005049405,21.97,-0.02769837522915001,-0.008517206749732328,-0.002129301687433082,1.3047300000000002,-0.64746,10.12392
110010099910,21.97,-0.03408628029144926,0.08628907821859966,0.0,1.1281500000000002,-0.63765,10.31031
110015150415,21.97,-0.03089232776029963,0.18216001403064813,-0.001064650843716541,0.7651800000000001,-0.64746,10.300500000000001
110020200920,21.97,-0.020245819323134222,0.2482032729261136,0.0,0.21582,-0.63765,10.25145
110025251425,21.97,-0.01064650843716541,0.26312583803066514,0.0,-0.24525000000000002,-0.63765,10.074869999999999
110030301930,21.97,-0.007452555906015787,0.22903955773921586,-0.001064650843716541,-0.74556,-0.6278400000000001,10.01601
110035352435,21.97,0.0,0.1704488547497662,-0.004258603374866164,-1.0791000000000002,-0.6278400000000001,9.92772
110040402940,21.97,0.002129301687433082,0.09906488834319814,-0.002129301687433082,-1.24587,-0.6180300000000001,9.760950000000001
110045453445,21.97,0.007452555906015787,0.01811651763570114,0.001064650843716541,-1.31454,-0.5886,9.760950000000001
110050503950,21.97,0.008517206749732328,-0.07030186227033158,0.002129301687433082,-1.22625,-0.57879,9.74133
110055554455,21.97,0.01811651763570114,-0.16938420390604966,0.0,-0.89271,-0.56898,9.73152
110060604960,21.97,0.03089232776029963,-0.2535265271446963,0.0,-0.40221,-0.5493600000000001,9.6138
110065655465,21.97,0.028763026072866547,-0.286548156592429,-0.005323254218582705,0.20601000000000003,-0.5493600000000001,9.6138
110070705970,21.97,0.0404741853537485,-0.27164304478039747,-0.001064650843716541,0.7749900000000001,-0.51012,9.60399
110075756475,21.97,0.04153883619746504,-0.2205048976969636,0.0,1.24587,-0.50031,9.59418
110080806980,21.97,0.04366813788489812,-0.14487978120804929,-0.003193952531149623,1.55979,-0.46107000000000004,9.59418
110085857485,21.97,0.03515093113516579,-0.04794419455228423,-0.004258603374866164,1.70694,-0.37278,9.59418
110090907990,21.97,0.03089232776029963,0.05965535383316618,-0.001064650843716541,1.5696,-0.36297,9.7119
110095958495,21.97,0.02982767691658309,0.16404349639494703,-0.001064650843716541,1.2556800000000001,-0.32373,9.751140000000001
110101009000,21.97,0.0170518667919846,0.24394466955124744,0.0,0.73575,-0.26487,9.819809999999999
110106059505,21.97,0.006387905062299246,0.2652551397180982,0.0,0.20601000000000003,-0.30411,9.78057
110111110010,21.97,-0.00958185759344887,0.2503325746135467,0.001064650843716541,-0.34335000000000004,-0.28449,9.760950000000001
110116160515,21.97,-0.02769837522915001,0.21092304010351473,0.0,-0.74556,-0.32373,9.73152
110121211020,21.97,-0.04153883619746504,0.16510814723866357,-0.001064650843716541,-1.08891,-0.38259000000000004,9.819809999999999
110126261525,21.97,-0.05113814708343386,0.09267698328089889,0.0,-1.3047300000000002,-0.48069000000000006,9.94734
110131312030,21.97,-0.05326744877086694,-0.005323254218582705,0.002129301687433082,-1.3243500000000001,-0.57879,10.01601
110136362535,21.97,-0.05965535383316618,-0.10653489754173388,0.001064650843716541,-1.1183400000000001,-0.64746,9.99639
110141413040,21.97,-0.05752605214573309,-0.18535396656179778,0.0,-0.79461,-0.72594,9.95715
110146463545,21.97,-0.04366813788489812,-0.2354274628015151,0.0,-0.30411,-0.79461,9.92772
110151514050,21.97,-0.03515093113516579,-0.2428800187075309,0.0,0.20601000000000003,-0.84366,10.006200000000002
110156564555,21.97,-0.020245819323134222,-0.23329816111408203,0.0,0.6867000000000001,-0.86328,10.06506
110161615060,21.97,0.0,-0.20772908757236508,0.0,1.1281500000000002,-0.85347,10.025820000000001
110166665565,21.97,0.022375121010567305,-0.15446163880149816,-0.001064650843716541,1.4715,-0.84366,10.06506
110171716070,21.97,0.04260348704118158,-0.06178465552059926,-0.001064650843716541,1.58922,-0.7749900000000001,10.05525
110176766575,21.97,0.05539675045830002,0.03834488366631542,-0.002129301687433082,1.5696,-0.65727,10.006200000000002
110181817080,21.97,0.07349581480148122,0.1288925652597812,0.0,1.3047300000000002,-0.57879,10.006200000000002
110186867585,21.97,0.07670722062515077,0.20666443672864854,-0.001064650843716541,0.9221400000000001,-0.49050000000000005,9.86886
110191918090,21.97,0.07883652231258387,0.25672047967584594,-0.003193952531149623,0.3924,-0.3924,9.81
110196968595,21.97,0.07456046564519776,0.27270769562411395,-0.003193952531149623,-0.16677000000000003,-0.30411,9.7119
110202019100,21.97,0.05965535383316618,0.2652551397180982,-0.002129301687433082,-0.6768900000000001,-0.21582,9.70209
110207069605,21.97,0.046879543708567686,0.2236988502281132,0.0,-1.1477700000000002,-0.22563,9.7119
110212120110,21.97,0.028763026072866547,0.1331511686346474,0.0,-1.42245,-0.24525000000000002,9.72171
110217170615,21.97,0.013840460968315033,0.01064650843716541,0.001064650843716541,-1.4813100000000001,-0.23544,9.70209
110222221120,21.97,0.001064650843716541,-0.1097288500728835,0.003193952531149623,-1.29492,-0.31392000000000003,9.6138
110227271625,21.97,-0.013840460968315033,-0.20879373841608162,0.0,-0.95157,-0.3924,9.6138
110232322130,21.97,-0.02556907354171693,-0.27377234646783055,0.001064650843716541,-0.3924,-0.42183,9.66285
110237372635,21.97,-0.02982767691658309,-0.2982767691658309,0.0,0.24525000000000002,-0.51012,9.760950000000001
110242423140,21.97,-0.03089232776029963,-0.27909560068641326,-0.004258603374866164,0.79461,-0.59841,9.84924
110247473645,21.97,-0.028763026072866547,-0.20985838925979816,-0.002129301687433082,1.2753,-0.65727,9.82962
110252524150,21.97,-0.014905111812031574,-0.08628907821859966,0.0,1.52055,-0.6867000000000001,9.81
110257574655,21.97,-0.008517206749732328,0.03728023282259888,-0.002129301687433082,1.51074,-0.65727,9.79038
110262625160,21.97,0.001064650843716541,0.14913838458291545,-0.001064650843716541,1.22625,-0.64746,9.81
110267675665,21.97,0.013840460968315033,0.2130523417909478,0.002129301687433082,0.74556,-0.6180300000000001,9.770760000000001
110272726170,21.97,0.01811651763570114,0.2343628119577986,-0.002129301687433082,0.26487,-0.56898,9.78057
110277776675,21.97,0.02982767691658309,0.2205048976969636,0.001064650843716541,-0.1962,-0.5493600000000001,9.770760000000001
110282827180,21.97,0.031956978604016174,0.17470745812463237,0.0,-0.5591700000000001,-0.49050000000000005,9.81
110287877685,21.97,0.02982767691658309,0.1097288500728835,-0.001064650843716541,-0.8338500000000001,-0.49050000000000005,9.91791
110292928190,21.97,0.028763026072866547,0.03621558197888234,-0.004258603374866164,-0.90252,-0.47088,9.96696
110297978695,21.97,0.02556907354171693,-0.03515093113516579,0.0,-0.85347,-0.45126,9.937529999999999
110303029200,21.97,0.01811651763570114,-0.07990117315630041,-0.003193952531149623,-0.69651,-0.48069000000000006,9.908100000000001
110308079705,21.97,0.0170518667919846,-0.11505210429146619,0.0,-0.45126,-0.49050000000000005,9.81
110313130210,21.97,0.011711159280881954,-0.1374272253020335,0.0,-0.1962,-0.48069000000000006,9.80019
110318180715,21.97,0.011711159280881954,-0.1480737337391989,0.0,0.13734000000000002,-0.51993,9.85905
110323231220,21.97,0.014905111812031574,-0.14594443205176583,0.001064650843716541,0.43164,-0.50031,9.86886
110328281725,21.97,0.015987215948268057,-0.12144000935376545,-0.001064650843716541,0.6670800000000001,-0.52974,9.888480000000001
110333332230,21.97,0.01918116847941768,-0.09054768159346581,0.0,0.89271,-0.5395500000000001,9.92772
110338382735,21.97,0.021310470166850764,-0.033021629447732716,0.0,0.9613800000000001,-0.51993,9.97677
110343433240,21.97,0.024504422698000388,0.024504422698000388,0.001064650843716541,0.90252,-0.52974,9.937529999999999
110348483745,21.97,0.024504422698000388,0.08948303074974927,-0.002129301687433082,0.74556,-0.51993,9.888480000000001
110353534250,21.97,0.02769837522915001,0.14381513036433274,-0.001064650843716541,0.50031,-0.50031,9.78057
110358584755,21.97,0.02663372438543347,0.1704488547497662,0.0,0.13734000000000002,-0.48069000000000006,9.7119
110363635260,21.97,0.02556907354171693,0.17257815643719931,0.0,-0.21582,-0.43164,9.67266
110368685765,21.97,0.02556907354171693,0.13421581947836395,0.003193952531149623,-0.50031,-0.40221,9.633420000000001
110373736270,21.97,0.02556907354171693,0.060720004676882725,0.001064650843716541,-0.65727,-0.40221,9.65304
110378786775,21.97,0.021310470166850764,-0.01064650843716541,0.0,-0.6768900000000001,-0.42183,9.760950000000001
110383837280,21.97,0.02663372438543347,-0.05859070298944965,-0.004258603374866164,-0.5886,-0.41202000000000005,9.770760000000001
110388887785,21.97,0.020245819323134222,-0.08309512568745003,-0.002129301687433082,-0.38259000000000004,-0.45126,9.81
110393938290,21.97,0.011711159280881954,-0.09906488834319814,-0.001064650843716541,-0.20601000000000003,-0.46107000000000004,9.81
110398988795,21.97,0.005323254218582705,-0.09693558665576507,0.0,-0.009810000000000001,-0.47088,9.760950000000001
110404039300,21.97,-0.001064650843716541,-0.09054768159346581,0.0,0.20601000000000003,-0.50031,9.72171
110409089805,21.97,0.004258603374866164,-0.08309512568745003,0.0,0.3924,-0.51012,9.81
110414140310,21.97,0.011711159280881954,-0.07136651311404815,-0.001064650843716541,0.51993,-0.51993,9.888480000000001
110419190815,21.97,0.021310470166850764,-0.04581489286485115,-0.001064650843716541,0.5886,-0.51993,9.98658
110424241320,21.97,0.02556907354171693,-0.021310470166850764,0.0,0.65727,-0.5395500000000001,10.12392
110429291825,21.97,0.021310470166850764,0.011711159280881954,-0.003193952531149623,0.64746,-0.52974,10.08468
110434342330,21.97,0.013840460968315033,0.06178465552059926,-0.001064650843716541,0.50031,-0.5395500000000001,10.006200000000002
110439392835,21.97,0.0170518667919846,0.10759954838545042,0.0,0.31392000000000003,-0.5493600000000001,9.888480000000001
110444443340,21.97,0.01918116847941768,0.12676326357234816,0.001064650843716541,0.04905,-0.50031,9.78057
110449493845,21.97,0.024504422698000388,0.10438814256178083,0.0,-0.18639,-0.48069000000000006,9.70209
110454544350,21.97,0.03408628029144926,0.06604325889546543,-0.001064650843716541,-0.2943,-0.47088,9.80019
110459594855,21.97,0.03621558197888234,0.021310470166850764,-0.001064650843716541,-0.38259000000000004,-0.46107000000000004,9.87867
110464645360,21.97,0.03621558197888234,-0.012775810124598492,-0.003193952531149623,-0.36297,-0.47088,9.97677
110469695865,21.97,0.03408628029144926,-0.02982767691658309,0.001064650843716541,-0.33354000000000006,-0.48069000000000006,9.97677
110474746370,21.97,0.024504422698000388,-0.03728023282259888,-0.001064650843716541,-0.22563,-0.48069000000000006,9.84924
110479796875,21.97,0.023439771854283843,-0.04260348704118158,0.0,-0.08829,-0.46107000000000004,9.69228
110484847380,21.97,0.031956978604016174,-0.04794419455228423,-0.001064650843716541,0.02943,-0.46107000000000004,9.60399
110489897885,21.97,0.03408628029144926,-0.04794419455228423,-0.004258603374866164,0.11772,-0.43164,9.58437
110494948390,21.97,0.04260348704118158,-0.049008845396000776,-0.001064650843716541,0.23544,-0.44145,9.68247
110499998895,21.97,0.03515093113516579,-0.04366813788489812,-0.003193952531149623,0.31392000000000003,-0.48069000000000006,9.888480000000001
110505049400,21.97,0.02556907354171693,-0.033021629447732716,-0.002129301687433082,0.37278,-0.43164,9.91791
110510099905,21.97,0.023439771854283843,-0.012775810124598492,0.0,0.3924,-0.41202000000000005,9.86886
110515150410,21.97,0.024504422698000388,0.012775810124598492,0.0,0.38259000000000004,-0.41202000000000005,9.81
110520200915,21.97,0.03515093113516579,0.03089232776029963,0.001064650843716541,0.33354000000000006,-0.42183,9.633420000000001
110525251420,21.97,0.039409534510031964,0.03834488366631542,0.0,0.28449,-0.38259000000000004,9.60399
110530301925,21.97,0.03515093113516579,0.04260348704118158,-0.001064650843716541,0.1962,-0.3924,9.68247
110535352430,21.97,0.022375121010567305,0.05326744877086694,0.0,0.08829,-0.41202000000000005,9.73152
110540402935,21.97,0.012775810124598492,0.06391395720803235,0.0,-0.08829,-0.40221,9.85905
110545453440,21.97,0.006387905062299246,0.05646140130201656,-0.001064650843716541,-0.24525000000000002,-0.42183,10.025820000000001
110550503945,21.97,0.008517206749732328,0.03728023282259888,-0.002129301687433082,-0.31392000000000003,-0.45126,9.99639
110555554450,21.97,0.01064650843716541,-0.011711159280881954,0.0,-0.28449,-0.44145,9.86886
110560604955,21.97,0.01811651763570114,-0.044732788728614664,-0.003193952531149623,-0.20601000000000003,-0.46107000000000004,9.85905
110565655460,21.97,0.022375121010567305,-0.05113814708343386,-0.001064650843716541,-0.06867000000000001,-0.51012,9.68247
110570705965,21.97,0.021310470166850764,-0.04260348704118158,0.0,0.05886,-0.47088,9.65304
110575756470,21.97,0.014905111812031574,-0.033021629447732716,0.0,0.08829,-0.5395500000000001,9.888480000000001
110580806975,21.97,0.011711159280881954,-0.033021629447732716,0.0,0.14715,-0.51012,9.908100000000001
110585857480,21.97,0.021310470166850764,-0.03834488366631542,0.0,0.18639,-0.49050000000000005,10.05525
110590907985,21.97,0.033021629447732716,-0.04153883619746504,0.0,0.26487,-0.5493600000000001,10.06506
110595958490,21.97,0.04153883619746504,-0.02982767691658309,0.0,0.40221,-0.46107000000000004,9.82962
110601008995,21.97,0.05220279792715039,-0.004258603374866164,0.0,0.35316,-0.48069000000000006,9.81
110606059500,21.97,0.05007349623971732,0.033021629447732716,0.0,0.37278,-0.47088,9.760950000000001
110611110005,21.97,0.04366813788489812,0.05859070298944965,0.0,0.24525000000000002,-0.44145,9.72171
110616160510,21.97,0.031956978604016174,0.06604325889546543,0.0,0.0981,-0.44145,9.84924
110621211015,21.97,0.031956978604016174,0.05113814708343386,0.0,-0.039240000000000004,-0.43164,9.819809999999999
110626261520,21.97,0.03408628029144926,0.03515093113516579,0.0,-0.12753,-0.37278,9.83943
110631312025,21.97,0.044732788728614664,0.00958185759344887,0.0,-0.15696000000000002,-0.3924,9.89829
110636362530,21.97,0.04581489286485115,-0.004258603374866164,0.0,-0.12753,-0.41202000000000005,9.86886
110641413035,21.97,0.04260348704118158,-0.014905111812031574,0.0,-0.07848000000000001,-0.43164,9.760950000000001
110646463540,21.97,0.024504422698000388,-0.013840460968315033,0.0,-0.02943,-0.3924,9.70209
110651514045,21.97,0.0170518667919846,-0.013840460968315033,0.0,-0.039240000000000004,-0.38259000000000004,9.623610000000001
110656564550,21.97,0.0170518667919846,-0.011711159280881954,0.0,0.009810000000000001,-0.41202000000000005,9.60399
110661615055,21.97,0.028763026072866547,-0.033021629447732716,0.0,0.039240000000000004,-0.42183,9.751140000000001
110666665560,21.97,0.03515093113516579,-0.039409534510031964,0.0,0.11772,-0.42183,9.97677
110671716065,21.97,0.0404741853537485,-0.03515093113516579,0.0,0.21582,-0.43164,9.97677
110676766570,21.97,0.03728023282259888,-0.015987215948268057,0.0,0.25506,-0.41202000000000005,9.92772
110681817075,21.97,0.03089232776029963,0.006387905062299246,0.0,0.26487,-0.44145,9.78057
110686867580,21.97,0.01918116847941768,0.014905111812031574,0.0,0.26487,-0.42183,9.56475
110691918085,21.97,0.024504422698000388,0.015987215948268057,0.0,0.24525000000000002,-0.41202000000000005,9.623610000000001
110696968590,21.97,0.03621558197888234,0.03408628029144926,0.0,0.17658,-0.42183,9.78057
110702019095,21.97,0.049008845396000776,0.044732788728614664,0.0,0.04905,-0.3924,9.85905
110707069600,21.97,0.04153883619746504,0.04260348704118158,0.0,-0.04905,-0.40221,10.006200000000002
110712120105,21.97,0.03621558197888234,0.02769837522915001,0.0,-0.13734000000000002,-0.40221,9.98658
110717170610,21.97,0.023439771854283843,0.012775810124598492,0.0,-0.11772,-0.42183,9.79038
110722221115,21.97,0.023439771854283843,0.005323254218582705,0.0,-0.08829,-0.40221,9.68247
110727271620,21.97,0.03408628029144926,0.004258603374866164,0.0,-0.10791,-0.40221,9.68247
110732322125,21.97,0.044732788728614664,-0.005323254218582705,0.0,-0.11772,-0.37278,9.72171
110737372630,21.97,0.04366813788489812,-0.02556907354171693,0.0,-0.07848000000000001,-0.34335000000000004,9.82962
110742423135,21.97,0.033021629447732716,-0.03728023282259888,0.0,-0.009810000000000001,-0.3924,9.89829
110747473640,21.97,0.023439771854283843,-0.03621558197888234,0.0,0.06867000000000001,-0.41202000000000005,9.888480000000001
110752524145,21.97,0.01811651763570114,-0.02769837522915001,0.0,0.11772,-0.41202000000000005,9.94734
110757574650,21.97,0.023439771854283843,-0.024504422698000388,0.0,0.17658,-0.41202000000000005,9.94734
110762625155,21.97,0.031956978604016174,-0.02663372438543347,0.0,0.1962,-0.43164,9.79038
110767675660,21.97,0.04366813788489812,-0.028763026072866547,0.0,0.26487,-0.43164,9.819809999999999
110772726165,21.97,0.049008845396000776,-0.022375121010567305,0.0,0.34335000000000004,-0.46107000000000004,9.819809999999999
110777776670,21.97,0.03728023282259888,0.0,0.0,0.34335000000000004,-0.41202000000000005,9.84924
110782827175,21.97,0.039409534510031964,0.03089232776029963,0.0,0.28449,-0.42183,9.87867
110787877680,21.97,0.03515093113516579,0.05007349623971732,0.0,0.17658,-0.3924,9.89829
110792928185,21.97,0.0404741853537485,0.049008845396000776,0.0,0.05886,-0.37278,9.888480000000001
110797978690,21.97,0.04366813788489812,0.0404741853537485,0.0,-0.04905,-0.37278,9.87867
110803029195,21.97,0.05113814708343386,0.03621558197888234,0.0,-0.08829,-0.33354000000000006,9.80019
110808079700,21.97,0.05859070298944965,0.03621558197888234,0.0,-0.13734000000000002,-0.30411,9.69228
110813130205,21.97,0.05007349623971732,0.03515093113516579,0.0,-0.20601000000000003,-0.30411,9.65304
110818180710,21.97,0.04366813788489812,0.01811651763570114,0.0,-0.24525000000000002,-0.28449,9.69228
110823231215,21.97,0.031956978604016174,-0.011711159280881954,0.0,-0.22563,-0.30411,9.72171
110828281720,21.97,0.03515093113516579,-0.03621558197888234,0.0,-0.18639,-0.30411,9.760950000000001
110833332225,21.97,0.03834488366631542,-0.04153883619746504,0.0,-0.12753,-0.31392000000000003,9.78057
110838382730,21.97,0.04153883619746504,-0.049008845396000776,0.0,0.0,-0.33354000000000006,9.83943
110843433235,21.97,0.04581489286485115,-0.05965535383316618,0.0,0.0981,-0.32373,9.81
110848483740,21.97,0.03728023282259888,-0.054332099614583476,0.0,0.24525000000000002,-0.32373,9.68247
110853534245,21.97,0.033021629447732716,-0.04153883619746504,0.0,0.33354000000000006,-0.31392000000000003,9.623610000000001
110858584750,21.97,0.022375121010567305,-0.015987215948268057,0.0,0.38259000000000004,-0.34335000000000004,9.72171
110863635255,21.97,0.031956978604016174,0.008517206749732328,0.0,0.34335000000000004,-0.32373,9.81
110868685760,21.97,0.03621558197888234,0.02769837522915001,0.0,0.26487,-0.35316,9.94734
110873736265,21.97,0.031956978604016174,0.03621558197888234,0.0,0.17658,-0.34335000000000004,10.045440000000001
110878786770,21.97,0.031956978604016174,0.031956978604016174,0.0,0.11772,-0.32373,10.045440000000001
110883837275,21.97,0.031956978604016174,0.044732788728614664,0.0,0.019620000000000002,-0.3924,9.95715
110888887780,21.97,0.02769837522915001,0.05220279792715039,0.0,-0.04905,-0.38259000000000004,9.82962
110893938285,21.97,0.022375121010567305,0.05007349623971732,0.0,-0.15696000000000002,-0.38259000000000004,9.78057
110898988790,21.97,0.02982767691658309,0.02556907354171693,0.0,-0.20601000000000003,-0.40221,9.81
110904039295,21.97,0.044732788728614664,0.003193952531149623,0.0,-0.23544,-0.41202000000000005,9.91791
110909089800,21.97,0.04153883619746504,-0.01918116847941768,0.0,-0.1962,-0.41202000000000005,9.91791
110914140305,21.97,0.03834488366631542,-0.0404741853537485,0.0,-0.15696000000000002,-0.36297,9.94734
110919190810,21.97,0.05007349623971732,-0.04366813788489812,0.0,-0.039240000000000004,-0.35316,9.99639
110924241315,21.97,0.054332099614583476,-0.03089232776029963,0.0,0.039240000000000004,-0.36297,9.83943
110929291820,21.97,0.05220279792715039,-0.03515093113516579,0.0,0.11772,-0.36297,9.72171
110934342325,21.97,0.05220279792715039,-0.03515093113516579,0.0,0.20601000000000003,-0.32373,9.72171
110939392830,21.97,0.05539675045830002,-0.022375121010567305,0.0,0.25506,-0.28449,9.73152
110944443335,21.97,0.06284930636431581,0.0,0.0,0.28449,-0.2943,9.70209
110949493840,21.97,0.06178465552059926,0.024504422698000388,0.0,0.26487,-0.25506,9.760950000000001
110954544345,21.97,0.06284930636431581,0.02663372438543347,0.0,0.16677000000000003,-0.25506,9.80019
110959594850,21.97,0.05326744877086694,0.02769837522915001,0.0,0.08829,-0.21582,9.770760000000001
110964645355,21.97,0.05007349623971732,0.03089232776029963,0.0,0.05886,-0.20601000000000003,9.7119
110969695860,21.97,0.04794419455228423,0.03408628029144926,0.0,-0.019620000000000002,-0.18639,9.56475
110974746365,21.97,0.04581489286485115,0.023439771854283843,0.0,-0.04905,-0.16677000000000003,9.59418
110979796870,21.97,0.044732788728614664,0.014905111812031574,0.0,-0.0981,-0.20601000000000003,9.72171
110984847375,21.97,0.03408628029144926,0.0,0.0,-0.11772,-0.21582,9.85905
110989897880,21.97,0.024504422698000388,-0.014905111812031574,0.0,-0.0981,-0.21582,9.937529999999999
110994948385,21.97,0.023439771854283843,-0.015987215948268057,0.0,-0.08829,-0.31392000000000003,9.937529999999999
110999998890,21.97,0.015987215948268057,-0.01918116847941768,0.0,-0.05886,-0.33354000000000006,9.89829
111005049395,21.97,0.0170518667919846,-0.01811651763570114,0.0,0.019620000000000002,-0.32373,9.908100000000001
111010099900,21.97,0.02556907354171693,-0.022375121010567305,0.0,0.06867000000000001,-0.36297,9.937529999999999
111015150405,21.97,0.02769837522915001,-0.02556907354171693,0.0,0.08829,-0.38259000000000004,9.888480000000001
111020200910,21.97,0.031956978604016174,-0.01918116847941768,0.0,0.14715,-0.38259000000000004,9.86886
111025251415,21.97,0.039409534510031964,-0.004258603374866164,0.0,0.16677000000000003,-0.3924,9.888480000000001
111030301920,21.97,0.039409534510031964,0.004258603374866164,0.0,0.16677000000000003,-0.3924,9.888480000000001
111035352425,21.97,0.05007349623971732,0.005323254218582705,0.0,0.14715,-0.38259000000000004,9.98658
111040402930,21.97,0.05965535383316618,0.014905111812031574,0.0,0.10791,-0.33354000000000006,9.94734
111045453435,21.97,0.060720004676882725,0.014905111812031574,0.0,0.10791,-0.2943,9.83943
111050503940,21.97,0.06604325889546543,0.0170518667919846,0.0,0.06867000000000001,-0.26487,9.72171
111055554445,21.97,0.07349581480148122,0.022375121010567305,0.0,0.039240000000000004,-0.23544,9.67266
111060604950,21.97,0.07030186227033158,0.022375121010567305,0.0,0.0,-0.17658,9.60399
111065655455,21.97,0.06817256058289851,0.011711159280881954,0.0,-0.009810000000000001,-0.17658,9.72171
111070705960,21.97,0.06604325889546543,0.00958185759344887,0.0,-0.06867000000000001,-0.14715,9.819809999999999
111075756465,21.97,0.060720004676882725,0.0,0.0,-0.11772,-0.16677000000000003,9.81
111080806970,21.97,0.05326744877086694,-0.004258603374866164,0.0,-0.04905,-0.13734000000000002,9.81
111085857475,21.97,0.05326744877086694,-0.006387905062299246,0.0,-0.019620000000000002,-0.15696000000000002,9.81
111090907980,21.97,0.04153883619746504,-0.01064650843716541,0.0,-0.019620000000000002,-0.15696000000000002,9.78057
111095958485,21.97,0.03089232776029963,-0.012775810124598492,0.0,0.0,-0.15696000000000002,9.751140000000001
111101008990,21.97,0.03515093113516579,-0.007452555906015787,0.0,0.05886,-0.20601000000000003,9.74133
111106059495,21.97,0.028763026072866547,-0.008517206749732328,0.0,0.02943,-0.22563,9.78057
111111110000,21.97,0.021310470166850764,-0.00958185759344887,0.0,0.04905,-0.24525000000000002,9.888480000000001
111116160505,21.97,0.02982767691658309,-0.001064650843716541,0.0,0.06867000000000001,-0.28449,9.92772
111121211010,21.97,0.028763026072866547,0.004258603374866164,0.0,0.04905,-0.26487,9.87867
111126261515,21.97,0.03089232776029963,0.002129301687433082,0.0,0.06867000000000001,-0.31392000000000003,9.82962
111131312020,21.97,0.039409534510031964,0.006387905062299246,0.0,0.04905,-0.31392000000000003,9.78057
111136362525,21.97,0.04153883619746504,0.003193952531149623,0.0,0.02943,-0.2943,9.74133
111141413030,21.97,0.046879543708567686,0.0,0.0,0.06867000000000001,-0.28449,9.760950000000001
111146463535,21.97,0.05220279792715039,0.01064650843716541,0.0,0.019620000000000002,-0.28449,9.819809999999999
111151514040,21.97,0.05859070298944965,0.008517206749732328,0.0,-0.009810000000000001,-0.25506,9.819809999999999
111156564545,21.97,0.060720004676882725,0.003193952531149623,0.0,-0.009810000000000001,-0.20601000000000003,9.83943
111161615050,21.97,0.06497860805174888,0.007452555906015787,0.0,-0.019620000000000002,-0.21582,9.819809999999999
111166665555,21.97,0.06497860805174888,-0.002129301687433082,0.0,-0.04905,-0.17658,9.81
111171716060,21.97,0.06178465552059926,0.0,0.0,-0.019620000000000002,-0.17658,9.81
111176766565,21.97,0.06391395720803235,0.021310470166850764,0.0,-0.05886,-0.1962,9.819809999999999
111181817070,21.97,0.05113814708343386,0.008517206749732328,0.0,-0.11772,-0.14715,9.82962
111186867575,21.97,0.04366813788489812,-0.00958185759344887,0.0,-0.10791,-0.14715,9.81
111191918080,21.97,0.05007349623971732,-0.022375121010567305,0.0,-0.039240000000000004,-0.16677000000000003,9.82962
111196968585,21.97,0.04581489286485115,-0.03621558197888234,0.0,0.039240000000000004,-0.15696000000000002,9.91791
111202019090,21.97,0.04366813788489812,-0.02982767691658309,0.0,0.08829,-0.1962,9.937529999999999
111207069595,21.97,0.05007349623971732,-0.01064650843716541,0.0,0.12753,-0.18639,9.908100000000001
111212120100,21.97,0.039409534510031964,-0.005323254218582705,0.0,0.13734000000000002,-0.21582,9.84924
111217170605,21.97,0.03408628029144926,-0.01064650843716541,0.0,0.18639,-0.1962,9.73152
111222221110,21.97,0.039409534510031964,0.008517206749732328,0.0,0.15696000000000002,-0.23544,9.69228
111227271615,21.97,0.044732788728614664,0.0170518667919846,0.0,0.15696000000000002,-0.20601000000000003,9.760950000000001
111232322120,21.97,0.05007349623971732,0.031956978604016174,0.0,0.08829,-0.20601000000000003,9.819809999999999
111237372625,21.97,0.05859070298944965,0.046879543708567686,0.0,-0.02943,-0.18639,9.85905
111242423130,21.97,0.05326744877086694,0.02769837522915001,0.0,-0.15696000000000002,-0.14715,9.85905
111247473635,21.97,0.05220279792715039,0.00958185759344887,0.0,-0.15696000000000002,-0.14715,9.770760000000001
111252524140,21.97,0.05539675045830002,0.008517206749732328,0.0,-0.13734000000000002,-0.17658,9.74133
111257574645,21.97,0.05113814708343386,0.0,0.0,-0.16677000000000003,-0.11772,9.80019
111262625150,21.97,0.05539675045830002,0.0,0.0,-0.14715,-0.11772,9.819809999999999
111267675655,21.97,0.05646140130201656,-0.002129301687433082,0.0,-0.11772,-0.0981,9.81
111272726160,21.97,0.05113814708343386,-0.02769837522915001,0.0,-0.10791,-0.15696000000000002,9.908100000000001
111277776665,21.97,0.04581489286485115,-0.0404741853537485,0.0,0.0,-0.10791,9.819809999999999
111282827170,21.97,0.04581489286485115,-0.03621558197888234,0.0,0.039240000000000004,-0.16677000000000003,9.937529999999999
111287877675,21.97,0.044732788728614664,-0.028763026072866547,0.0,0.16677000000000003,-0.13734000000000002,9.84924
111292928180,21.97,0.05007349623971732,-0.013840460968315033,0.0,0.15696000000000002,-0.16677000000000003,9.87867
111297978685,21.97,0.05007349623971732,0.0,0.0,0.16677000000000003,-0.15696000000000002,9.79038
111303029190,21.97,0.04366813788489812,0.0,0.0,0.15696000000000002,-0.18639,9.81
111308079695,21.97,0.04260348704118158,0.0,0.0,0.20601000000000003,-0.12753,9.74133
111313130200,21.97,0.04260348704118158,0.012775810124598492,0.0,0.13734000000000002,-0.17658,9.86886
111318180705,21.97,0.05326744877086694,0.022375121010567305,0.0,0.12753,-0.11772,9.80019
111323231210,21.97,0.06391395720803235,0.03728023282259888,0.0,0.04905,-0.13734000000000002,9.82962
111328281715,21.97,0.06178465552059926,0.0404741853537485,0.0,0.0,-0.12753,9.74133
111333332220,21.97,0.054332099614583476,0.031956978604016174,0.0,-0.15696000000000002,-0.11772,9.81
111338382725,21.97,0.054332099614583476,0.028763026072866547,0.0,-0.16677000000000003,-0.12753,9.760950000000001
111343433230,21.97,0.05220279792715039,0.01811651763570114,0.0,-0.20601000000000003,-0.04905,9.67266
111348483735,21.97,0.05220279792715039,0.003193952531149623,0.0,-0.26487,-0.08829,9.82962
111353534240,21.97,0.054332099614583476,-0.011711159280881954,0.0,-0.24525000000000002,-0.11772,9.89829
111358584745,21.97,0.054332099614583476,-0.023439771854283843,0.0,-0.20601000000000003,-0.11772,9.91791
111363635250,21.97,0.046879543708567686,-0.033021629447732716,0.0,-0.0981,-0.11772,9.95715
111368685755,21.97,0.044732788728614664,-0.04153883619746504,0.0,-0.009810000000000001,-0.12753,9.86886
111373736260,21.97,0.04581489286485115,-0.044732788728614664,0.0,0.04905,-0.08829,9.70209
111378786765,21.97,0.046879543708567686,-0.04366813788489812,0.0,0.14715,-0.12753,9.770760000000001
111383837270,21.97,0.05220279792715039,-0.033021629447732716,0.0,0.25506,-0.12753,9.770760000000001
111388887775,21.97,0.05646140130201656,0.0,0.0,0.26487,-0.11772,9.80019
111393938280,21.97,0.05220279792715039,0.023439771854283843,0.0,0.1962,-0.0981,9.87867
111398988785,21.97,0.05326744877086694,0.039409534510031964,0.0,0.10791,-0.0981,9.84924
111404039290,21.97,0.049008845396000776,0.04366813788489812,0.0,0.02943,-0.07848000000000001,9.79038
111409089795,21.97,0.05539675045830002,0.031956978604016174,0.0,-0.02943,-0.06867000000000001,9.74133
111414140300,21.97,0.060720004676882725,0.028763026072866547,-0.005323254218582705,-0.06867000000000001,-0.06867000000000001,9.72171
111419190805,21.97,0.06391395720803235,0.03515093113516579,-0.001064650843716541,-0.17658,-0.06867000000000001,9.73152
111424241310,21.97,0.06497860805174888,0.03089232776029963,-0.001064650843716541,-0.22563,-0.04905,9.80019
111429291815,21.97,0.05646140130201656,0.022375121010567305,-0.002129301687433082,-0.24525000000000002,-0.02943,9.87867
111434342320,21.97,0.046879543708567686,0.003193952531149623,-0.002129301687433082,-0.30411,-0.02943,9.888480000000001
111439392825,21.97,0.04581489286485115,-0.03089232776029963,0.0,-0.24525000000000002,-0.08829,9.819809999999999
111444443330,21.97,0.04366813788489812,-0.04581489286485115,0.0,-0.13734000000000002,-0.08829,9.81
111449493835,21.97,0.049008845396000776,-0.05326744877086694,0.0,-0.02943,-0.07848000000000001,9.760950000000001
111454544340,21.97,0.05752605214573309,-0.05752605214573309,-0.001064650843716541,0.06867000000000001,-0.06867000000000001,9.80019
111459594845,21.97,0.06178465552059926,-0.039409534510031964,-0.002129301687433082,0.17658,-0.08829,9.87867
111464645350,21.97,0.05539675045830002,-0.01811651763570114,-0.001064650843716541,0.24525000000000002,-0.07848000000000001,9.819809999999999
111469695855,21.97,0.04260348704118158,0.003193952531149623,-0.003193952531149623,0.24525000000000002,-0.07848000000000001,9.83943
111474746360,21.97,0.0404741853537485,0.031956978604016174,-0.001064650843716541,0.1962,-0.04905,9.751140000000001
111479796865,21.97,0.05220279792715039,0.03834488366631542,0.002129301687433082,0.10791,-0.06867000000000001,9.70209
111484847370,21.97,0.05646140130201656,0.03408628029144926,0.0,0.039240000000000004,-0.039240000000000004,9.760950000000001
111489897875,21.97,0.07136651311404815,0.023439771854283843,-0.003193952531149623,-0.009810000000000001,-0.019620000000000002,9.83943
111494948380,21.97,0.06923721142661506,0.022375121010567305,-0.007452555906015787,-0.0981,-0.019620000000000002,9.83943
111499998885,21.97,0.06284930636431581,0.03089232776029963,-0.002129301687433082,-0.18639,-0.019620000000000002,9.84924
111505049390,21.97,0.05752605214573309,0.03728023282259888,0.001064650843716541,-0.21582,0.0,9.81
111510099895,21.97,0.0404741853537485,0.02982767691658309,-0.002129301687433082,-0.27468000000000004,-0.039240000000000004,9.760950000000001
111515150400,21.97,0.044732788728614664,0.0,0.001064650843716541,-0.2943,0.0,9.74133
111520200905,21.97,0.054332099614583476,-0.033021629447732716,-0.001064650843716541,-0.26487,0.0,9.78057
111525251410,21.97,0.05859070298944965,-0.05539675045830002,0.001064650843716541,-0.14715,-0.019620000000000002,9.888480000000001
111530301915,21.97,0.06710790973918197,-0.06817256058289851,0.0,0.019620000000000002,-0.009810000000000001,9.908100000000001
111535352420,21.97,0.06178465552059926,-0.054332099614583476,0.0,0.12753,-0.009810000000000001,9.908100000000001
111540402925,21.97,0.049008845396000776,-0.028763026072866547,0.002129301687433082,0.21582,-0.009810000000000001,9.85905
111545453430,21.97,0.04581489286485115,0.005323254218582705,0.0,0.22563,-0.05886,9.78057
111550503935,21.97,0.04260348704118158,0.04366813788489812,0.001064650843716541,0.20601000000000003,-0.039240000000000004,9.74133
111555554440,21.97,0.046879543708567686,0.05965535383316618,-0.004258603374866164,-0.019620000000000002,-0.02943,9.73152
111560604945,21.97,0.05859070298944965,0.046879543708567686,0.001064650843716541,-0.0981,0.0,9.760950000000001
111565655450,21.97,0.06391395720803235,0.021310470166850764,0.001064650843716541,-0.13734000000000002,-0.009810000000000001,9.81
111570705955,21.97,0.06284930636431581,-0.004258603374866164,0.001064650843716541,-0.14715,0.0,9.81
111575756460,21.97,0.06178465552059926,-0.013840460968315033,-0.001064650843716541,-0.12753,0.0,9.888480000000001
111580806965,21.97,0.05965535383316618,-0.012775810124598492,0.0,-0.0981,0.009810000000000001,9.87867
111585857470,21.97,0.05539675045830002,-0.006387905062299246,-0.003193952531149623,-0.04905,0.02943,9.83943
111590907975,21.97,0.05646140130201656,0.003193952531149623,0.0,-0.04905,0.0,9.888480000000001
111595958480,21.97,0.05752605214573309,0.01918116847941768,-0.002129301687433082,-0.0981,0.0,9.760950000000001
111601008985,21.97,0.05220279792715039,0.024504422698000388,0.0,-0.10791,0.02943,9.751140000000001
111606059490,21.97,0.05007349623971732,0.01918116847941768,0.0,-0.20601000000000003,0.02943,9.819809999999999
111611109995,21.97,0.054332099614583476,-0.006387905062299246,0.003193952531149623,-0.1962,0.009810000000000001,9.81
111616160500,21.97,0.05326744877086694,-0.04581489286485115,0.0,-0.11772,0.02943,9.81
111621211005,21.97,0.05326744877086694,-0.07456046564519776,-0.002129301687433082,0.02943,0.039240000000000004,9.79038
111626261510,21.97,0.06284930636431581,-0.07030186227033158,-0.001064650843716541,0.1962,0.02943,9.84924
111631312015,21.97,0.06817256058289851,-0.03089232776029963,0.0,0.30411,0.05886,9.80019
111636362520,21.97,0.06497860805174888,0.023439771854283843,0.0,0.27468000000000004,0.019620000000000002,9.751140000000001
111641413025,21.97,0.060720004676882725,0.06497860805174888,0.0,0.14715,0.02943,9.73152
111646463530,21.97,0.049008845396000776,0.08735372906231618,0.0,-0.04905,0.02943,9.70209
111651514035,21.97,0.046879543708567686,0.07990117315630041,-0.003193952531149623,-0.24525000000000002,0.07848000000000001,9.760950000000001
111656564540,21.97,0.05007349623971732,0.06604325889546543,0.0,-0.36297,0.05886,9.81
111661615045,21.97,0.05965535383316618,0.02769837522915001,0.0,-0.45126,0.06867000000000001,9.908100000000001
111666665550,21.97,0.06710790973918197,-0.01064650843716541,0.0,-0.45126,0.02943,9.97677
111671716055,21.97,0.06178465552059926,-0.05113814708343386,-0.001064650843716541,-0.35316,0.039240000000000004,9.94734
111676766560,21.97,0.06178465552059926,-0.07883652231258387,0.0,-0.18639,0.039240000000000004,9.81
111681817065,21.97,0.046879543708567686,-0.08841837990603273,0.001064650843716541,0.0,0.05886,9.760950000000001
111686867570,21.97,0.04153883619746504,-0.07777187146886733,0.002129301687433082,0.18639,0.04905,9.7119
111691918075,21.97,0.05113814708343386,-0.05220279792715039,-0.001064650843716541,0.30411,0.04905,9.770760000000001
111696968580,21.97,0.05859070298944965,-0.02556907354171693,-0.001064650843716541,0.3924,0.05886,9.819809999999999
111702019085,21.97,0.06284930636431581,0.004258603374866164,-0.004258603374866164,0.34335000000000004,0.04905,9.94734
111707069590,21.97,0.06284930636431581,0.04260348704118158,-0.001064650843716541,0.28449,0.039240000000000004,9.908100000000001
111712120095,21.97,0.05539675045830002,0.08628907821859966,-0.002129301687433082,0.12753,0.04905,9.87867
111717170600,21.97,0.054332099614583476,0.11185815176031658,-0.002129301687433082,-0.10791,0.06867000000000001,9.72171
111722221105,21.97,0.05539675045830002,0.11292280260403312,0.0,-0.34335000000000004,0.06867000000000001,9.64323
111727271610,21.97,0.05965535383316618,0.08948303074974927,0.0,-0.5395500000000001,0.10791,9.68247
111732322115,21.97,0.06604325889546543,0.03621558197888234,-0.001064650843716541,-0.6278400000000001,0.10791,9.73152
111737372620,21.97,0.06923721142661506,-0.01811651763570114,0.0,-0.60822,0.10791,9.85905
111742423125,21.97,0.06391395720803235,-0.07243116395776468,0.0,-0.51993,0.13734000000000002,9.94734
111747473630,21.97,0.05859070298944965,-0.11292280260403312,0.0,-0.28449,0.10791,9.91791
111752524135,21.97,0.054332099614583476,-0.1352804703220805,0.0,-0.009810000000000001,0.10791,9.86886
111757574640,21.97,0.05326744877086694,-0.13208651779093086,-0.001064650843716541,0.28449,0.10791,9.760950000000001
111762625145,21.97,0.05752605214573309,-0.09800023749948161,-0.002129301687433082,0.49050000000000005,0.10791,9.760950000000001
111767675650,21.97,0.06178465552059926,-0.05752605214573309,0.0,0.6278400000000001,0.16677000000000003,9.78057
111772726155,21.97,0.05220279792715039,-0.011711159280881954,0.001064650843716541,0.74556,0.08829,9.87867
111777776660,21.97,0.05646140130201656,0.03834488366631542,-0.002129301687433082,0.5886,0.07848000000000001,9.65304
111782827165,21.97,0.05113814708343386,0.09906488834319814,0.001064650843716541,0.41202000000000005,0.11772,9.81
111787877670,21.97,0.06391395720803235,0.1288925652597812,0.0,0.13734000000000002,0.06867000000000001,9.78057
111792928175,21.97,0.05859070298944965,0.14487978120804929,-0.002129301687433082,-0.14715,0.07848000000000001,9.888480000000001
111797978680,21.97,0.06817256058289851,0.12676326357234816,-0.004258603374866164,-0.43164,0.10791,9.81
111803029185,21.97,0.06817256058289851,0.09800023749948161,0.0,-0.6278400000000001,0.12753,9.73152
111808079690,21.97,0.06497860805174888,0.05965535383316618,0.0,-0.73575,0.16677000000000003,9.66285
111813130195,21.97,0.06497860805174888,0.0170518667919846,-0.001064650843716541,-0.80442,0.15696000000000002,9.68247
111818180700,21.97,0.06497860805174888,-0.031956978604016174,0.0,-0.73575,0.1962,9.760950000000001
111823231205,21.97,0.05113814708343386,-0.07670722062515077,-0.001064650843716541,-0.6180300000000001,0.20601000000000003,9.86886
111828281710,21.97,0.05646140130201656,-0.12037535851004891,-0.001064650843716541,-0.38259000000000004,0.18639,9.89829
111833332215,21.97,0.05220279792715039,-0.13634512116579703,0.0,-0.0981,0.15696000000000002,9.89829
111838382720,21.97,0.05113814708343386,-0.13634512116579703,0.0,0.20601000000000003,0.18639,9.87867
111843433225,21.97,0.05326744877086694,-0.11505210429146619,0.001064650843716541,0.50031,0.32373,9.819809999999999
111848483730,21.97,0.03515093113516579,-0.06178465552059926,0.0,0.7651800000000001,0.16677000000000003,9.94734
111853534235,21.97,0.04260348704118158,-0.01064650843716541,-0.003193952531149623,0.73575,0.02943,9.64323
111858584740,21.97,0.028763026072866547,0.03834488366631542,-0.003193952531149623,0.56898,0.08829,9.65304
111863635245,21.97,0.04153883619746504,0.07883652231258387,-0.001064650843716541,0.45126,0.009810000000000001,9.92772
111868685750,21.97,0.05859070298944965,0.09906488834319814,-0.003193952531149623,0.22563,0.04905,9.96696
111873736255,21.97,0.054332099614583476,0.10866419922916695,0.0,0.0,0.08829,9.96696
111878786760,21.97,0.07670722062515077,0.09267698328089889,-0.002129301687433082,-0.21582,0.05886,9.85905
111883837265,21.97,0.07777187146886733,0.07456046564519776,0.0,-0.3924,0.15696000000000002,9.7119
111888887770,21.97,0.07883652231258387,0.046879543708567686,0.0,-0.44145,0.14715,9.69228
111893938275,21.97,0.07883652231258387,0.007452555906015787,-0.001064650843716541,-0.49050000000000005,0.20601000000000003,9.72171
111898988780,21.97,0.07990117315630041,-0.022375121010567305,-0.001064650843716541,-0.44145,0.25506,9.80019
111904039285,21.97,0.07777187146886733,-0.044732788728614664,-0.002129301687433082,-0.33354000000000006,0.26487,9.85905
111909089790,21.97,0.07777187146886733,-0.06284930636431581,0.0,-0.22563,0.35316,9.84924
111914140295,21.97,0.07030186227033158,-0.06923721142661506,0.002129301687433082,-0.02943,0.35316,9.87867
111919190800,21.97,0.054332099614583476,-0.05965535383316618,0.0,0.07848000000000001,0.30411,9.81
111924241305,21.97,0.044732788728614664,-0.05220279792715039,0.001064650843716541,0.22563,0.23544,9.64323
111929291810,21.97,0.044732788728614664,-0.03834488366631542,0.0,0.32373,0.27468000000000004,9.60399
111934342315,21.97,0.0404741853537485,-0.024504422698000388,-0.004258603374866164,0.38259000000000004,0.2943,9.633420000000001
111939392820,21.97,0.04366813788489812,-0.006387905062299246,-0.002129301687433082,0.42183,0.18639,9.82962
111944443325,21.97,0.04581489286485115,0.015987215948268057,-0.002129301687433082,0.28449,0.10791,9.819809999999999
111949493830,21.97,0.0404741853537485,0.04260348704118158,-0.001064650843716541,0.22563,0.07848000000000001,9.85905
111954544335,21.97,0.0404741853537485,0.06604325889546543,-0.003193952531149623,0.10791,0.10791,9.99639
111959594840,21.97,0.04366813788489812,0.08203047484373349,-0.002129301687433082,-0.05886,0.06867000000000001,9.84924
111964645345,21.97,0.05539675045830002,0.07883652231258387,0.0,-0.27468000000000004,0.10791,9.81
111969695850,21.97,0.06817256058289851,0.06178465552059926,0.0,-0.42183,0.13734000000000002,9.81
111974746355,21.97,0.08203047484373349,0.0404741853537485,-0.003193952531149623,-0.47088,0.16677000000000003,9.908100000000001
111979796860,21.97,0.08628907821859966,0.02982767691658309,-0.002129301687433082,-0.50031,0.20601000000000003,9.99639
111984847365,21.97,0.08203047484373349,0.020245819323134222,0.0,-0.59841,0.20601000000000003,10.025820000000001
111989897870,21.97,0.0756251164889143,0.007452555906015787,-0.002129301687433082,-0.6180300000000001,0.21582,9.94734
111994948375,21.97,0.06923721142661506,-0.0170518667919846,0.0,-0.57879,0.25506,9.82962
111999998880,21.97,0.06817256058289851,-0.0404741853537485,0.0,-0.47088,0.27468000000000004,9.74133
112005049385,21.97,0.07883652231258387,-0.06284930636431581,0.0,-0.34335000000000004,0.41202000000000005,9.70209
112010099890,21.97,0.08735372906231618,-0.07883652231258387,0.0,-0.17658,0.59841,9.68247
112015150395,21.97,0.06284930636431581,-0.08948303074974927,0.0,0.0981,0.6180300000000001,9.83943
112020200900,21.97,0.03834488366631542,-0.09161233243718235,0.0,0.33354000000000006,0.44145,9.65304
112025251405,21.97,0.011711159280881954,-0.06284930636431581,0.0,0.44145,0.1962,9.633420000000001
112030301910,21.97,0.005323254218582705,-0.04260348704118158,0.0,0.49050000000000005,0.10791,9.57456
112035352415,21.97,0.012775810124598492,-0.021310470166850764,0.0,0.51012,0.0,9.80019
112040402920,21.97,0.03515093113516579,0.001064650843716541,0.0,0.46107000000000004,0.06867000000000001,9.86886
112045453425,21.97,0.05113814708343386,0.01811651763570114,0.0,0.47088,0.04905,9.888480000000001
112050503930,21.97,0.07883652231258387,0.03834488366631542,0.0,0.35316,0.10791,9.760950000000001
112055554435,21.97,0.08948303074974927,0.060720004676882725,0.0,0.24525000000000002,0.16677000000000003,9.58437
112060604940,21.97,0.09054768159346581,0.07883652231258387,0.0,0.11772,0.20601000000000003,9.60399
112065655445,21.97,0.09054768159346581,0.08628907821859966,0.0,-0.08829,0.40221,9.74133
112070705950,21.97,0.09267698328089889,0.08096582400001695,0.0,-0.23544,0.45126,9.83943
112075756455,21.97,0.0852244273748831,0.06604325889546543,0.0,-0.38259000000000004,0.51993,9.84924
112080806960,21.97,0.07670722062515077,0.046879543708567686,0.0,-0.48069000000000006,0.50031,9.74133
112085857465,21.97,0.06497860805174888,0.0170518667919846,0.0,-0.49050000000000005,0.50031,9.67266
112090907970,21.97,0.05220279792715039,-0.012775810124598492,0.0,-0.51012,0.49050000000000005,9.69228
112095958475,21.97,0.03834488366631542,-0.03621558197888234,0.0,-0.41202000000000005,0.3924,9.7119
112101008980,21.97,0.022375121010567305,-0.04366813788489812,0.0,-0.33354000000000006,0.25506,9.85905
112106059485,21.97,0.014905111812031574,-0.054332099614583476,0.0,-0.25506,0.18639,9.87867
112111109990,21.97,0.01918116847941768,-0.05646140130201656,0.0,-0.14715,0.11772,10.006200000000002
112116160495,21.97,0.03728023282259888,-0.05859070298944965,0.0,-0.08829,0.08829,10.1043
112121211000,21.97,0.046879543708567686,-0.05326744877086694,0.0,0.06867000000000001,0.11772,9.99639
112126261505,21.97,0.05965535383316618,-0.03834488366631542,0.0,0.17658,0.17658,9.98658
112131312010,21.97,0.07243116395776468,-0.0170518667919846,0.0,0.25506,0.21582,9.85905
112136362515,21.97,0.07456046564519776,0.006387905062299246,0.0,0.23544,0.28449,9.78057
112141413020,21.97,0.07030186227033158,0.01918116847941768,0.0,0.21582,0.36297,9.79038
112146463525,21.97,0.07030186227033158,0.021310470166850764,0.0,0.18639,0.44145,9.760950000000001
112151514030,21.97,0.06923721142661506,0.015987215948268057,0.0,0.15696000000000002,0.45126,9.79038
112156564535,21.97,0.07243116395776468,0.008517206749732328,0.0,0.15696000000000002,0.47088,9.751140000000001
112161615040,21.97,0.07030186227033158,0.01064650843716541,0.0,0.12753,0.41202000000000005,9.74133
112166665545,21.97,0.06178465552059926,0.014905111812031574,0.0,0.07848000000000001,0.36297,9.633420000000001
112171716050,21.97,0.05646140130201656,0.015987215948268057,0.0,0.039240000000000004,0.35316,9.52551
112176766555,21.97,0.05326744877086694,0.02556907354171693,0.0,0.0,0.33354000000000006,9.60399
112181817060,21.97,0.05007349623971732,0.03621558197888234,0.0,-0.08829,0.34335000000000004,9.67266
112186867565,21.97,0.060720004676882725,0.05539675045830002,0.0,-0.1962,0.30411,9.770760000000001
112191918070,21.97,0.06284930636431581,0.060720004676882725,0.0,-0.34335000000000004,0.32373,9.84924
112196968575,21.97,0.06284930636431581,0.05113814708343386,0.0,-0.47088,0.28449,9.888480000000001
112202019080,21.97,0.06284930636431581,0.044732788728614664,0.0,-0.5886,0.30411,9.87867
112207069585,21.97,0.06923721142661506,0.02663372438543347,0.0,-0.6278400000000001,0.38259000000000004,9.78057
112212120090,21.97,0.06710790973918197,-0.015987215948268057,0.0,-0.6180300000000001,0.49050000000000005,9.73152
112217170595,21.97,0.06497860805174888,-0.07136651311404815,0.0,-0.42183,0.6867000000000001,9.73152
112222221100,21.97,0.05220279792715039,-0.12250466019748199,0.0,-0.12753,0.8240400000000001,9.81
112227271605,21.97,0.03089232776029963,-0.15872024217636432,0.0,0.25506,0.8240400000000001,9.92772
112232322110,21.97,0.005323254218582705,-0.150203035426632,0.0,0.70632,0.3924,9.86886
112237372615,21.97,-0.013840460968315033,-0.09800023749948161,0.0,0.8142300000000001,0.10791,9.60399
112242423120,21.97,-0.01918116847941768,-0.03089232776029963,0.0,0.7749900000000001,-0.0981,9.64323
112247473625,21.97,0.012775810124598492,0.02556907354171693,0.0,0.65727,-0.06867000000000001,9.751140000000001
112252524130,21.97,0.031956978604016174,0.09480628496833199,0.0,0.5395500000000001,-0.02943,9.94734
112257574635,21.97,0.07883652231258387,0.1288925652597812,0.0,0.2943,-0.009810000000000001,9.87867
112262625140,21.97,0.10225884087434776,0.15765559133264778,0.0,-0.08829,0.12753,9.83943
112267675645,21.97,0.12356931104119852,0.14275047952061623,-0.006387905062299246,-0.40221,0.25506,9.770760000000001
112272726150,21.97,0.13634512116579703,0.10012953918691468,-0.003193952531149623,-0.59841,0.38259000000000004,9.819809999999999
112277776655,21.97,0.13421581947836395,0.04794419455228423,-0.002129301687433082,-0.74556,0.9319500000000001,9.82962
112282827160,21.97,0.1288925652597812,-0.012775810124598492,0.0,-0.57879,1.00062,10.1043
112287877665,21.97,0.10119419003063122,-0.049008845396000776,0.0,-0.49050000000000005,1.04967,9.770760000000001
112292928170,21.97,0.03728023282259888,-0.06178465552059926,-0.001064650843716541,-0.23544,0.8240400000000001,9.48627
112297978675,21.97,0.023439771854283843,-0.08415977653116657,0.004258603374866164,-0.15696000000000002,0.5886,9.39798
112303029180,21.97,-0.011711159280881954,-0.07349581480148122,0.0,-0.04905,0.40221,9.44703
112308079685,21.97,-0.01811651763570114,-0.06284930636431581,0.002129301687433082,0.07848000000000001,0.11772,9.68247
112313130190,21.97,-0.011711159280881954,-0.05646140130201656,0.0,0.12753,0.06867000000000001,9.819809999999999
112318180695,21.97,0.01918116847941768,-0.049008845396000776,-0.003193952531149623,0.22563,0.10791,9.97677
112323231200,21.97,0.04581489286485115,-0.03621558197888234,0.0,0.28449,0.18639,10.03563
112328281705,21.97,0.07777187146886733,-0.024504422698000388,0.0,0.42183,0.32373,9.79038
112333332210,21.97,0.09161233243718235,0.008517206749732328,-0.004258603374866164,0.50031,0.40221,9.73152
112338382715,21.97,0.0852244273748831,0.05859070298944965,-0.002129301687433082,0.36297,0.50031,9.6138
112343433220,21.97,0.08415977653116657,0.09374163412461543,-0.002129301687433082,0.1962,0.50031,9.58437
112348483725,21.97,0.07349581480148122,0.11931070766633237,0.0,-0.08829,0.5395500000000001,9.760950000000001
112353534230,21.97,0.06710790973918197,0.1097288500728835,0.0,-0.34335000000000004,0.49050000000000005,9.82962
112358584735,21.97,0.060720004676882725,0.06710790973918197,-0.004258603374866164,-0.52974,0.50031,9.91791
112363635240,21.97,0.05859070298944965,0.02556907354171693,0.0,-0.56898,0.5493600000000001,9.95715
112368685745,21.97,0.06817256058289851,-0.02556907354171693,0.0,-0.51012,0.60822,9.888480000000001
112373736250,21.97,0.05646140130201656,-0.06923721142661506,0.0,-0.38259000000000004,0.6867000000000001,9.80019
112378786755,21.97,0.0404741853537485,-0.09587093581204853,0.0,-0.14715,0.6278400000000001,9.770760000000001
112383837260,21.97,0.02769837522915001,-0.09161233243718235,0.0,0.10791,0.49050000000000005,9.68247
112388887765,21.97,0.011711159280881954,-0.06497860805174888,-0.003193952531149623,0.26487,0.32373,9.64323
112393938270,21.97,0.015987215948268057,-0.03728023282259888,0.0,0.26487,0.22563,9.633420000000001
112398988775,21.97,0.03089232776029963,-0.001064650843716541,-0.001064650843716541,0.24525000000000002,0.24525000000000002,9.760950000000001
112404039280,21.97,0.05326744877086694,0.013840460968315033,0.002129301687433082,0.23544,0.30411,9.82962
112409089785,21.97,0.06817256058289851,0.012775810124598492,-0.001064650843716541,0.1962,0.42183,9.83943
112414140290,21.97,0.07883652231258387,0.0170518667919846,-0.001064650843716541,0.1962,0.51993,9.770760000000001
112419190795,21.97,0.07670722062515077,0.03089232776029963,0.0,0.15696000000000002,0.56898,9.67266
112424241300,21.97,0.07136651311404815,0.04153883619746504,-0.004258603374866164,0.0981,0.64746,9.65304
112429291805,21.97,0.06391395720803235,0.05326744877086694,0.0,0.0,0.59841,9.760950000000001
112434342310,21.97,0.05326744877086694,0.05646140130201656,0.0,-0.17658,0.51993,9.770760000000001
112439392815,21.97,0.04794419455228423,0.046879543708567686,0.0,-0.30411,0.41202000000000005,9.78057
112444443320,21.97,0.044732788728614664,0.02769837522915001,0.001064650843716541,-0.36297,0.3924,9.84924
112449493825,21.97,0.04260348704118158,-0.007452555906015787,0.0,-0.40221,0.49050000000000005,9.751140000000001
112454544330,21.97,0.05965535383316618,-0.0404741853537485,0.0,-0.26487,0.69651,9.81
112459594835,21.97,0.05859070298944965,-0.05752605214573309,0.0,-0.07848000000000001,0.72594,9.87867
112464645340,21.97,0.04260348704118158,-0.06284930636431581,-0.002129301687433082,0.07848000000000001,0.65727,9.81
112469695845,21.97,0.02769837522915001,-0.03515093113516579,-0.004258603374866164,0.15696000000000002,0.40221,9.74133
112474746350,21.97,0.020245819323134222,-0.001064650843716541,0.0,0.11772,0.20601000000000003,9.623610000000001
112479796855,21.97,0.01918116847941768,0.003193952531149623,0.0,0.009810000000000001,0.23544,9.65304
112484847360,21.97,0.0404741853537485,0.002129301687433082,0.0,0.019620000000000002,0.38259000000000004,9.81
112489897865,21.97,0.06710790973918197,0.005323254218582705,0.0,0.05886,0.56898,9.87867
112494948370,21.97,0.07777187146886733,-0.008517206749732328,-0.002129301687433082,0.15696000000000002,0.7651800000000001,9.85905
112499998875,21.97,0.07883652231258387,0.004258603374866164,-0.001064650843716541,0.17658,0.7749900000000001,9.819809999999999
112505049380,21.97,0.06178465552059926,0.023439771854283843,-0.002129301687433082,0.14715,0.5591700000000001,9.7119
112510099885,21.97,0.03515093113516579,0.02982767691658309,-0.004258603374866164,-0.009810000000000001,0.45126,9.57456
112515150390,21.97,0.02663372438543347,0.03515093113516579,0.001064650843716541,-0.10791,0.36297,9.69228
112520200895,21.97,0.03728023282259888,0.028763026072866547,0.002129301687433082,-0.21582,0.38259000000000004,9.81
112525251400,21.97,0.04581489286485115,-0.006387905062299246,0.0,-0.20601000000000003,0.59841,9.87867
112530301905,21.97,0.06710790973918197,-0.02663372438543347,-0.002129301687433082,-0.07848000000000001,0.7651800000000001,9.92772
112535352410,21.97,0.07456046564519776,-0.03089232776029963,0.0,0.02943,0.70632,9.908100000000001
112540402915,21.97,0.04794419455228423,-0.024504422698000388,-0.002129301687433082,0.0981,0.60822,9.66285
112545453420,21.97,0.03621558197888234,-0.006387905062299246,-0.003193952531149623,0.10791,0.46107000000000004,9.60399
112550503925,21.97,0.01811651763570114,0.020245819323134222,0.0,0.019620000000000002,0.32373,9.633420000000001
112555554430,21.97,0.02556907354171693,0.014905111812031574,0.0,-0.039240000000000004,0.36297,9.67266
112560604935,21.97,0.05007349623971732,0.012775810124598492,0.001064650843716541,-0.08829,0.52974,9.83943
112565655440,21.97,0.06923721142661506,0.012775810124598492,0.001064650843716541,-0.06867000000000001,0.60822,9.91791
112570705945,21.97,0.07883652231258387,0.002129301687433082,-0.001064650843716541,-0.039240000000000004,0.74556,9.74133
112575756450,21.97,0.06710790973918197,0.006387905062299246,-0.002129301687433082,0.0,0.74556,9.68247
112580806955,21.97,0.04794419455228423,0.005323254218582705,0.0,-0.02943,0.63765,9.58437
112585857460,21.97,0.031956978604016174,0.0,0.0,-0.05886,0.60822,9.52551
112590907965,21.97,0.02556907354171693,0.0,0.0,-0.019620000000000002,0.5591700000000001,9.65304
112595958470,21.97,0.03089232776029963,0.004258603374866164,0.0,-0.06867000000000001,0.48069000000000006,9.79038
112601008975,21.97,0.0404741853537485,0.0,0.0,-0.11772,0.5493600000000001,9.81
112606059480,21.97,0.05113814708343386,0.005323254218582705,0.001064650843716541,-0.06867000000000001,0.5395500000000001,9.85905
112611109985,21.97,0.04794419455228423,-0.001064650843716541,0.002129301687433082,-0.0981,0.51993,9.81
112616160490,21.97,0.04260348704118158,-0.023439771854283843,0.0,-0.06867000000000001,0.6180300000000001,9.770760000000001
112621210995,21.97,0.039409534510031964,-0.03515093113516579,0.0,0.04905,0.64746,9.82962
112626261500,21.97,0.039409534510031964,-0.02663372438543347,0.0,0.13734000000000002,0.6180300000000001,9.84924
112631312005,21.97,0.039409534510031964,-0.011711159280881954,0.001064650843716541,0.17658,0.5493600000000001,9.81
112636362510,21.97,0.04153883619746504,0.01064650843716541,-0.002129301687433082,0.15696000000000002,0.43164,9.82962
112641413015,21.97,0.044732788728614664,0.02769837522915001,0.0,0.04905,0.42183,9.74133
112646463520,21.97,0.04794419455228423,0.022375121010567305,-0.001064650843716541,-0.02943,0.48069000000000006,9.760950000000001
112651514025,21.97,0.054332099614583476,0.0170518667919846,0.0,-0.039240000000000004,0.57879,9.74133
112656564530,21.97,0.054332099614583476,0.00958185759344887,-0.001064650843716541,-0.019620000000000002,0.6867000000000001,9.78057
112661615035,21.97,0.06178465552059926,0.007452555906015787,-0.001064650843716541,-0.02943,0.7749900000000001,9.770760000000001
112666665540,21.97,0.05752605214573309,0.006387905062299246,-0.002129301687433082,0.0,0.7651800000000001,9.79038
112671716045,21.97,0.044732788728614664,0.01064650843716541,-0.002129301687433082,-0.05886,0.60822,9.7119
112676766550,21.97,0.03728023282259888,0.002129301687433082,0.0,-0.0981,0.59841,9.6138
112681817055,21.97,0.03728023282259888,0.001064650843716541,0.0,-0.07848000000000001,0.51012,9.59418
112686867560,21.97,0.03089232776029963,0.0,0.002129301687433082,-0.0981,0.5591700000000001,9.623610000000001
112691918065,21.97,0.039409534510031964,-0.005323254218582705,0.002129301687433082,-0.039240000000000004,0.71613,9.66285
112696968570,21.97,0.049008845396000776,-0.014905111812031574,0.0,0.019620000000000002,0.7749900000000001,9.78057
112702019075,21.97,0.044732788728614664,-0.020245819323134222,-0.001064650843716541,0.06867000000000001,0.70632,9.80019
112707069580,21.97,0.031956978604016174,-0.021310470166850764,-0.001064650843716541,0.08829,0.6180300000000001,9.73152
112712120085,21.97,0.023439771854283843,-0.008517206749732328,0.0,0.08829,0.46107000000000004,9.73152
112717170590,21.97,0.013840460968315033,0.006387905062299246,0.0,0.04905,0.35316,9.7119
112722221095,21.97,0.02663372438543347,0.01918116847941768,-0.002129301687433082,-0.019620000000000002,0.41202000000000005,9.79038
112727271600,21.97,0.05220279792715039,0.024504422698000388,0.001064650843716541,-0.04905,0.5886,9.86886
112732322105,21.97,0.06178465552059926,0.012775810124598492,-0.002129301687433082,-0.06867000000000001,0.71613,9.87867
112737372610,21.97,0.06391395720803235,0.0,-0.002129301687433082,-0.009810000000000001,0.8240400000000001,9.91791
112742423115,21.97,0.05113814708343386,-0.005323254218582705,-0.001064650843716541,0.0,0.75537,9.80019
112747473620,21.97,0.03834488366631542,-0.006387905062299246,-0.001064650843716541,0.009810000000000001,0.6867000000000001,9.65304
112752524125,21.97,0.031956978604016174,0.001064650843716541,-0.001064650843716541,0.009810000000000001,0.60822,9.68247
112757574630,21.97,0.028763026072866547,0.00958185759344887,0.002129301687433082,0.0,0.51993,9.70209
112762625135,21.97,0.02982767691658309,0.007452555906015787,0.001064650843716541,-0.05886,0.52974,9.751140000000001
112767675640,21.97,0.0404741853537485,-0.006387905062299246,-0.002129301687433082,-0.07848000000000001,0.6180300000000001,9.81
112772726145,21.97,0.04366813788489812,-0.00958185759344887,0.0,0.009810000000000001,0.6867000000000001,9.770760000000001
112777776650,21.97,0.049008845396000776,-0.011711159280881954,0.0,0.08829,0.74556,9.69228
112782827155,21.97,0.04794419455228423,-0.002129301687433082,0.0,0.0981,0.7651800000000001,9.66285
112787877660,21.97,0.04366813788489812,0.005323254218582705,0.0,0.07848000000000001,0.6867000000000001,9.67266
112792928165,21.97,0.033021629447732716,0.007452555906015787,0.0,0.04905,0.6180300000000001,9.6138
112797978670,21.97,0.022375121010567305,0.004258603374866164,0.0,0.0,0.60822,9.67266
112803029175,21.97,0.03089232776029963,0.0,0.0,0.0,0.6867000000000001,9.7119
112808079680,21.97,0.04366813788489812,-0.003193952531149623,0.0,0.039240000000000004,0.75537,9.67266
112813130185,21.97,0.0404741853537485,-0.003193952531149623,0.0,0.07848000000000001,0.69651,9.79038
112818180690,21.97,0.02663372438543347,0.0,0.0,0.039240000000000004,0.6670800000000001,9.66285
112823231195,21.97,0.02556907354171693,0.0,-0.006387905062299246,0.009810000000000001,0.5886,9.760950000000001
112828281700,21.97,0.02982767691658309,0.00958185759344887,-0.003193952531149623,0.009810000000000001,0.57879,9.79038
112833332205,21.97,0.02663372438543347,0.015987215948268057,-0.002129301687433082,-0.07848000000000001,0.5493600000000001,9.86886
112838382710,21.97,0.02982767691658309,0.013840460968315033,-0.002129301687433082,-0.08829,0.51993,9.87867
112843433215,21.97,0.049008845396000776,0.0170518667919846,-0.002129301687433082,-0.11772,0.64746,9.86886
112848483720,21.97,0.05646140130201656,0.011711159280881954,0.001064650843716541,-0.12753,0.73575,9.83943
112853534225,21.97,0.04794419455228423,0.001064650843716541,0.0,-0.12753,0.80442,9.70209
112858584730,21.97,0.039409534510031964,-0.020245819323134222,-0.002129301687433082,-0.06867000000000001,0.8338500000000001,9.82962
112863635235,21.97,0.031956978604016174,-0.028763026072866547,0.0,0.039240000000000004,0.8142300000000001,9.69228
112868685740,21.97,0.024504422698000388,-0.020245819323134222,0.0,0.06867000000000001,0.74556,9.69228
112873736245,21.97,0.01811651763570114,-0.011711159280881954,0.0,0.0981,0.60822,9.72171
112878786750,21.97,0.014905111812031574,-0.011711159280881954,0.0,0.04905,0.51012,9.74133
112883837255,21.97,0.020245819323134222,-0.008517206749732328,0.0,0.0981,0.51993,9.7119
112888887760,21.97,0.03515093113516579,0.006387905062299246,0.001064650843716541,0.04905,0.59841,9.751140000000001
112893938265,21.97,0.044732788728614664,0.01811651763570114,0.0,0.06867000000000001,0.69651,9.7119
112898988770,21.97,0.046879543708567686,0.0170518667919846,-0.001064650843716541,0.02943,0.73575,9.73152
112904039275,21.97,0.049008845396000776,0.013840460968315033,-0.001064650843716541,0.019620000000000002,0.8142300000000001,9.69228
112909089780,21.97,0.04366813788489812,0.013840460968315033,-0.001064650843716541,-0.019620000000000002,0.8829,9.633420000000001
112914140285,21.97,0.03621558197888234,0.006387905062299246,-0.003193952531149623,0.02943,0.8338500000000001,9.623610000000001
112919190790,21.97,0.02663372438543347,0.012775810124598492,0.001064650843716541,-0.009810000000000001,0.73575,9.65304
112924241295,21.97,0.021310470166850764,0.00958185759344887,0.002129301687433082,-0.12753,0.60822,9.66285
112929291800,21.97,0.022375121010567305,0.002129301687433082,0.0,-0.10791,0.6768900000000001,9.53532
112934342305,21.97,0.02663372438543347,-0.008517206749732328,0.001064650843716541,-0.14715,0.74556,9.72171
112939392810,21.97,0.021310470166850764,-0.021310470166850764,0.001064650843716541,-0.04905,0.7651800000000001,9.83943
112944443315,21.97,0.023439771854283843,-0.022375121010567305,0.0,0.02943,0.6867000000000001,9.89829
112949493820,21.97,0.020245819323134222,-0.013840460968315033,0.0,0.05886,0.6180300000000001,9.82962
112954544325,21.97,0.020245819323134222,-0.008517206749732328,-0.001064650843716541,0.05886,0.5886,9.770760000000001
112959594830,21.97,0.015987215948268057,-0.007452555906015787,0.0,0.05886,0.51993,9.83943
112964645335,21.97,0.02663372438543347,0.0,-0.001064650843716541,0.04905,0.59841,9.81
112969695840,21.97,0.03834488366631542,0.001064650843716541,0.0,0.02943,0.73575,9.78057
112974746345,21.97,0.04366813788489812,0.001064650843716541,-0.003193952531149623,0.12753,0.8240400000000001,9.83943
112979796850,21.97,0.04366813788489812,0.01064650843716541,-0.002129301687433082,0.11772,0.7848,9.86886
112984847355,21.97,0.03728023282259888,0.012775810124598492,0.0,0.07848000000000001,0.72594,9.74133
112989897860,21.97,0.024504422698000388,0.005323254218582705,-0.001064650843716541,0.009810000000000001,0.65727,9.68247
112994948365,21.97,0.0170518667919846,0.003193952531149623,0.0,0.0,0.57879,9.67266
112999998870,21.97,0.020245819323134222,0.007452555906015787,0.0,0.0,0.65727,9.66285
113005049375,21.97,0.039409534510031964,0.020245819323134222,0.0,-0.04905,0.75537,9.73152
113010099880,21.97,0.046879543708567686,0.014905111812031574,-0.002129301687433082,-0.04905,0.8142300000000001,9.78057
113015150385,21.97,0.0404741853537485,-0.005323254218582705,0.0,-0.05886,0.85347,9.623610000000001
113020200890,21.97,0.028763026072866547,-0.020245819323134222,0.0,0.009810000000000001,0.8338500000000001,9.60399
113025251395,21.97,0.0170518667919846,-0.006387905062299246,-0.002129301687433082,0.04905,0.7848,9.60399
113030301900,21.97,0.011711159280881954,0.0,0.001064650843716541,0.04905,0.75537,9.623610000000001
113035352405,21.97,0.011711159280881954,0.0,-0.001064650843716541,0.009810000000000001,0.6670800000000001,9.72171
113040402910,21.97,0.011711159280881954,-0.00958185759344887,-0.001064650843716541,0.009810000000000001,0.63765,9.81
113045453415,21.97,0.01811651763570114,-0.015987215948268057,0.001064650843716541,0.039240000000000004,0.64746,9.68247
113050503920,21.97,0.02663372438543347,-0.014905111812031574,-0.001064650843716541,0.04905,0.75537,9.64323
113055554425,21.97,0.03089232776029963,-0.002129301687433082,-0.001064650843716541,0.12753,0.8240400000000001,9.67266
113060604930,21.97,0.028763026072866547,0.007452555906015787,-0.001064650843716541,0.12753,0.79461,9.67266
113065655435,21.97,0.01918116847941768,0.005323254218582705,0.0,0.11772,0.7848,9.70209
113070705940,21.97,0.011711159280881954,0.001064650843716541,-0.001064650843716541,0.07848000000000001,0.71613,9.73152
113075756445,21.97,0.00958185759344887,0.003193952531149623,-0.001064650843716541,0.07848000000000001,0.63765,9.70209
113080806950,21.97,0.0170518667919846,0.015987215948268057,0.001064650843716541,0.0,0.65727,9.80019
113085857455,21.97,0.021310470166850764,0.024504422698000388,0.0,-0.039240000000000004,0.64746,9.83943
113090907960,21.97,0.03089232776029963,0.01918116847941768,0.0,-0.08829,0.6768900000000001,9.819809999999999
113095958465,21.97,0.02663372438543347,0.002129301687433082,-0.001064650843716541,-0.11772,0.7651800000000001,9.85905
113101008970,21.97,0.02556907354171693,-0.004258603374866164,-0.002129301687433082,-0.06867000000000001,0.75537,9.82962
113106059475,21.97,0.02769837522915001,-0.01064650843716541,0.002129301687433082,-0.02943,0.8142300000000001,9.74133
113111109980,21.97,0.02556907354171693,-0.00958185759344887,-0.001064650843716541,-0.019620000000000002,0.85347,9.85905
113116160485,21.97,0.020245819323134222,-0.012775810124598492,0.0,0.039240000000000004,0.75537,9.86886
113121210990,21.97,0.01064650843716541,-0.020245819323134222,0.0,0.07848000000000001,0.6670800000000001,9.770760000000001
113126261495,21.97,0.01064650843716541,-0.023439771854283843,-0.001064650843716541,0.08829,0.65727,9.7119
113131312000,21.97,0.014905111812031574,-0.014905111812031574,0.0,0.16677000000000003,0.6670800000000001,9.7119
113136362505,21.97,0.0170518667919846,-0.001064650843716541,0.0,0.1962,0.74556,9.68247
113141413010,21.97,0.02769837522915001,0.00958185759344887,0.0,0.18639,0.7749900000000001,9.72171
113146463515,21.97,0.031956978604016174,0.014905111812031574,-0.001064650843716541,0.15696000000000002,0.8240400000000001,9.74133
113151514020,21.97,0.02982767691658309,0.013840460968315033,0.0,0.10791,0.7749900000000001,9.7119
113156564525,21.97,0.02769837522915001,0.015987215948268057,-0.002129301687433082,0.05886,0.75537,9.69228
113161615030,21.97,0.02663372438543347,0.028763026072866547,0.001064650843716541,0.019620000000000002,0.72594,9.6138
113166665535,21.97,0.02663372438543347,0.031956978604016174,0.002129301687433082,-0.0981,0.72594,9.633420000000001
113171716040,21.97,0.024504422698000388,0.028763026072866547,-0.001064650843716541,-0.17658,0.75537,9.633420000000001
113176766545,21.97,0.02556907354171693,0.0170518667919846,0.001064650843716541,-0.15696000000000002,0.8829,9.57456
113181817050,21.97,0.023439771854283843,-0.003193952531149623,-0.001064650843716541,-0.13734000000000002,1.00062,9.59418
113186867555,21.97,0.022375121010567305,-0.015987215948268057,0.001064650843716541,-0.06867000000000001,1.00062,9.72171
113191918060,21.97,0.00958185759344887,-0.02769837522915001,0.0,0.019620000000000002,0.94176,9.70209
113196968565,21.97,-0.004258603374866164,-0.033021629447732716,0.001064650843716541,0.07848000000000001,0.73575,9.623610000000001
113202019070,21.97,-0.01918116847941768,-0.023439771854283843,-0.001064650843716541,0.08829,0.57879,9.67266
113207069575,21.97,-0.021310470166850764,-0.01811651763570114,0.0,0.06867000000000001,0.48069000000000006,9.68247
113212120080,21.97,-0.004258603374866164,-0.021310470166850764,-0.001064650843716541,0.11772,0.59841,9.751140000000001
113217170585,21.97,0.015987215948268057,-0.022375121010567305,0.0,0.20601000000000003,0.7749900000000001,9.888480000000001
113222221090,21.97,0.03089232776029963,-0.013840460968315033,-0.003193952531149623,0.33354000000000006,0.85347,9.89829
113227271595,21.97,0.03408628029144926,0.002129301687433082,0.0,0.33354000000000006,0.8142300000000001,9.78057
113232322100,21.97,0.022375121010567305,0.02556907354171693,-0.002129301687433082,0.22563,0.6867000000000001,9.633420000000001
113237372605,21.97,0.008517206749732328,0.04581489286485115,-0.001064650843716541,0.08829,0.5493600000000001,9.60399
113242423110,21.97,-0.002129301687433082,0.04581489286485115,-0.001064650843716541,-0.08829,0.5591700000000001,9.64323
113247473615,21.97,0.013840460968315033,0.031956978604016174,-0.002129301687433082,-0.17658,0.73575,9.85905
113252524120,21.97,0.03834488366631542,0.005323254218582705,0.0,-0.11772,0.94176,9.908100000000001
113257574625,21.97,0.04366813788489812,-0.013840460968315033,-0.001064650843716541,-0.02943,1.02024,9.87867
113262625130,21.97,0.03408628029144926,-0.012775810124598492,-0.003193952531149623,0.019620000000000002,0.94176,9.68247
113267675635,21.97,0.015987215948268057,-0.007452555906015787,0.001064650843716541,0.02943,0.8142300000000001,9.40779
113272726140,21.97,-0.007452555906015787,-0.006387905062299246,0.0,0.0,0.73575,9.40779
113277776645,21.97,-0.012775810124598492,-0.008517206749732328,0.0,0.0,0.7749900000000001,9.60399
113282827150,21.97,-0.008517206749732328,-0.011711159280881954,0.0,0.039240000000000004,0.73575,9.80019
113287877655,21.97,0.003193952531149623,-0.014905111812031574,0.001064650843716541,0.05886,0.7651800000000001,9.91791
113292928160,21.97,0.011711159280881954,-0.011711159280881954,-0.002129301687433082,0.0981,0.70632,9.95715
113297978665,21.97,0.01811651763570114,-0.006387905062299246,-0.003193952531149623,0.08829,0.64746,9.81
113303029170,21.97,0.012775810124598492,-0.006387905062299246,-0.001064650843716541,0.08829,0.71613,9.66285
113308079675,21.97,0.013840460968315033,-0.003193952531149623,0.0,0.13734000000000002,0.8142300000000001,9.65304
113313130180,21.97,0.012775810124598492,0.008517206749732328,0.0,0.17658,0.86328,9.66285
113318180685,21.97,0.0170518667919846,0.0170518667919846,-0.002129301687433082,0.0981,0.89271,9.78057
113323231190,21.97,0.01918116847941768,0.020245819323134222,0.0,0.04905,0.8829,9.78057
113328281695,21.97,0.011711159280881954,0.01811651763570114,0.0,-0.019620000000000002,0.7749900000000001,9.73152
113333332200,21.97,0.002129301687433082,0.002129301687433082,0.0,-0.04905,0.71613,9.74133
113338382705,21.97,-0.004258603374866164,-0.01064650843716541,0.0,-0.039240000000000004,0.6768900000000001,9.78057
113343433210,21.97,-0.005323254218582705,-0.006387905062299246,0.0,-0.019620000000000002,0.6867000000000001,9.81
113348483715,21.97,0.004258603374866164,-0.008517206749732328,0.0,0.009810000000000001,0.75537,9.87867
113353534220,21.97,0.022375121010567305,-0.01064650843716541,0.0,0.02943,0.8240400000000001,9.85905
113358584725,21.97,0.024504422698000388,-0.007452555906015787,0.0,0.07848000000000001,0.85347,9.78057
113363635230,21.97,0.01811651763570114,-0.00958185759344887,0.0,0.13734000000000002,0.80442,9.70209
113368685735,21.97,0.007452555906015787,-0.007452555906015787,0.0,0.16677000000000003,0.80442,9.55494
113373736240,21.97,0.0,0.005323254218582705,0.0,0.15696000000000002,0.7749900000000001,9.5157
113378786745,21.97,0.004258603374866164,0.005323254218582705,0.0,0.13734000000000002,0.87309,9.60399
113383837250,21.97,0.007452555906015787,0.013840460968315033,0.0,0.14715,0.85347,9.7119
113388887755,21.97,0.004258603374866164,0.00958185759344887,0.0,0.07848000000000001,0.8142300000000001,9.72171
113393938260,21.97,0.0,0.007452555906015787,0.0,0.04905,0.71613,9.73152
113398988765,21.97,0.002129301687433082,0.007452555906015787,0.0,0.0,0.64746,9.7119
113404039270,21.97,0.0,0.008517206749732328,0.0,-0.02943,0.6867000000000001,9.69228
113409089775,21.97,0.004258603374866164,0.0,0.0,-0.019620000000000002,0.79461,9.74133
113414140280,21.97,0.008517206749732328,-0.00958185759344887,0.0,0.009810000000000001,0.84366,9.83943
113419190785,21.97,0.011711159280881954,-0.011711159280881954,0.0,0.039240000000000004,0.85347,9.80019
113424241290,21.97,0.01064650843716541,-0.008517206749732328,0.0,0.08829,0.8142300000000001,9.751140000000001
113429291795,21.97,0.003193952531149623,0.0,0.0,0.0981,0.75537,9.67266
113434342300,21.97,0.0,0.0,0.0,0.06867000000000001,0.74556,9.59418
113439392805,21.97,-0.004258603374866164,-0.00958185759344887,0.0,0.05886,0.8142300000000001,9.6138
113444443310,21.97,-0.001064650843716541,-0.012775810124598492,0.0,0.15696000000000002,0.8142300000000001,9.68247
113449493815,21.97,0.002129301687433082,-0.002129301687433082,0.0,0.16677000000000003,0.80442,9.72171
113454544320,21.97,0.003193952531149623,0.0,0.0,0.13734000000000002,0.8338500000000001,9.7119
113459594825,21.97,0.003193952531149623,0.012775810124598492,0.0,0.12753,0.74556,9.68247
113464645330,21.97,-0.003193952531149623,0.014905111812031574,0.0,0.04905,0.69651,9.66285
113469695835,21.97,0.0,0.013840460968315033,0.0,0.009810000000000001,0.75537,9.68247
113474746340,21.97,0.001064650843716541,0.00958185759344887,0.0,0.0,0.8142300000000001,9.69228
113479796845,21.97,0.001064650843716541,0.002129301687433082,0.0,0.0,0.87309,9.73152
113484847350,21.97,0.00958185759344887,-0.01064650843716541,0.0,0.07848000000000001,0.9711900000000001,9.81
113489897855,21.97,0.004258603374866164,-0.014905111812031574,0.0,0.14715,0.86328,9.819809999999999
113494948360,21.97,-0.004258603374866164,-0.006387905062299246,0.0,0.11772,0.73575,9.751140000000001
113499998865,21.97,-0.014905111812031574,0.004258603374866164,0.0,0.039240000000000004,0.5591700000000001,9.74133
113505049370,21.97,-0.01811651763570114,0.011711159280881954,0.0,0.0,0.5493600000000001,9.7119
113510099875,21.97,-0.002129301687433082,0.004258603374866164,0.0,-0.009810000000000001,0.65727,9.80019
113515150380,21.97,0.006387905062299246,-0.011711159280881954,0.0,0.019620000000000002,0.8829,9.908100000000001
113520200885,21.97,0.01918116847941768,-0.03089232776029963,0.0,0.15696000000000002,0.9810000000000001,9.91791
113525251390,21.97,0.015987215948268057,-0.02663372438543347,0.0,0.2943,0.9613800000000001,9.81
113530301895,21.97,0.0,-0.008517206749732328,0.0,0.2943,0.79461,9.66285
113535352400,21.97,-0.01811651763570114,0.011711159280881954,0.0,0.20601000000000003,0.59841,9.623610000000001
113540402905,21.97,-0.023439771854283843,0.03089232776029963,0.0,0.05886,0.47088,9.6138
113545453410,21.97,-0.004258603374866164,0.033021629447732716,0.0,-0.019620000000000002,0.6278400000000001,9.770760000000001
113550503915,21.97,0.01918116847941768,0.023439771854283843,0.0,-0.039240000000000004,0.8142300000000001,9.819809999999999
113555554420,21.97,0.03089232776029963,0.005323254218582705,0.0,-0.02943,1.05948,9.80019
113560604925,21.97,0.031956978604016174,-0.00958185759344887,0.0,0.039240000000000004,1.13796,9.74133
113565655430,21.97,0.00958185759344887,-0.022375121010567305,0.0,0.16677000000000003,1.02024,9.58437
113570705935,21.97,-0.01811651763570114,-0.02556907354171693,0.0,0.18639,0.84366,9.48627
113575756440,21.97,-0.039409534510031964,-0.012775810124598492,0.0,0.16677000000000003,0.6768900000000001,9.55494
113580806945,21.97,-0.02982767691658309,0.003193952531149623,0.0,0.11772,0.5395500000000001,9.66285
113585857450,21.97,-0.020245819323134222,0.02556907354171693,0.0,0.039240000000000004,0.5493600000000001,9.72171
113590907955,21.97,0.002129301687433082,0.03089232776029963,0.0,-0.04905,0.6867000000000001,9.82962
113595958460,21.97,0.022375121010567305,0.020245819323134222,0.0,-0.04905,0.8338500000000001,9.84924
113601008965,21.97,0.01811651763570114,0.0,0.0,-0.02943,0.9810000000000001,9.760950000000001
113606059470,21.97,0.005323254218582705,-0.02663372438543347,0.0,0.05886,1.0791000000000002,9.80019
113611109975,21.97,-0.014905111812031574,-0.049008845396000776,0.0,0.22563,1.00062,9.82962
113616160480,21.97,-0.02982767691658309,-0.05539675045830002,0.0,0.35316,0.8142300000000001,9.78057
113621210985,21.97,-0.039409534510031964,-0.03834488366631542,0.0,0.40221,0.57879,9.82962
113626261490,21.97,-0.03089232776029963,-0.008517206749732328,0.0,0.35316,0.38259000000000004,9.760950000000001
113631311995,21.97,-0.014905111812031574,0.02769837522915001,0.0,0.23544,0.31392000000000003,9.72171
113636362500,21.97,0.006387905062299246,0.05007349623971732,0.0,0.11772,0.47088,9.751140000000001
113641413005,21.97,0.02556907354171693,0.05859070298944965,0.0,-0.019620000000000002,0.75537,9.81
113646463510,21.97,0.0404741853537485,0.04794419455228423,0.0,-0.05886,1.03986,9.82962
113651514015,21.97,0.04366813788489812,0.020245819323134222,0.0,-0.06867000000000001,1.22625,9.81
113656564520,21.97,0.022375121010567305,-0.006387905062299246,0.0,-0.009810000000000001,1.1870100000000001,9.72171
113661615025,21.97,-0.005323254218582705,-0.022375121010567305,0.0,0.04905,0.9613800000000001,9.52551
113666665530,21.97,-0.02769837522915001,-0.03515093113516579,0.0,0.08829,0.80442,9.40779
113671716035,21.97,-0.04794419455228423,-0.03408628029144926,0.0,0.15696000000000002,0.72594,9.30969
113676766540,21.97,-0.04794419455228423,-0.02982767691658309,0.0,0.21582,0.72594,9.42741
113681817045,21.97,-0.03089232776029963,-0.01811651763570114,0.0,0.2943,0.69651,9.6138
113686867550,21.97,-0.015987215948268057,0.0,0.0,0.28449,0.70632,9.68247
113691918055,21.97,-0.011711159280881954,0.022375121010567305,0.0,0.22563,0.64746,9.819809999999999
113696968560,21.97,-0.005323254218582705,0.033021629447732716,0.0,0.07848000000000001,0.60822,9.82962
113702019065,21.97,0.0,0.04260348704118158,0.0,-0.009810000000000001,0.59841,9.819809999999999
113707069570,21.97,0.0,0.03621558197888234,0.0,-0.0981,0.7651800000000001,9.74133
113712120075,21.97,0.011711159280881954,0.033021629447732716,0.0,-0.13734000000000002,0.89271,9.81
113717170580,21.97,0.013840460968315033,0.022375121010567305,0.0,-0.14715,1.03986,9.80019
113722221085,21.97,-0.001064650843716541,-0.001064650843716541,0.0,-0.14715,1.0987200000000001,9.770760000000001
113727271590,21.97,-0.015987215948268057,-0.03621558197888234,0.0,-0.04905,0.9711900000000001,9.85905
113732322095,21.97,-0.04366813788489812,-0.06604325889546543,0.0,0.06867000000000001,0.80442,9.819809999999999
113737372600,21.97,-0.05859070298944965,-0.08096582400001695,0.0,0.22563,0.64746,9.89829
113742423105,21.97,-0.06178465552059926,-0.08096582400001695,0.0,0.36297,0.47088,9.97677
113747473610,21.97,-0.0404741853537485,-0.05752605214573309,0.0,0.52974,0.36297,9.97677
113752524115,21.97,-0.0170518667919846,-0.023439771854283843,0.0,0.5591700000000001,0.41202000000000005,9.82962
113757574620,21.97,0.007452555906015787,0.005323254218582705,0.0,0.56898,0.56898,9.74133
113762625125,21.97,0.02663372438543347,0.039409534510031964,0.0,0.52974,0.69651,9.68247
113767675630,21.97,0.03515093113516579,0.0756251164889143,-0.005323254218582705,0.37278,0.87309,9.58437
113772726135,21.97,0.03515093113516579,0.10119419003063122,0.001064650843716541,0.16677000000000003,1.00062,9.60399
113777776640,21.97,0.021310470166850764,0.11185815176031658,-0.002129301687433082,-0.14715,0.95157,9.7119
113782827145,21.97,0.012775810124598492,0.09693558665576507,-0.001064650843716541,-0.33354000000000006,0.9123300000000001,9.68247
113787877650,21.97,-0.001064650843716541,0.06923721142661506,-0.001064650843716541,-0.51993,0.85347,9.68247
113792928155,21.97,-0.007452555906015787,0.03089232776029963,-0.002129301687433082,-0.59841,0.89271,9.59418
113797978660,21.97,-0.00958185759344887,-0.012775810124598492,0.0,-0.5395500000000001,0.9221400000000001,9.623610000000001
113803029165,21.97,-0.021310470166850764,-0.05113814708343386,0.0,-0.43164,0.9711900000000001,9.67266
113808079670,21.97,-0.03834488366631542,-0.08415977653116657,0.0,-0.20601000000000003,0.9319500000000001,9.69228
113813130175,21.97,-0.05007349623971732,-0.11079350091660004,0.0,-0.02943,0.85347,9.7119
113818180680,21.97,-0.06178465552059926,-0.11505210429146619,0.0,0.27468000000000004,0.7651800000000001,9.760950000000001
113823231185,21.97,-0.060720004676882725,-0.09587093581204853,-0.003193952531149623,0.5395500000000001,0.60822,9.760950000000001
113828281690,21.97,-0.05113814708343386,-0.06817256058289851,0.0,0.65727,0.50031,9.69228
113833332195,21.97,-0.039409534510031964,-0.02982767691658309,0.002129301687433082,0.71613,0.47088,9.67266
113838382700,21.97,-0.022375121010567305,0.01064650843716541,0.0,0.6867000000000001,0.45126,9.65304
113843433205,21.97,-0.004258603374866164,0.044732788728614664,0.0,0.5591700000000001,0.57879,9.74133
113848483710,21.97,0.006387905062299246,0.07030186227033158,-0.001064650843716541,0.41202000000000005,0.6867000000000001,9.86886
113853534215,21.97,0.0170518667919846,0.07349581480148122,0.001064650843716541,0.21582,0.80442,9.98658
113858584720,21.97,0.013840460968315033,0.06817256058289851,0.0,0.039240000000000004,0.7848,10.01601
113863635225,21.97,0.008517206749732328,0.05646140130201656,0.0,-0.08829,0.80442,9.95715
113868685730,21.97,0.006387905062299246,0.04794419455228423,-0.003193952531149623,-0.18639,0.79461,9.85905
113873736235,21.97,0.005323254218582705,0.04260348704118158,0.0,-0.27468000000000004,0.8338500000000001,9.70209
113878786740,21.97,0.0,0.02663372438543347,0.0,-0.30411,0.90252,9.65304
113883837245,21.97,-0.01064650843716541,0.001064650843716541,0.002129301687433082,-0.2943,0.94176,9.7119
113888887750,21.97,-0.01918116847941768,-0.023439771854283843,0.0,-0.21582,0.9221400000000001,9.74133
113893938255,21.97,-0.033021629447732716,-0.0404741853537485,0.003193952531149623,-0.14715,0.80442,9.80019
113898988760,21.97,-0.04260348704118158,-0.05646140130201656,0.001064650843716541,-0.04905,0.6867000000000001,9.86886
113904039265,21.97,-0.04260348704118158,-0.06391395720803235,0.002129301687433082,0.06867000000000001,0.56898,9.91791
113909089770,21.97,-0.03621558197888234,-0.05965535383316618,0.002129301687433082,0.18639,0.51012,9.85905
113914140275,21.97,-0.020245819323134222,-0.03621558197888234,0.0,0.31392000000000003,0.5395500000000001,9.74133
113919190780,21.97,-0.001064650843716541,-0.006387905062299246,-0.001064650843716541,0.37278,0.6768900000000001,9.58437
113924241285,21.97,0.008517206749732328,0.022375121010567305,-0.005323254218582705,0.38259000000000004,0.85347,9.55494
113929291790,21.97,0.011711159280881954,0.04153883619746504,-0.002129301687433082,0.31392000000000003,0.9221400000000001,9.496080000000001
113934342295,21.97,0.0,0.05113814708343386,0.0,0.1962,0.90252,9.57456
113939392800,21.97,-0.013840460968315033,0.05965535383316618,-0.001064650843716541,0.0,0.7848,9.623610000000001
113944443305,21.97,-0.01811651763570114,0.049008845396000776,0.001064650843716541,-0.17658,0.69651,9.633420000000001
113949493810,21.97,-0.01918116847941768,0.02663372438543347,0.0,-0.24525000000000002,0.70632,9.69228
113954544315,21.97,-0.006387905062299246,0.004258603374866164,0.002129301687433082,-0.28449,0.80442,9.64323
113959594820,21.97,-0.006387905062299246,-0.002129301687433082,-0.001064650843716541,-0.16677000000000003,0.94176,9.58437
113964645325,21.97,-0.011711159280881954,-0.014905111812031574,0.001064650843716541,-0.10791,1.02024,9.48627
113969695830,21.97,-0.02769837522915001,-0.02769837522915001,0.0,-0.02943,0.9810000000000001,9.52551
113974746335,21.97,-0.049008845396000776,-0.03621558197888234,0.001064650843716541,0.04905,0.8338500000000001,9.57456
113979796840,21.97,-0.06817256058289851,-0.044732788728614664,0.003193952531149623,0.08829,0.69651,9.623610000000001
113984847345,21.97,-0.06710790973918197,-0.06497860805174888,0.001064650843716541,0.21582,0.6768900000000001,9.82962
113989897850,21.97,-0.06391395720803235,-0.09161233243718235,0.0,0.41202000000000005,0.6867000000000001,9.94734
113994948355,21.97,-0.05326744877086694,-0.10012953918691468,0.0,0.6867000000000001,0.65727,9.937529999999999
113999998860,21.97,-0.039409534510031964,-0.07777187146886733,0.0,0.9123300000000001,0.59841,9.85905
114005049365,21.97,-0.03089232776029963,-0.02982767691658309,0.0,0.9613800000000001,0.46107000000000004,9.751140000000001
114010099870,21.97,-0.031956978604016174,0.02556907354171693,0.0,0.8338500000000001,0.32373,9.623610000000001
114015150375,21.97,-0.03408628029144926,0.07777187146886733,-0.003193952531149623,0.56898,0.26487,9.770760000000001
114020200880,21.97,-0.01064650843716541,0.11931070766633237,0.001064650843716541,0.24525000000000002,0.36297,10.08468
114025251385,21.97,0.01811651763570114,0.13849187614575004,0.0,-0.009810000000000001,0.5591700000000001,10.32993
114030301890,21.97,0.049008845396000776,0.1331511686346474,-0.001064650843716541,-0.31392000000000003,0.74556,10.320120000000001
114035352395,21.97,0.054332099614583476,0.10225884087434776,-0.003193952531149623,-0.50031,0.9221400000000001,10.143540000000002
114040402900,21.97,0.04794419455228423,0.06923721142661506,-0.003193952531149623,-0.60822,1.02024,9.70209
114045453405,21.97,0.015987215948268057,0.05539675045830002,0.0,-0.70632,1.03986,9.46665
114050503910,21.97,-0.021310470166850764,0.015987215948268057,0.0,-0.73575,1.10853,9.33912
114055554415,21.97,-0.03728023282259888,-0.03515093113516579,0.001064650843716541,-0.64746,1.08891,9.496080000000001
114060604920,21.97,-0.05326744877086694,-0.08948303074974927,0.004258603374866164,-0.46107000000000004,1.01043,9.72171
114065655425,21.97,-0.06710790973918197,-0.13849187614575004,0.001064650843716541,-0.20601000000000003,0.9123300000000001,9.84924
114070705930,21.97,-0.06604325889546543,-0.1672549022186166,0.003193952531149623,0.15696000000000002,0.72594,9.751140000000001
114075756435,21.97,-0.08309512568745003,-0.15872024217636432,-0.001064650843716541,0.51012,0.5493600000000001,9.623610000000001
114080806940,21.97,-0.08309512568745003,-0.12356931104119852,0.001064650843716541,0.84366,0.40221,9.43722
114085857445,21.97,-0.07243116395776468,-0.07030186227033158,0.002129301687433082,0.9711900000000001,0.46107000000000004,9.40779
114090907950,21.97,-0.04366813788489812,-0.020245819323134222,0.002129301687433082,1.03005,0.46107000000000004,9.53532
114095958455,21.97,-0.01918116847941768,0.03089232776029963,-0.001064650843716541,0.9908100000000001,0.41202000000000005,9.78057
114101008960,21.97,-0.006387905062299246,0.08309512568745003,-0.001064650843716541,0.72594,0.3924,9.85905
114106059465,21.97,0.01064650843716541,0.11505210429146619,-0.002129301687433082,0.40221,0.44145,9.83943
114111109970,21.97,0.02769837522915001,0.1331511686346474,-0.002129301687433082,0.0981,0.64746,9.937529999999999
114116160475,21.97,0.03408628029144926,0.12144000935376545,0.0,-0.14715,0.8338500000000001,9.908100000000001
114121210980,21.97,0.03089232776029963,0.08841837990603273,0.0,-0.33354000000000006,1.03005,9.770760000000001
114126261485,21.97,0.014905111812031574,0.05859070298944965,-0.001064650843716541,-0.38259000000000004,1.16739,9.73152
114131311990,21.97,-0.005323254218582705,0.02982767691658309,-0.004258603374866164,-0.41202000000000005,1.16739,9.66285
114136362495,21.97,-0.03408628029144926,0.0170518667919846,-0.002129301687433082,-0.49050000000000005,0.90252,9.68247
114141413000,21.97,-0.06710790973918197,-0.001064650843716541,0.001064650843716541,-0.5493600000000001,0.56898,9.72171
114146463505,21.97,-0.08203047484373349,-0.03728023282259888,0.0,-0.5493600000000001,0.41202000000000005,9.79038
114151514010,21.97,-0.0756251164889143,-0.07136651311404815,0.002129301687433082,-0.45126,0.40221,9.91791
114156564515,21.97,-0.049008845396000776,-0.09906488834319814,0.0,-0.21582,0.64746,10.006200000000002
114161615020,21.97,-0.012775810124598492,-0.10759954838545042,0.0,0.14715,0.85347,9.97677
114166665525,21.97,-0.020245819323134222,-0.10119419003063122,0.0,0.51012,0.87309,9.888480000000001
114171716030,21.97,-0.033021629447732716,-0.08415977653116657,-0.002129301687433082,0.69651,0.7651800000000001,9.6138
114176766535,21.97,-0.054332099614583476,-0.05752605214573309,0.0,0.8338500000000001,0.5591700000000001,9.496080000000001
114181817040,21.97,-0.06391395720803235,-0.011711159280881954,-0.002129301687433082,0.80442,0.48069000000000006,9.43722
114186867545,21.97,-0.04794419455228423,0.03621558197888234,0.001064650843716541,0.70632,0.37278,9.66285
114191918050,21.97,-0.023439771854283843,0.06391395720803235,-0.001064650843716541,0.48069000000000006,0.41202000000000005,9.81
114196968555,21.97,0.005323254218582705,0.07136651311404815,-0.002129301687433082,0.2943,0.52974,9.87867
114202019060,21.97,0.01811651763570114,0.09161233243718235,-0.002129301687433082,0.12753,0.63765,9.79038
114207069565,21.97,0.031956978604016174,0.10545279340549739,-0.005323254218582705,-0.08829,0.7848,9.58437
114212120070,21.97,0.015987215948268057,0.12676326357234816,-0.002129301687433082,-0.2943,0.9123300000000001,9.55494
114217170575,21.97,-0.001064650843716541,0.11079350091660004,0.0,-0.51012,0.9810000000000001,9.55494
114222221080,21.97,-0.014905111812031574,0.06604325889546543,0.004258603374866164,-0.70632,0.9711900000000001,9.68247
114227271585,21.97,-0.03728023282259888,-0.0,-0.001064650843716541,-0.73575,0.9319500000000001,9.7119
114232322090,21.97,-0.0404741853537485,-0.06604325889546543,0.004258603374866164,-0.60822,0.94176,9.7119
114237372595,21.97,-0.06284930636431581,-0.11611675513518273,0.0,-0.36297,0.89271,9.7119
114242423100,21.97,-0.0756251164889143,-0.15233233711406508,0.002129301687433082,-0.019620000000000002,0.84366,9.79038
114247473605,21.97,-0.09693558665576507,-0.1629788455512305,0.002129301687433082,0.37278,0.6278400000000001,9.81
114252524110,21.97,-0.10119419003063122,-0.1416858286768997,0.005323254218582705,0.69651,0.41202000000000005,9.819809999999999
114257574615,21.97,-0.09693558665576507,-0.09267698328089889,0.003193952531149623,0.8829,0.15696000000000002,9.81
114262625120,21.97,-0.08203047484373349,-0.020245819323134222,0.0,0.8240400000000001,-0.02943,9.92772
114267675625,21.97,-0.0404741853537485,0.04260348704118158,0.0,0.64746,0.009810000000000001,9.95715
114272726130,21.97,0.012775810124598492,0.09587093581204853,-0.001064650843716541,0.3924,0.12753,10.045440000000001
114277776635,21.97,0.05007349623971732,0.12569861272863161,-0.002129301687433082,0.16677000000000003,0.5493600000000001,9.98658
114282827140,21.97,0.05646140130201656,0.12463396188491506,-0.004258603374866164,-0.02943,0.86328,10.01601
114287877645,21.97,0.05859070298944965,0.10438814256178083,-0.004258603374866164,-0.16677000000000003,1.15758,9.72171
114292928150,21.97,0.033021629447732716,0.07883652231258387,-0.003193952531149623,-0.30411,1.3832099999999998,9.58437
114297978655,21.97,-0.001064650843716541,0.03408628029144926,0.0,-0.33354000000000006,1.3341600000000002,9.53532
114303029160,21.97,-0.04260348704118158,-0.023439771854283843,0.0,-0.33354000000000006,1.03005,9.54513
114308079665,21.97,-0.08203047484373349,-0.046879543708567686,-0.004258603374866164,-0.25506,0.6670800000000001,9.50589
114313130170,21.97,-0.09480628496833199,-0.05646140130201656,0.001064650843716541,-0.20601000000000003,0.33354000000000006,9.496080000000001
114318180675,21.97,-0.09374163412461543,-0.04366813788489812,0.001064650843716541,-0.17658,0.22563,9.57456
114323231180,21.97,-0.07349581480148122,-0.039409534510031964,0.002129301687433082,-0.14715,0.26487,9.69228
114328281685,21.97,-0.044732788728614664,-0.05646140130201656,0.0,-0.019620000000000002,0.59841,9.819809999999999
114333332190,21.97,-0.015987215948268057,-0.07030186227033158,-0.002129301687433082,0.26487,0.8829,9.82962
114338382695,21.97,-0.01064650843716541,-0.05752605214573309,0.002129301687433082,0.5591700000000001,0.9123300000000001,9.86886
114343433200,21.97,-0.028763026072866547,-0.039409534510031964,0.0,0.6180300000000001,0.74556,9.58437
114348483705,21.97,-0.054332099614583476,-0.002129301687433082,0.0,0.5886,0.56898,9.52551
114353534210,21.97,-0.060720004676882725,0.02769837522915001,-0.003193952531149623,0.45126,0.40221,9.55494
114358584715,21.97,-0.05646140130201656,0.05539675045830002,0.0,0.27468000000000004,0.33354000000000006,9.68247
114363635220,21.97,-0.044732788728614664,0.07777187146886733,-0.001064650843716541,0.04905,0.36297,9.91791
114368685725,21.97,-0.020245819323134222,0.08948303074974927,-0.004258603374866164,-0.13734000000000002,0.44145,10.01601
114373736230,21.97,0.002129301687433082,0.07456046564519776,0.0,-0.28449,0.6278400000000001,10.025820000000001
114378786735,21.97,0.002129301687433082,0.04260348704118158,0.0,-0.38259000000000004,0.8338500000000001,10.01601
114383837240,21.97,-0.006387905062299246,-0.006387905062299246,-0.001064650843716541,-0.34335000000000004,0.90252,9.937529999999999
114388887745,21.97,-0.02556907354171693,-0.049008845396000776,0.002129301687433082,-0.1962,0.90252,9.82962
114393938250,21.97,-0.04366813788489812,-0.06497860805174888,0.0,-0.05886,0.8240400000000001,9.74133
114398988755,21.97,-0.06497860805174888,-0.05539675045830002,0.0,0.07848000000000001,0.60822,9.68247
114404039260,21.97,-0.07136651311404815,-0.044732788728614664,0.0,0.11772,0.42183,9.68247
114409089765,21.97,-0.05965535383316618,-0.033021629447732716,-0.001064650843716541,0.1962,0.34335000000000004,9.7119
114414140270,21.97,-0.05752605214573309,-0.015987215948268057,0.001064650843716541,0.23544,0.37278,9.72171
114419190775,21.97,-0.044732788728614664,-0.004258603374866164,0.001064650843716541,0.20601000000000003,0.48069000000000006,9.751140000000001
114424241280,21.97,-0.022375121010567305,-0.002129301687433082,0.0,0.27468000000000004,0.6180300000000001,9.92772
114429291785,21.97,-0.008517206749732328,-0.004258603374866164,0.0,0.35316,0.6867000000000001,9.84924
114434342290,21.97,-0.013840460968315033,0.002129301687433082,0.0,0.31392000000000003,0.70632,9.751140000000001
114439392795,21.97,-0.01918116847941768,0.014905111812031574,-0.004258603374866164,0.28449,0.6278400000000001,9.55494
114444443300,21.97,-0.023439771854283843,0.04260348704118158,-0.003193952531149623,0.1962,0.5395500000000001,9.47646
114449493805,21.97,-0.031956978604016174,0.06817256058289851,-0.002129301687433082,0.009810000000000001,0.5591700000000001,9.44703
114454544310,21.97,-0.033021629447732716,0.08415977653116657,0.0,-0.16677000000000003,0.64746,9.5157
114459594815,21.97,-0.031956978604016174,0.060720004676882725,0.002129301687433082,-0.34335000000000004,0.75537,9.623610000000001
114464645320,21.97,-0.03621558197888234,0.00958185759344887,0.001064650843716541,-0.35316,0.8240400000000001,9.819809999999999
114469695825,21.97,-0.03728023282259888,-0.03089232776029963,0.0,-0.27468000000000004,0.79461,9.89829
114474746330,21.97,-0.05539675045830002,-0.05007349623971732,0.0,-0.17658,0.64746,9.84924
114479796835,21.97,-0.06710790973918197,-0.060720004676882725,-0.001064650843716541,-0.05886,0.51993,9.79038
114484847340,21.97,-0.0756251164889143,-0.05859070298944965,0.001064650843716541,0.039240000000000004,0.37278,9.80019
114489897845,21.97,-0.07136651311404815,-0.04366813788489812,0.0,0.16677000000000003,0.30411,9.72171
114494948350,21.97,-0.05859070298944965,-0.03728023282259888,0.003193952531149623,0.22563,0.47088,9.79038
114499998855,21.97,-0.04153883619746504,-0.02982767691658309,-0.001064650843716541,0.34335000000000004,0.5395500000000001,9.908100000000001
114505049360,21.97,-0.03621558197888234,-0.01811651763570114,0.0,0.43164,0.57879,9.937529999999999
114510099865,21.97,-0.03515093113516579,-0.006387905062299246,0.0,0.43164,0.5493600000000001,9.888480000000001
114515150370,21.97,-0.02982767691658309,0.01064650843716541,0.001064650843716541,0.37278,0.47088,9.89829
114520200875,21.97,-0.03728023282259888,0.03728023282259888,-0.001064650843716541,0.23544,0.28449,9.82962
114525251380,21.97,-0.031956978604016174,0.05646140130201656,0.001064650843716541,0.04905,0.32373,9.751140000000001
114530301885,21.97,-0.01064650843716541,0.06817256058289851,-0.001064650843716541,-0.05886,0.47088,9.760950000000001
114535352390,21.97,0.0,0.060720004676882725,-0.003193952531149623,-0.17658,0.73575,9.66285
114540402895,21.97,0.004258603374866164,0.03408628029144926,0.0,-0.1962,0.95157,9.70209
114545453400,21.97,-0.01064650843716541,0.00958185759344887,0.0,-0.17658,1.03986,9.72171
114550503905,21.97,-0.03834488366631542,0.002129301687433082,0.0,-0.13734000000000002,0.79461,9.60399
114555554410,21.97,-0.06604325889546543,-0.011711159280881954,0.0,-0.20601000000000003,0.5395500000000001,9.52551
114560604915,21.97,-0.0852244273748831,-0.02982767691658309,0.0,-0.20601000000000003,0.41202000000000005,9.59418
114565655420,21.97,-0.07883652231258387,-0.044732788728614664,0.004258603374866164,-0.10791,0.3924,9.66285
114570705925,21.97,-0.06178465552059926,-0.06178465552059926,-0.001064650843716541,0.009810000000000001,0.48069000000000006,9.79038
114575756430,21.97,-0.04581489286485115,-0.05965535383316618,0.0,0.22563,0.60822,9.751140000000001
114580806935,21.97,-0.04153883619746504,-0.03515093113516579,0.002129301687433082,0.36297,0.57879,9.751140000000001
114585857440,21.97,-0.05113814708343386,-0.008517206749732328,-0.001064650843716541,0.3924,0.48069000000000006,9.633420000000001
114590907945,21.97,-0.05752605214573309,0.013840460968315033,0.002129301687433082,0.25506,0.33354000000000006,9.73152
114595958450,21.97,-0.05646140130201656,0.015987215948268057,0.0,0.17658,0.32373,9.78057
114601008955,21.97,-0.05007349623971732,0.0170518667919846,0.0,0.13734000000000002,0.3924,9.92772
114606059460,21.97,-0.02556907354171693,0.02556907354171693,-0.001064650843716541,0.07848000000000001,0.44145,9.95715
114611109965,21.97,-0.01064650843716541,0.03728023282259888,0.0,0.039240000000000004,0.5591700000000001,9.84924
114616160470,21.97,-0.006387905062299246,0.033021629447732716,0.001064650843716541,-0.019620000000000002,0.64746,9.79038
114621210975,21.97,-0.022375121010567305,0.03089232776029963,0.0,-0.039240000000000004,0.65727,9.67266
114626261480,21.97,-0.04260348704118158,0.023439771854283843,0.0,-0.12753,0.60822,9.633420000000001
114631311985,21.97,-0.06391395720803235,0.005323254218582705,-0.001064650843716541,-0.15696000000000002,0.57879,9.73152
114636362490,21.97,-0.05859070298944965,-0.022375121010567305,0.0,-0.11772,0.5591700000000001,9.82962
114641412995,21.97,-0.05752605214573309,-0.04153883619746504,0.002129301687433082,-0.02943,0.5395500000000001,9.91791
114646463500,21.97,-0.04794419455228423,-0.04794419455228423,-0.002129301687433082,0.07848000000000001,0.52974,9.85905
114651514005,21.97,-0.04260348704118158,-0.03621558197888234,0.0,0.18639,0.43164,9.69228
114656564510,21.97,-0.04581489286485115,-0.013840460968315033,0.004258603374866164,0.24525000000000002,0.35316,9.55494
114661615015,21.97,-0.05646140130201656,0.004258603374866164,0.001064650843716541,0.1962,0.38259000000000004,9.55494
114666665520,21.97,-0.05539675045830002,0.012775810124598492,0.0,0.18639,0.46107000000000004,9.69228
114671716025,21.97,-0.04366813788489812,0.01918116847941768,0.003193952531149623,0.12753,0.51012,9.86886
114676766530,21.97,-0.03621558197888234,0.00958185759344887,0.0,0.0981,0.56898,10.01601
114681817035,21.97,-0.02769837522915001,0.008517206749732328,-0.005323254218582705,0.02943,0.52974,9.97677
114686867540,21.97,-0.02982767691658309,0.020245819323134222,0.001064650843716541,0.04905,0.41202000000000005,9.79038
114691918045,21.97,-0.0404741853537485,0.01918116847941768,-0.002129301687433082,-0.04905,0.41202000000000005,9.59418
114696968550,21.97,-0.04366813788489812,0.012775810124598492,0.0,-0.04905,0.52974,9.53532
114702019055,21.97,-0.04581489286485115,0.007452555906015787,0.0,-0.02943,0.6278400000000001,9.623610000000001
114707069560,21.97,-0.046879543708567686,-0.004258603374866164,0.0,-0.019620000000000002,0.6768900000000001,9.78057
114712120065,21.97,-0.04794419455228423,-0.014905111812031574,0.0,0.02943,0.6670800000000001,9.87867
114717170570,21.97,-0.060720004676882725,-0.021310470166850764,-0.003193952531149623,0.05886,0.43164,9.89829
114722221075,21.97,-0.07030186227033158,-0.028763026072866547,0.0,0.019620000000000002,0.27468000000000004,9.760950000000001
114727271580,21.97,-0.06923721142661506,-0.01918116847941768,0.002129301687433082,0.0981,0.23544,9.65304
114732322085,21.97,-0.05752605214573309,-0.006387905062299246,0.0,0.12753,0.25506,9.68247
114737372590,21.97,-0.039409534510031964,0.004258603374866164,0.0,0.10791,0.48069000000000006,9.72171
114742423095,21.97,-0.02556907354171693,0.015987215948268057,0.002129301687433082,0.13734000000000002,0.59841,9.78057
114747473600,21.97,-0.024504422698000388,0.0170518667919846,0.0,0.08829,0.6278400000000001,9.819809999999999
114752524105,21.97,-0.03834488366631542,0.003193952531149623,-0.002129301687433082,0.07848000000000001,0.6180300000000001,9.770760000000001
114757574610,21.97,-0.05113814708343386,-0.002129301687433082,-0.001064650843716541,0.039240000000000004,0.46107000000000004,9.79038
114762625115,21.97,-0.07030186227033158,0.007452555906015787,0.002129301687433082,0.009810000000000001,0.28449,9.760950000000001
114767675620,21.97,-0.06817256058289851,0.003193952531149623,0.0,-0.04905,0.2943,9.78057
114772726125,21.97,-0.044732788728614664,0.002129301687433082,0.0,-0.04905,0.38259000000000004,9.84924
114777776630,21.97,-0.03621558197888234,-0.01064650843716541,0.003193952531149623,0.0,0.47088,9.819809999999999
114782827135,21.97,-0.033021629447732716,-0.021310470166850764,0.002129301687433082,0.07848000000000001,0.65727,9.79038
114787877640,21.97,-0.03728023282259888,-0.011711159280881954,0.0,0.17658,0.57879,9.760950000000001
114792928145,21.97,-0.054332099614583476,0.0,0.001064650843716541,0.11772,0.40221,9.67266
114797978650,21.97,-0.06923721142661506,0.01064650843716541,-0.001064650843716541,0.07848000000000001,0.33354000000000006,9.65304
114803029155,21.97,-0.06178465552059926,0.012775810124598492,0.0,0.0,0.26487,9.81
114808079660,21.97,-0.05220279792715039,0.0,0.003193952531149623,-0.009810000000000001,0.2943,9.819809999999999
114813130165,21.97,-0.03621558197888234,-0.00958185759344887,-0.001064650843716541,0.0,0.51993,9.770760000000001
114818180670,21.97,-0.024504422698000388,0.002129301687433082,0.0,0.06867000000000001,0.59841,9.78057
114823231175,21.97,-0.03089232776029963,0.013840460968315033,0.0,0.06867000000000001,0.5493600000000001,9.64323
114828281680,21.97,-0.049008845396000776,0.01918116847941768,-0.002129301687433082,0.009810000000000001,0.51012,9.60399
114833332185,21.97,-0.06817256058289851,0.023439771854283843,0.001064650843716541,-0.07848000000000001,0.38259000000000004,9.65304
114838382690,21.97,-0.07136651311404815,0.006387905062299246,0.0,-0.17658,0.33354000000000006,9.770760000000001
114843433195,21.97,-0.06497860805174888,-0.013840460968315033,0.001064650843716541,-0.13734000000000002,0.37278,9.89829
114848483700,21.97,-0.04794419455228423,-0.024504422698000388,0.004258603374866164,-0.06867000000000001,0.46107000000000004,9.97677
114853534205,21.97,-0.04581489286485115,-0.03728023282259888,0.0,0.05886,0.46107000000000004,9.91791
114858584710,21.97,-0.046879543708567686,-0.03515093113516579,-0.001064650843716541,0.15696000000000002,0.44145,9.79038
114863635215,21.97,-0.05859070298944965,-0.024504422698000388,0.0,0.18639,0.36297,9.623610000000001
114868685720,21.97,-0.07136651311404815,-0.01811651763570114,0.003193952531149623,0.21582,0.34335000000000004,9.56475
114873736225,21.97,-0.07349581480148122,-0.006387905062299246,-0.003193952531149623,0.22563,0.38259000000000004,9.770760000000001
114878786730,21.97,-0.06284930636431581,0.006387905062299246,0.0,0.22563,0.33354000000000006,9.91791
114883837235,21.97,-0.05113814708343386,0.011711159280881954,0.0,0.16677000000000003,0.2943,9.97677
114888887740,21.97,-0.04260348704118158,0.0170518667919846,0.0,0.05886,0.26487,9.92772
114893938245,21.97,-0.03089232776029963,0.020245819323134222,0.0,0.02943,0.30411,9.72171
114898988750,21.97,-0.03408628029144926,0.033021629447732716,-0.001064650843716541,0.0,0.41202000000000005,9.6138
114904039255,21.97,-0.031956978604016174,0.03728023282259888,-0.001064650843716541,-0.05886,0.5591700000000001,9.66285
114909089760,21.97,-0.03621558197888234,0.03408628029144926,-0.003193952531149623,-0.12753,0.63765,9.70209
114914140265,21.97,-0.049008845396000776,0.014905111812031574,0.002129301687433082,-0.10791,0.5591700000000001,9.80019
114919190770,21.97,-0.06497860805174888,-0.005323254218582705,-0.003193952531149623,-0.16677000000000003,0.43164,9.79038
114924241275,21.97,-0.07349581480148122,-0.0170518667919846,-0.001064650843716541,-0.16677000000000003,0.30411,9.78057
114929291780,21.97,-0.0756251164889143,-0.024504422698000388,0.0,-0.13734000000000002,0.28449,9.819809999999999
114934342285,21.97,-0.06497860805174888,-0.03408628029144926,0.0,-0.08829,0.2943,9.82962
114939392790,21.97,-0.06497860805174888,-0.03515093113516579,0.002129301687433082,0.04905,0.27468000000000004,9.82962
114944443295,21.97,-0.05965535383316618,-0.04153883619746504,0.0,0.12753,0.33354000000000006,9.7119
114949493800,21.97,-0.05113814708343386,-0.033021629447732716,0.0,0.23544,0.41202000000000005,9.70209
114954544305,21.97,-0.05007349623971732,-0.007452555906015787,0.001064650843716541,0.30411,0.3924,9.760950000000001
114959594810,21.97,-0.05326744877086694,0.007452555906015787,0.001064650843716541,0.26487,0.32373,9.72171
114964645315,21.97,-0.05859070298944965,0.015987215948268057,0.0,0.18639,0.24525000000000002,9.81
114969695820,21.97,-0.06391395720803235,0.02663372438543347,0.0,0.05886,0.16677000000000003,9.760950000000001
114974746325,21.97,-0.05539675045830002,0.024504422698000388,0.0,0.019620000000000002,0.21582,9.68247
114979796830,21.97,-0.039409534510031964,0.02982767691658309,0.0,-0.06867000000000001,0.3924,9.74133
114984847335,21.97,-0.028763026072866547,0.02769837522915001,0.001064650843716541,-0.04905,0.51012,9.751140000000001
114989897840,21.97,-0.033021629447732716,0.011711159280881954,-0.002129301687433082,-0.04905,0.56898,9.78057
114994948345,21.97,-0.05326744877086694,0.003193952531149623,-0.001064650843716541,-0.05886,0.47088,9.81
114999998850,21.97,-0.07456046564519776,-0.006387905062299246,0.0,-0.06867000000000001,0.30411,9.68247
115005049355,21.97,-0.0852244273748831,-0.00958185759344887,-0.002129301687433082,-0.10791,0.1962,9.70209
115010099860,21.97,-0.07777187146886733,-0.011711159280881954,0.002129301687433082,-0.10791,0.21582,9.888480000000001
115015150365,21.97,-0.06391395720803235,-0.024504422698000388,0.0,-0.05886,0.28449,9.92772
115020200870,21.97,-0.05326744877086694,-0.03408628029144926,0.002129301687433082,0.039240000000000004,0.28449,9.95715
115025251375,21.97,-0.044732788728614664,-0.03408628029144926,0.001064650843716541,0.11772,0.33354000000000006,9.85905
115030301880,21.97,-0.049008845396000776,-0.022375121010567305,0.0,0.18639,0.34335000000000004,9.68247
115035352385,21.97,-0.05646140130201656,-0.004258603374866164,0.0,0.18639,0.31392000000000003,9.751140000000001
115040402890,21.97,-0.05859070298944965,0.015987215948268057,0.001064650843716541,0.20601000000000003,0.22563,9.74133
115045453395,21.97,-0.06178465552059926,0.03089232776029963,0.001064650843716541,0.11772,0.18639,9.83943
115050503900,21.97,-0.05113814708343386,0.024504422698000388,0.0,0.009810000000000001,0.22563,9.85905
115055554405,21.97,-0.03515093113516579,0.01811651763570114,0.0,-0.02943,0.30411,9.83943
115060604910,21.97,-0.03089232776029963,0.024504422698000388,0.001064650843716541,-0.08829,0.40221,9.751140000000001
115065655415,21.97,-0.031956978604016174,0.014905111812031574,0.0,-0.039240000000000004,0.48069000000000006,9.66285
115070705920,21.97,-0.049008845396000776,0.00958185759344887,0.0,-0.07848000000000001,0.42183,9.68247
115075756425,21.97,-0.07030186227033158,0.004258603374866164,0.001064650843716541,-0.0981,0.31392000000000003,9.67266
115080806930,21.97,-0.07456046564519776,-0.01064650843716541,0.0,-0.0981,0.2943,9.70209
115085857435,21.97,-0.07670722062515077,-0.021310470166850764,0.0,-0.06867000000000001,0.25506,9.86886
115090907940,21.97,-0.06391395720803235,-0.03728023282259888,0.002129301687433082,0.0,0.27468000000000004,9.87867
115095958445,21.97,-0.06284930636431581,-0.039409534510031964,-0.001064650843716541,0.08829,0.20601000000000003,9.888480000000001
115101008950,21.97,-0.060720004676882725,-0.02556907354171693,0.0,0.15696000000000002,0.11772,9.770760000000001
115106059455,21.97,-0.05965535383316618,-0.006387905062299246,-0.001064650843716541,0.16677000000000003,0.15696000000000002,9.56475
115111109960,21.97,-0.054332099614583476,0.007452555906015787,0.001064650843716541,0.11772,0.25506,9.6138
115116160465,21.97,-0.05539675045830002,0.012775810124598492,0.0,0.13734000000000002,0.34335000000000004,9.770760000000001
115121210970,21.97,-0.05220279792715039,0.013840460968315033,0.002129301687433082,0.12753,0.34335000000000004,9.81
115126261475,21.97,-0.05113814708343386,0.01811651763570114,0.0,0.06867000000000001,0.25506,9.94734
115131311980,21.97,-0.05007349623971732,0.03089232776029963,0.0,-0.06867000000000001,0.16677000000000003,9.79038
115136362485,21.97,-0.05326744877086694,0.03089232776029963,0.001064650843716541,-0.12753,0.17658,9.73152
115141412990,21.97,-0.05752605214573309,0.015987215948268057,-0.001064650843716541,-0.16677000000000003,0.25506,9.73152
115146463495,21.97,-0.05220279792715039,-0.004258603374866164,0.001064650843716541,-0.16677000000000003,0.34335000000000004,9.7119
115151514000,21.97,-0.05752605214573309,-0.013840460968315033,0.0,-0.11772,0.33354000000000006,9.819809999999999
115156564505,21.97,-0.06284930636431581,-0.020245819323134222,0.0,-0.02943,0.31392000000000003,9.86886
115161615010,21.97,-0.06604325889546543,-0.013840460968315033,-0.001064650843716541,0.0,0.1962,9.888480000000001
115166665515,21.97,-0.07349581480148122,-0.0170518667919846,0.001064650843716541,-0.07848000000000001,0.14715,9.908100000000001
115171716020,21.97,-0.07349581480148122,-0.02769837522915001,0.0,0.0,0.0981,9.87867
115176766525,21.97,-0.06391395720803235,-0.02982767691658309,-0.001064650843716541,0.08829,0.0981,9.86886
115181817030,21.97,-0.06178465552059926,-0.015987215948268057,-0.001064650843716541,0.10791,0.0981,9.81
115186867535,21.97,-0.05007349623971732,0.0,0.0,0.14715,0.18639,9.760950000000001
115191918040,21.9,-0.039409534510031964,0.012775810124598492,0.0,0.12753,0.27468000000000004,9.72171
115196968545,21.9,-0.04366813788489812,0.01064650843716541,0.0,0.10791,0.35316,9.760950000000001
115202019050,21.9,-0.046879543708567686,0.002129301687433082,0.0,0.10791,0.3924,9.78057
115207069555,21.9,-0.05752605214573309,0.01064650843716541,0.0,0.15696000000000002,0.25506,9.78057
115212120060,21.9,-0.06391395720803235,0.022375121010567305,0.0,0.009810000000000001,0.13734000000000002,9.7119
115217170565,21.9,-0.06817256058289851,0.031956978604016174,0.0,-0.05886,0.07848000000000001,9.73152
115222221070,21.9,-0.06710790973918197,0.031956978604016174,0.0,-0.14715,0.06867000000000001,9.78057
115227271575,21.9,-0.060720004676882725,0.013840460968315033,0.0,-0.22563,0.14715,9.69228
115232322080,21.9,-0.049008845396000776,-0.004258603374866164,0.0,-0.15696000000000002,0.2943,9.751140000000001
115237372585,21.9,-0.04794419455228423,-0.007452555906015787,0.0,-0.0981,0.3924,9.89829
115242423090,21.9,-0.05220279792715039,-0.013840460968315033,0.0,-0.05886,0.2943,9.89829
115247473595,21.9,-0.06497860805174888,-0.014905111812031574,0.0,-0.06867000000000001,0.15696000000000002,9.84924
115252524100,21.9,-0.07349581480148122,-0.01918116847941768,0.0,-0.05886,0.05886,9.760950000000001
115257574605,21.9,-0.07990117315630041,-0.023439771854283843,0.0,0.0,0.039240000000000004,9.66285
115262625110,21.9,-0.07136651311404815,-0.01811651763570114,0.0,0.019620000000000002,0.13734000000000002,9.79038
115267675615,21.9,-0.05539675045830002,-0.002129301687433082,0.0,0.08829,0.17658,9.819809999999999
115272726120,21.9,-0.05007349623971732,-0.001064650843716541,0.0,0.11772,0.20601000000000003,9.82962
115277776625,21.9,-0.05007349623971732,0.0,0.0,0.10791,0.20601000000000003,9.74133
115282827130,21.9,-0.05539675045830002,0.001064650843716541,0.0,0.05886,0.22563,9.69228
115287877635,21.9,-0.06497860805174888,0.00958185759344887,0.0,0.06867000000000001,0.15696000000000002,9.79038
115292928140,21.9,-0.06710790973918197,0.007452555906015787,0.0,0.039240000000000004,0.18639,9.78057
115297978645,21.9,-0.06391395720803235,0.013840460968315033,0.0,-0.039240000000000004,0.10791,9.92772
115303029150,21.9,-0.05646140130201656,0.005323254218582705,0.0,-0.039240000000000004,0.0981,9.85905
115308079655,21.9,-0.05326744877086694,0.005323254218582705,0.0,-0.04905,0.14715,9.81
115313130160,21.9,-0.05752605214573309,0.005323254218582705,0.0,-0.039240000000000004,0.12753,9.770760000000001
115318180665,21.9,-0.060720004676882725,-0.003193952531149623,0.0,-0.04905,0.20601000000000003,9.80019
115323231170,21.9,-0.06284930636431581,-0.012775810124598492,0.0,-0.019620000000000002,0.22563,9.908100000000001
115328281675,21.9,-0.05752605214573309,-0.01064650843716541,0.0,0.009810000000000001,0.13734000000000002,9.95715
115333332180,21.9,-0.06178465552059926,-0.011711159280881954,0.0,0.0,0.0981,9.819809999999999
115338382685,21.9,-0.05859070298944965,0.0,0.0,0.0,0.05886,9.80019
115343433190,21.9,-0.05859070298944965,0.00958185759344887,0.0,0.0,0.04905,9.73152
115348483695,21.9,-0.05965535383316618,0.007452555906015787,0.0,-0.05886,0.13734000000000002,9.72171
115353534200,21.9,-0.05220279792715039,0.0,0.0,-0.019620000000000002,0.20601000000000003,9.751140000000001
115358584705,21.9,-0.04581489286485115,0.0,0.0,0.0,0.27468000000000004,9.751140000000001
115363635210,21.9,-0.054332099614583476,0.003193952531149623,0.0,0.0,0.24525000000000002,9.81
115368685715,21.9,-0.06284930636431581,0.004258603374866164,0.0,0.0,0.12753,9.84924
115373736220,21.9,-0.0756251164889143,0.008517206749732328,0.0,-0.06867000000000001,0.019620000000000002,9.82962
115378786725,21.9,-0.07670722062515077,-0.003193952531149623,0.0,-0.11772,0.05886,9.770760000000001
115383837230,21.9,-0.06817256058289851,-0.006387905062299246,0.0,-0.06867000000000001,0.02943,9.84924
115388887735,21.9,-0.06178465552059926,-0.013840460968315033,0.0,-0.009810000000000001,0.05886,9.73152
115393938240,21.9,-0.060720004676882725,-0.020245819323134222,0.0,0.05886,0.10791,9.770760000000001
115398988745,21.9,-0.04581489286485115,-0.015987215948268057,0.0,0.02943,0.10791,9.87867
115404039250,21.9,-0.060720004676882725,0.006387905062299246,0.0,0.11772,0.06867000000000001,9.81
115409089755,21.9,-0.06284930636431581,0.01064650843716541,0.0,0.019620000000000002,0.0,9.751140000000001
115414140260,21.9,-0.06497860805174888,0.014905111812031574,0.0,-0.07848000000000001,0.06867000000000001,9.81
115419190765,21.9,-0.06391395720803235,0.011711159280881954,0.0,-0.019620000000000002,0.04905,9.770760000000001
115424241270,21.9,-0.05220279792715039,0.002129301687433082,0.0,-0.04905,0.06867000000000001,9.78057
115429291775,21.9,-0.049008845396000776,0.002129301687433082,0.0,-0.019620000000000002,0.10791,9.7119
115434342280,21.9,-0.04153883619746504,0.003193952531149623,0.0,-0.019620000000000002,0.18639,9.68247
115439392785,21.9,-0.05859070298944965,0.006387905062299246,0.0,-0.039240000000000004,0.13734000000000002,9.81
115444443290,21.9,-0.06817256058289851,0.001064650843716541,0.0,-0.05886,0.05886,9.760950000000001
115449493795,21.9,-0.07883652231258387,-0.001064650843716541,0.0,-0.07848000000000001,0.02943,9.81
115454544300,21.9,-0.07777187146886733,-0.01811651763570114,0.0,-0.04905,0.02943,9.81
115459594805,21.9,-0.07136651311404815,-0.020245819323134222,0.0,-0.02943,0.04905,9.97677
115464645310,21.9,-0.060720004676882725,-0.02556907354171693,0.0,0.02943,0.0,9.83943
115469695815,21.9,-0.05539675045830002,-0.020245819323134222,0.0,0.05886,0.0,9.86886
115474746320,21.9,-0.05539675045830002,-0.005323254218582705,0.0,0.0981,0.0,9.84924
115479796825,21.9,-0.05646140130201656,0.0170518667919846,0.0,0.05886,-0.009810000000000001,9.81
115484847330,21.9,-0.06710790973918197,0.02556907354171693,0.0,0.02943,0.009810000000000001,9.770760000000001
115489897835,21.9,-0.06817256058289851,0.028763026072866547,0.0,-0.039240000000000004,0.0,9.81
115494948340,21.9,-0.05859070298944965,0.012775810124598492,0.0,-0.07848000000000001,0.0,9.751140000000001
115499998845,21.9,-0.049008845396000776,-0.002129301687433082,0.0,-0.08829,0.02943,9.79038
115505049350,21.9,-0.039409534510031964,-0.006387905062299246,0.0,-0.06867000000000001,0.06867000000000001,9.751140000000001
115510099855,21.9,-0.039409534510031964,0.001064650843716541,0.0,-0.04905,0.07848000000000001,9.770760000000001
115515150360,21.9,-0.04581489286485115,0.003193952531149623,0.0,-0.07848000000000001,0.07848000000000001,9.73152
115520200865,21.9,-0.05859070298944965,0.00958185759344887,0.0,-0.07848000000000001,0.07848000000000001,9.69228
115525251370,21.9,-0.07136651311404815,-0.002129301687433082,0.0,-0.10791,0.07848000000000001,9.72171
115530301875,21.9,-0.0756251164889143,-0.014905111812031574,0.0,-0.07848000000000001,0.039240000000000004,9.78057
115535352380,21.9,-0.06923721142661506,-0.024504422698000388,0.0,0.0,0.02943,9.83943
115540402885,21.9,-0.05859070298944965,-0.039409534510031964,0.0,0.02943,0.02943,9.908100000000001
115545453390,21.9,-0.06178465552059926,-0.039409534510031964,0.0,0.08829,0.0,9.91791
115550503895,21.9,-0.060720004676882725,-0.013840460968315033,0.0,0.16677000000000003,-0.02943,9.89829
115555554400,21.9,-0.06923721142661506,0.014905111812031574,0.0,0.17658,-0.06867000000000001,9.770760000000001
115560604905,21.9,-0.07670722062515077,0.05326744877086694,0.0,0.04905,-0.04905,9.78057
115565655410,21.9,-0.0756251164889143,0.07670722062515077,0.0,-0.11772,-0.07848000000000001,9.770760000000001
115570705915,21.9,-0.06923721142661506,0.06178465552059926,0.0,-0.24525000000000002,-0.07848000000000001,9.751140000000001
115575756420,21.9,-0.06284930636431581,0.01918116847941768,0.0,-0.31392000000000003,-0.009810000000000001,9.770760000000001
115580806925,21.9,-0.05220279792715039,-0.020245819323134222,0.0,-0.2943,-0.02943,9.83943
115585857430,21.9,-0.04153883619746504,-0.05113814708343386,0.0,-0.1962,-0.019620000000000002,9.89829
115590907935,21.9,-0.049008845396000776,-0.06178465552059926,0.0,-0.08829,-0.039240000000000004,9.92772
115595958440,21.9,-0.05220279792715039,-0.04581489286485115,0.0,0.02943,-0.02943,9.86886
115601008945,21.9,-0.06284930636431581,-0.01811651763570114,0.0,0.08829,-0.02943,9.79038
115606059450,21.9,-0.06391395720803235,0.005323254218582705,0.0,0.06867000000000001,-0.019620000000000002,9.78057
115611109955,21.9,-0.06284930636431581,0.028763026072866547,0.0,0.019620000000000002,-0.04905,9.770760000000001
115616160460,21.9,-0.060720004676882725,0.03408628029144926,0.0,-0.039240000000000004,-0.04905,9.83943
115621210965,21.9,-0.060720004676882725,0.012775810124598492,0.0,-0.08829,-0.039240000000000004,9.96696
115626261470,21.9,-0.05113814708343386,-0.0170518667919846,0.0,-0.07848000000000001,-0.009810000000000001,9.94734
115631311975,21.9,-0.05965535383316618,-0.02982767691658309,0.0,0.0,-0.039240000000000004,9.81
115636362480,21.9,-0.06178465552059926,-0.02556907354171693,0.0,0.04905,-0.02943,9.83943
115641412985,21.9,-0.05539675045830002,0.0,0.0,0.12753,-0.04905,9.751140000000001
115646463490,21.9,-0.05539675045830002,0.024504422698000388,0.0,0.039240000000000004,-0.05886,9.78057
115651513995,21.9,-0.05646140130201656,0.05007349623971732,0.0,-0.04905,-0.04905,9.72171
115656564500,21.9,-0.05539675045830002,0.06284930636431581,0.0,-0.16677000000000003,-0.05886,9.70209
115661615005,21.9,-0.060720004676882725,0.05113814708343386,0.0,-0.33354000000000006,-0.04905,9.73152
115666665510,21.9,-0.06391395720803235,0.02663372438543347,0.0,-0.3924,-0.07848000000000001,9.81
115671716015,21.9,-0.05646140130201656,-0.011711159280881954,0.0,-0.35316,-0.02943,9.84924
115676766520,21.9,-0.054332099614583476,-0.044732788728614664,0.0,-0.31392000000000003,-0.06867000000000001,9.888480000000001
115681817025,21.9,-0.05220279792715039,-0.06923721142661506,0.0,-0.17658,-0.04905,9.86886
115686867530,21.9,-0.05646140130201656,-0.06923721142661506,0.0,0.009810000000000001,-0.04905,9.82962
115691918035,21.9,-0.05965535383316618,-0.06923721142661506,0.0,0.14715,-0.07848000000000001,9.819809999999999
115696968540,21.9,-0.06817256058289851,-0.05859070298944965,0.0,0.2943,-0.08829,9.760950000000001
115702019045,21.9,-0.06710790973918197,-0.03728023282259888,0.0,0.35316,-0.08829,9.81
115707069550,21.9,-0.06391395720803235,-0.00958185759344887,0.0,0.41202000000000005,-0.0981,9.85905
115712120055,21.9,-0.05646140130201656,0.03089232776029963,0.0,0.34335000000000004,-0.11772,9.908100000000001
115717170560,21.9,-0.05539675045830002,0.07670722062515077,0.0,0.1962,-0.15696000000000002,9.94734
115722221065,21.9,-0.05859070298944965,0.09693558665576507,0.0,0.0,-0.11772,9.888480000000001
115727271570,21.9,-0.05752605214573309,0.10759954838545042,0.0,-0.21582,-0.10791,9.819809999999999
115732322075,21.9,-0.060720004676882725,0.10545279340549739,0.0,-0.42183,-0.13734000000000002,9.69228
115737372580,21.9,-0.05752605214573309,0.08309512568745003,0.0,-0.59841,-0.11772,9.70209
115742423085,21.9,-0.05113814708343386,0.03728023282259888,0.0,-0.6867000000000001,-0.10791,9.73152
115747473590,21.9,-0.049008845396000776,-0.028763026072866547,0.0,-0.69651,-0.06867000000000001,9.85905
115752524095,21.9,-0.04794419455228423,-0.08948303074974927,0.0,-0.5493600000000001,-0.0981,9.908100000000001
115757574600,21.9,-0.049008845396000776,-0.13421581947836395,0.0,-0.23544,-0.11772,9.91791
115762625105,21.9,-0.05326744877086694,-0.14487978120804929,0.0,0.02943,-0.12753,9.908100000000001
115767675610,21.9,-0.05859070298944965,-0.13102186694721432,0.0,0.35316,-0.13734000000000002,9.81
115772726115,21.9,-0.05859070298944965,-0.09906488834319814,0.0,0.56898,-0.10791,9.79038
115777776620,21.9,-0.05326744877086694,-0.05326744877086694,0.0,0.72594,-0.13734000000000002,9.751140000000001
115782827125,21.9,-0.049008845396000776,-0.005323254218582705,0.0,0.74556,-0.12753,9.78057
115787877630,21.9,-0.05646140130201656,0.03728023282259888,0.0,0.63765,-0.0981,9.79038
115792928135,21.9,-0.05859070298944965,0.09054768159346581,0.0,0.46107000000000004,-0.13734000000000002,9.87867
115797978640,21.9,-0.05326744877086694,0.13208651779093086,0.0,0.1962,-0.13734000000000002,9.87867
115803029145,21.9,-0.054332099614583476,0.14275047952061623,0.0,-0.08829,-0.15696000000000002,9.908100000000001
115808079650,21.9,-0.05326744877086694,0.13634512116579703,0.0,-0.38259000000000004,-0.13734000000000002,9.819809999999999
115813130155,21.9,-0.05539675045830002,0.11185815176031658,0.0,-0.5886,-0.12753,9.7119
115818180660,21.9,-0.05220279792715039,0.07349581480148122,0.0,-0.7749900000000001,-0.11772,9.72171
115823231165,21.9,-0.046879543708567686,0.023439771854283843,0.0,-0.8142300000000001,-0.08829,9.72171
115828281670,21.9,-0.05113814708343386,-0.02556907354171693,0.0,-0.75537,-0.15696000000000002,9.78057
115833332175,21.9,-0.06284930636431581,-0.07136651311404815,0.0,-0.63765,-0.16677000000000003,9.91791
115838382680,21.9,-0.06604325889546543,-0.11505210429146619,0.0,-0.44145,-0.14715,9.96696
115843433185,21.9,-0.07030186227033158,-0.12463396188491506,0.0,-0.1962,-0.20601000000000003,9.96696
115848483690,21.9,-0.06178465552059926,-0.13208651779093086,0.0,0.06867000000000001,-0.20601000000000003,9.96696
115853534195,21.9,-0.054332099614583476,-0.12569861272863161,0.0,0.36297,-0.23544,9.80019
115858584700,21.9,-0.05113814708343386,-0.09800023749948161,0.0,0.57879,-0.23544,9.819809999999999
115863635205,21.9,-0.05113814708343386,-0.04794419455228423,0.0,0.6768900000000001,-0.24525000000000002,9.83943
115868685710,21.9,-0.046879543708567686,0.0170518667919846,0.0,0.6867000000000001,-0.21582,9.81
115873736215,21.9,-0.04794419455228423,0.06817256058289851,0.0,0.5591700000000001,-0.25506,9.888480000000001
115878786720,21.9,-0.04794419455228423,0.08948303074974927,0.0,0.34335000000000004,-0.20601000000000003,9.92772
115883837225,21.9,-0.039409534510031964,0.10012953918691468,0.0,0.11772,-0.20601000000000003,9.83943
115888887730,21.9,-0.031956978604016174,0.09800023749948161,0.0,-0.10791,-0.16677000000000003,9.80019
115893938235,21.9,-0.02982767691658309,0.0852244273748831,0.0,-0.23544,-0.15696000000000002,9.7119
115898988740,21.9,-0.03089232776029963,0.06497860805174888,0.0,-0.37278,-0.11772,9.64323
115904039245,21.9,-0.03515093113516579,0.03515093113516579,0.0,-0.45126,-0.10791,9.57456
115909089750,21.9,-0.039409534510031964,0.001064650843716541,0.0,-0.45126,-0.07848000000000001,9.66285
115914140255,21.9,-0.05113814708343386,-0.02769837522915001,0.0,-0.41202000000000005,-0.12753,9.7119
115919190760,21.9,-0.05752605214573309,-0.05113814708343386,0.0,-0.33354000000000006,-0.13734000000000002,9.819809999999999
115924241265,21.9,-0.05965535383316618,-0.06284930636431581,0.0,-0.22563,-0.16677000000000003,9.888480000000001
115929291770,21.9,-0.06178465552059926,-0.06923721142661506,0.0,-0.08829,-0.17658,9.86886
115934342275,21.9,-0.060720004676882725,-0.07777187146886733,0.0,0.07848000000000001,-0.20601000000000003,9.83943
115939392780,21.9,-0.05965535383316618,-0.07243116395776468,0.0,0.25506,-0.21582,9.819809999999999
115944443285,21.9,-0.06817256058289851,-0.060720004676882725,0.0,0.37278,-0.23544,9.79038
115949493790,21.9,-0.06604325889546543,-0.028763026072866547,0.0,0.44145,-0.26487,9.819809999999999
115954544295,21.9,-0.06710790973918197,0.011711159280881954,0.0,0.43164,-0.30411,9.92772
115959594800,21.9,-0.05859070298944965,0.033021629447732716,0.0,0.36297,-0.32373,9.95715
115964645305,21.9,-0.05220279792715039,0.05220279792715039,0.0,0.27468000000000004,-0.28449,9.95715
115969695810,21.9,-0.04794419455228423,0.07456046564519776,0.0,0.10791,-0.26487,9.95715
115974746315,21.9,-0.04366813788489812,0.08628907821859966,0.0,-0.06867000000000001,-0.27468000000000004,9.81
115979796820,21.9,-0.04153883619746504,0.09374163412461543,0.0,-0.21582,-0.27468000000000004,9.65304
115984847325,21.9,-0.0404741853537485,0.09267698328089889,0.0,-0.41202000000000005,-0.24525000000000002,9.6138
115989897830,21.9,-0.04366813788489812,0.06817256058289851,0.0,-0.57879,-0.1962,9.633420000000001
115994948335,21.9,-0.039409534510031964,0.05007349623971732,0.0,-0.6867000000000001,-0.1962,9.72171
115999998840,21.9,-0.03834488366631542,0.02663372438543347,0.0,-0.7651800000000001,-0.20601000000000003,9.85905
116005049345,21.9,-0.04366813788489812,-0.006387905062299246,0.0,-0.7848,-0.21582,9.94734
116010099850,21.9,-0.05539675045830002,-0.039409534510031964,0.0,-0.71613,-0.22563,9.908100000000001
116015150355,21.9,-0.05646140130201656,-0.07670722062515077,0.0,-0.5591700000000001,-0.24525000000000002,9.937529999999999
116020200860,21.9,-0.06284930636431581,-0.11079350091660004,0.0,-0.31392000000000003,-0.2943,9.937529999999999
116025251365,21.9,-0.05965535383316618,-0.12676326357234816,0.0,-0.04905,-0.30411,9.85905
116030301870,21.9,-0.05646140130201656,-0.1416858286768997,0.0,0.20601000000000003,-0.33354000000000006,9.95715
116035352375,21.9,-0.054332099614583476,-0.14275047952061623,0.0,0.50031,-0.33354000000000006,9.98658
116040402880,21.9,-0.049008845396000776,-0.11292280260403312,0.0,0.7651800000000001,-0.35316,9.97677
116045453385,21.9,-0.05220279792715039,-0.06817256058289851,0.0,0.9123300000000001,-0.38259000000000004,10.045440000000001
116050503890,21.9,-0.05220279792715039,-0.008517206749732328,0.0,0.94176,-0.36297,9.95715
116055554395,21.9,-0.0404741853537485,0.054332099614583476,0.0,0.85347,-0.37278,9.819809999999999
116060604900,21.9,-0.02982767691658309,0.10225884087434776,0.0,0.64746,-0.2943,9.80019
116065655405,21.9,-0.02769837522915001,0.12037535851004891,0.0,0.41202000000000005,-0.2943,9.72171
116070705910,21.9,-0.023439771854283843,0.1352804703220805,0.0,0.11772,-0.25506,9.67266
116075756415,21.9,-0.021310470166850764,0.14381513036433274,0.0,-0.15696000000000002,-0.22563,9.70209
116080806920,21.9,-0.024504422698000388,0.1278279144160647,0.0,-0.45126,-0.20601000000000003,9.751140000000001
116085857425,21.9,-0.024504422698000388,0.10545279340549739,0.0,-0.63765,-0.16677000000000003,9.7119
116090907930,21.9,-0.031956978604016174,0.06604325889546543,0.0,-0.80442,-0.1962,9.72171
116095958435,21.9,-0.0404741853537485,0.005323254218582705,0.0,-0.84366,-0.1962,9.751140000000001
116101008940,21.9,-0.046879543708567686,-0.04260348704118158,0.0,-0.74556,-0.18639,9.65304
116106059445,21.9,-0.05007349623971732,-0.0756251164889143,0.0,-0.56898,-0.1962,9.70209
116111109950,21.9,-0.05539675045830002,-0.10225884087434776,0.0,-0.3924,-0.22563,9.74133
116116160455,21.9,-0.05752605214573309,-0.11292280260403312,0.0,-0.14715,-0.27468000000000004,9.80019
116121210960,21.9,-0.05965535383316618,-0.11292280260403312,0.0,0.06867000000000001,-0.33354000000000006,9.908100000000001
116126261465,21.9,-0.06604325889546543,-0.09267698328089889,0.0,0.23544,-0.33354000000000006,9.98658
116131311970,21.9,-0.06923721142661506,-0.05965535383316618,0.0,0.38259000000000004,-0.36297,9.94734
116136362475,21.9,-0.06284930636431581,-0.01918116847941768,0.0,0.41202000000000005,-0.43164,9.95715
116141412980,21.9,-0.05965535383316618,0.013840460968315033,0.0,0.40221,-0.41202000000000005,9.91791
116146463485,21.9,-0.05007349623971732,0.04366813788489812,0.0,0.30411,-0.42183,9.86886
116151513990,21.9,-0.04260348704118158,0.05539675045830002,0.0,0.23544,-0.42183,9.937529999999999
116156564495,21.9,-0.03515093113516579,0.05007349623971732,0.0,0.11772,-0.3924,9.89829
116161615000,21.9,-0.04153883619746504,0.04260348704118158,0.0,0.009810000000000001,-0.40221,9.89829
116166665505,21.9,-0.03621558197888234,0.028763026072866547,0.0,-0.04905,-0.37278,9.937529999999999
116171716010,21.9,-0.024504422698000388,0.014905111812031574,0.0,-0.11772,-0.33354000000000006,9.89829
116176766515,21.9,-0.01811651763570114,0.003193952531149623,0.0,-0.10791,-0.32373,9.770760000000001
116181817020,21.9,-0.01811651763570114,0.002129301687433082,0.0,-0.10791,-0.30411,9.79038
116186867525,21.9,-0.020245819323134222,-0.001064650843716541,0.0,-0.08829,-0.28449,9.770760000000001
116191918030,21.9,-0.022375121010567305,0.0,0.0,-0.0981,-0.26487,9.79038
116196968535,21.9,-0.02556907354171693,0.014905111812031574,0.0,-0.0981,-0.26487,9.79038
116202019040,21.9,-0.03408628029144926,0.03408628029144926,0.0,-0.16677000000000003,-0.25506,9.79038
116207069545,21.9,-0.031956978604016174,0.03621558197888234,0.0,-0.23544,-0.25506,9.819809999999999
116212120050,21.9,-0.0404741853537485,0.03728023282259888,0.0,-0.33354000000000006,-0.26487,9.84924
116217170555,21.9,-0.044732788728614664,0.0170518667919846,0.0,-0.3924,-0.2943,9.83943
116222221060,21.9,-0.044732788728614664,-0.01918116847941768,0.0,-0.38259000000000004,-0.28449,9.7119
116227271565,21.9,-0.05220279792715039,-0.05539675045830002,0.0,-0.27468000000000004,-0.31392000000000003,9.7119
116232322070,21.9,-0.05113814708343386,-0.08309512568745003,0.0,-0.06867000000000001,-0.34335000000000004,9.69228
116237372575,21.9,-0.05113814708343386,-0.09800023749948161,0.0,0.13734000000000002,-0.36297,9.81
116242423080,21.9,-0.04366813788489812,-0.10332349171806432,0.0,0.35316,-0.38259000000000004,9.888480000000001
116247473585,21.9,-0.04581489286485115,-0.08841837990603273,0.0,0.5493600000000001,-0.40221,9.92772
116252524090,21.9,-0.04153883619746504,-0.04581489286485115,0.0,0.6278400000000001,-0.37278,9.89829
116257574595,21.9,-0.03728023282259888,0.013840460968315033,0.0,0.63765,-0.41202000000000005,9.819809999999999
116262625100,21.9,-0.03408628029144926,0.08309512568745003,0.0,0.50031,-0.40221,9.81
116267675605,21.9,-0.033021629447732716,0.13955652698946658,0.0,0.22563,-0.37278,9.78057
116272726110,21.9,-0.03408628029144926,0.15978489302008084,0.0,-0.0981,-0.36297,9.82962
116277776615,21.9,-0.03515093113516579,0.14381513036433274,0.0,-0.41202000000000005,-0.33354000000000006,9.770760000000001
116282827120,21.9,-0.03621558197888234,0.09800023749948161,0.0,-0.63765,-0.32373,9.770760000000001
116287877625,21.9,-0.03728023282259888,0.04153883619746504,0.0,-0.73575,-0.32373,9.83943
116292928130,21.9,-0.033021629447732716,-0.022375121010567305,0.0,-0.72594,-0.32373,9.888480000000001
116297978635,21.9,-0.023439771854283843,-0.08203047484373349,0.0,-0.56898,-0.34335000000000004,9.91791
116303029140,21.9,-0.03408628029144926,-0.11824605682261582,0.0,-0.32373,-0.35316,9.84924
116308079645,21.9,-0.039409534510031964,-0.12356931104119852,0.0,-0.07848000000000001,-0.38259000000000004,9.85905
116313130150,21.9,-0.04581489286485115,-0.11292280260403312,0.0,0.16677000000000003,-0.42183,9.86886
116318180655,21.9,-0.04260348704118158,-0.08203047484373349,0.0,0.33354000000000006,-0.42183,9.87867
116323231160,21.9,-0.044732788728614664,-0.03834488366631542,0.0,0.46107000000000004,-0.45126,9.888480000000001
116328281665,21.9,-0.03621558197888234,-0.0170518667919846,0.0,0.48069000000000006,-0.43164,9.92772
116333332170,21.9,-0.02982767691658309,0.0,0.0,0.45126,-0.41202000000000005,9.87867
116338382675,21.9,-0.023439771854283843,0.024504422698000388,0.0,0.45126,-0.43164,9.89829
116343433180,21.9,-0.028763026072866547,0.0404741853537485,0.0,0.35316,-0.42183,9.86886
116348483685,21.9,-0.02663372438543347,0.05539675045830002,0.0,0.24525000000000002,-0.37278,9.80019
116353534190,21.9,-0.021310470166850764,0.07883652231258387,0.0,0.08829,-0.36297,9.72171
116358584695,21.9,-0.0170518667919846,0.09693558665576507,0.0,-0.13734000000000002,-0.34335000000000004,9.69228
116363635200,21.9,-0.021310470166850764,0.09800023749948161,0.0,-0.33354000000000006,-0.33354000000000006,9.79038
116368685705,21.9,-0.02769837522915001,0.07670722062515077,0.0,-0.5395500000000001,-0.32373,9.819809999999999
116373736210,21.9,-0.02769837522915001,0.03408628029144926,0.0,-0.5886,-0.32373,9.760950000000001
116378786715,21.9,-0.033021629447732716,-0.008517206749732328,0.0,-0.57879,-0.32373,9.65304
116383837220,21.9,-0.03621558197888234,-0.06284930636431581,0.0,-0.45126,-0.34335000000000004,9.633420000000001
116388887725,21.9,-0.033021629447732716,-0.11931070766633237,0.0,-0.20601000000000003,-0.35316,9.73152
116393938230,21.9,-0.031956978604016174,-0.1352804703220805,0.0,0.08829,-0.3924,9.78057
116398988735,21.9,-0.028763026072866547,-0.10332349171806432,0.0,0.30411,-0.3924,9.83943
116404039240,21.9,-0.03408628029144926,-0.05752605214573309,0.0,0.41202000000000005,-0.40221,9.86886
116409089745,21.9,-0.03834488366631542,-0.013840460968315033,0.0,0.50031,-0.41202000000000005,9.87867
116414140250,21.9,-0.04794419455228423,0.021310470166850764,0.0,0.42183,-0.40221,9.83943
116419190755,21.9,-0.04581489286485115,0.049008845396000776,0.0,0.32373,-0.43164,9.80019
116424241260,21.9,-0.04153883619746504,0.05646140130201656,0.0,0.20601000000000003,-0.43164,9.819809999999999
116429291765,21.9,-0.033021629447732716,0.05007349623971732,0.0,0.0981,-0.44145,9.91791
116434342270,21.9,-0.02663372438543347,0.04366813788489812,0.0,-0.02943,-0.44145,10.074869999999999
116439392775,21.9,-0.02663372438543347,0.044732788728614664,0.0,-0.11772,-0.44145,10.045440000000001
116444443280,21.9,-0.03089232776029963,0.04581489286485115,0.0,-0.1962,-0.47088,10.006200000000002
116449493785,21.9,-0.03834488366631542,0.04581489286485115,0.0,-0.27468000000000004,-0.46107000000000004,9.94734
116454544290,21.9,-0.03728023282259888,0.03408628029144926,0.0,-0.36297,-0.47088,9.819809999999999
116459594795,21.9,-0.03515093113516579,0.007452555906015787,0.0,-0.35316,-0.47088,9.72171
116464645300,21.9,-0.023439771854283843,-0.03834488366631542,0.0,-0.2943,-0.43164,9.7119
116469695805,21.9,-0.015987215948268057,-0.06497860805174888,0.0,-0.17658,-0.45126,9.80019
116474746310,21.9,-0.005323254218582705,-0.06710790973918197,0.0,-0.019620000000000002,-0.47088,9.85905
116479796815,21.9,-0.012775810124598492,-0.06178465552059926,0.0,0.13734000000000002,-0.43164,9.937529999999999
116484847320,21.9,-0.0170518667919846,-0.039409534510031964,0.0,0.22563,-0.43164,9.888480000000001
116489897825,21.9,-0.024504422698000388,-0.004258603374866164,0.0,0.25506,-0.41202000000000005,9.80019
116494948330,21.9,-0.01811651763570114,0.022375121010567305,0.0,0.23544,-0.42183,9.65304
116499998835,21.9,-0.013840460968315033,0.028763026072866547,0.0,0.14715,-0.36297,9.623610000000001
116505049340,21.9,-0.015987215948268057,0.01811651763570114,0.0,0.10791,-0.36297,9.60399
116510099845,21.9,-0.011711159280881954,0.012775810124598492,0.0,0.08829,-0.34335000000000004,9.68247
116515150350,21.9,-0.01064650843716541,0.013840460968315033,0.0,0.039240000000000004,-0.32373,9.81
116520200855,21.9,-0.022375121010567305,0.023439771854283843,-0.006387905062299246,-0.019620000000000002,-0.37278,9.888480000000001
116525251360,21.9,-0.03408628029144926,0.02556907354171693,-0.003193952531149623,-0.07848000000000001,-0.37278,9.92772
116530301865,21.9,-0.0404741853537485,0.024504422698000388,0.0,-0.11772,-0.37278,9.819809999999999
116535352370,21.9,-0.049008845396000776,0.021310470166850764,0.0,-0.15696000000000002,-0.3924,9.69228
116540402875,21.9,-0.04260348704118158,0.00958185759344887,0.002129301687433082,-0.17658,-0.41202000000000005,9.633420000000001
116545453380,21.9,-0.03834488366631542,-0.006387905062299246,0.0,-0.12753,-0.40221,9.72171
116550503885,21.9,-0.033021629447732716,-0.028763026072866547,0.001064650843716541,-0.11772,-0.46107000000000004,9.86886
116555554390,21.9,-0.03728023282259888,-0.03515093113516579,-0.001064650843716541,-0.07848000000000001,-0.49050000000000005,10.025820000000001
116560604895,21.9,-0.04366813788489812,-0.028763026072866547,0.0,-0.009810000000000001,-0.51012,10.1043
116565655400,21.9,-0.049008845396000776,-0.023439771854283843,-0.001064650843716541,0.05886,-0.5591700000000001,10.006200000000002
116570705905,21.9,-0.04260348704118158,-0.014905111812031574,0.0,0.07848000000000001,-0.5591700000000001,9.92772
116575756410,21.9,-0.03089232776029963,-0.004258603374866164,0.001064650843716541,0.10791,-0.5493600000000001,9.89829
116580806915,21.9,-0.020245819323134222,-0.001064650843716541,0.0,0.12753,-0.5395500000000001,9.81
116585857420,21.9,-0.014905111812031574,0.005323254218582705,-0.001064650843716541,0.11772,-0.56898,9.87867
116590907925,21.9,-0.013840460968315033,0.022375121010567305,-0.002129301687433082,0.039240000000000004,-0.5493600000000001,9.91791
116595958430,21.9,-0.01811651763570114,0.015987215948268057,-0.002129301687433082,0.009810000000000001,-0.50031,9.92772
116601008935,21.9,-0.013840460968315033,-0.001064650843716541,-0.002129301687433082,-0.009810000000000001,-0.51993,9.97677
116606059440,21.9,-0.007452555906015787,-0.005323254218582705,0.0,-0.009810000000000001,-0.47088,9.92772
116611109945,21.9,0.006387905062299246,0.004258603374866164,0.0,0.009810000000000001,-0.44145,9.84924
116616160450,21.9,0.006387905062299246,0.01811651763570114,-0.002129301687433082,0.0,-0.41202000000000005,9.751140000000001
116621210955,21.9,0.004258603374866164,0.02982767691658309,0.001064650843716541,-0.04905,-0.40221,9.65304
116626261460,21.9,-0.004258603374866164,0.024504422698000388,-0.001064650843716541,-0.06867000000000001,-0.37278,9.5157
116631311965,21.9,-0.011711159280881954,-0.005323254218582705,0.001064650843716541,-0.10791,-0.37278,9.64323
116636362470,21.9,-0.013840460968315033,-0.02769837522915001,0.0,-0.06867000000000001,-0.38259000000000004,9.70209
116641412975,21.9,-0.014905111812031574,-0.0404741853537485,0.0,-0.019620000000000002,-0.35316,9.78057
116646463480,21.9,-0.014905111812031574,-0.0404741853537485,-0.003193952531149623,0.06867000000000001,-0.35316,9.888480000000001
116651513985,21.9,-0.012775810124598492,-0.022375121010567305,-0.001064650843716541,0.13734000000000002,-0.38259000000000004,9.86886
116656564490,21.9,-0.0170518667919846,-0.004258603374866164,0.002129301687433082,0.17658,-0.3924,9.73152
116661614995,21.9,-0.03728023282259888,0.01064650843716541,0.002129301687433082,0.17658,-0.42183,9.67266
116666665500,21.9,-0.04260348704118158,0.023439771854283843,0.001064650843716541,0.10791,-0.41202000000000005,9.6138
116671716005,21.9,-0.044732788728614664,0.03621558197888234,-0.002129301687433082,0.04905,-0.44145,9.623610000000001
116676766510,21.9,-0.03621558197888234,0.031956978604016174,0.0,-0.019620000000000002,-0.48069000000000006,9.81
116681817015,21.9,-0.02769837522915001,0.022375121010567305,0.0,-0.0981,-0.48069000000000006,9.937529999999999
116686867520,21.9,-0.03089232776029963,0.0170518667919846,-0.003193952531149623,-0.15696000000000002,-0.51012,10.045440000000001
116691918025,21.9,-0.028763026072866547,0.005323254218582705,0.0,-0.16677000000000003,-0.51993,10.03563
116696968530,21.9,-0.03089232776029963,-0.001064650843716541,-0.002129301687433082,-0.16677000000000003,-0.5395500000000001,9.83943
116702019035,21.9,-0.02769837522915001,-0.0170518667919846,0.002129301687433082,-0.08829,-0.5493600000000001,9.69228
116707069540,21.9,-0.02769837522915001,-0.02663372438543347,0.0,-0.05886,-0.51993,9.72171
116712120045,21.9,-0.01918116847941768,-0.02982767691658309,0.001064650843716541,0.019620000000000002,-0.5591700000000001,9.819809999999999
116717170550,21.9,-0.015987215948268057,-0.028763026072866547,-0.001064650843716541,0.039240000000000004,-0.5591700000000001,9.94734
116722221055,21.9,-0.013840460968315033,-0.028763026072866547,-0.002129301687433082,0.08829,-0.5591700000000001,10.06506
116727271560,21.9,-0.007452555906015787,-0.01918116847941768,-0.001064650843716541,0.15696000000000002,-0.52974,10.045440000000001
116732322065,21.9,0.0,-0.00958185759344887,0.0,0.16677000000000003,-0.51012,9.91791
116737372570,21.9,0.002129301687433082,0.00958185759344887,0.0,0.16677000000000003,-0.48069000000000006,9.82962
116742423075,21.9,0.004258603374866164,0.033021629447732716,0.002129301687433082,0.11772,-0.47088,9.73152
116747473580,21.9,0.0,0.0404741853537485,0.001064650843716541,0.009810000000000001,-0.45126,9.69228
116752524085,21.9,-0.004258603374866164,0.03728023282259888,0.0,-0.05886,-0.41202000000000005,9.770760000000001
116757574590,21.9,-0.005323254218582705,0.01918116847941768,0.001064650843716541,-0.0981,-0.41202000000000005,9.80019
116762625095,21.9,-0.00958185759344887,-0.002129301687433082,-0.001064650843716541,-0.12753,-0.43164,9.83943
116767675600,21.9,-0.005323254218582705,-0.011711159280881954,0.0,-0.0981,-0.42183,9.95715
116772726105,21.9,-0.004258603374866164,-0.01811651763570114,0.0,-0.07848000000000001,-0.44145,9.89829
116777776610,21.9,-0.008517206749732328,-0.0170518667919846,-0.001064650843716541,-0.02943,-0.45126,9.819809999999999
116782827115,21.9,-0.0170518667919846,-0.014905111812031574,-0.001064650843716541,0.019620000000000002,-0.44145,9.72171
116787877620,21.9,-0.021310470166850764,-0.00958185759344887,0.001064650843716541,0.05886,-0.46107000000000004,9.633420000000001
116792928125,21.9,-0.02556907354171693,-0.006387905062299246,0.0,0.08829,-0.48069000000000006,9.66285
116797978630,21.9,-0.02982767691658309,-0.003193952531149623,0.001064650843716541,0.06867000000000001,-0.49050000000000005,9.85905
116803029135,21.9,-0.023439771854283843,-0.005323254218582705,-0.001064650843716541,0.06867000000000001,-0.51012,9.98658
116808079640,21.9,-0.02556907354171693,-0.002129301687433082,-0.001064650843716541,0.05886,-0.52974,10.06506
116813130145,21.9,-0.021310470166850764,-0.005323254218582705,-0.001064650843716541,0.06867000000000001,-0.5395500000000001,9.98658
116818180650,21.9,-0.015987215948268057,0.003193952531149623,-0.001064650843716541,0.08829,-0.52974,9.751140000000001
116823231155,21.9,-0.012775810124598492,0.012775810124598492,-0.001064650843716541,0.0981,-0.5395500000000001,9.60399
116828281660,21.9,-0.00958185759344887,0.022375121010567305,0.0,0.05886,-0.51012,9.60399
116833332165,21.9,-0.006387905062299246,0.023439771854283843,-0.001064650843716541,0.019620000000000002,-0.48069000000000006,9.633420000000001
116838382670,21.9,-0.004258603374866164,0.014905111812031574,0.002129301687433082,-0.019620000000000002,-0.50031,9.78057
116843433175,21.9,-0.002129301687433082,-0.001064650843716541,0.002129301687433082,-0.05886,-0.49050000000000005,9.95715
116848483680,21.9,-0.002129301687433082,-0.002129301687433082,0.0,-0.05886,-0.47088,9.96696
116853534185,21.9,-0.005323254218582705,-0.004258603374866164,0.0,-0.04905,-0.50031,9.97677
116858584690,21.9,-0.003193952531149623,-0.002129301687433082,0.001064650843716541,-0.04905,-0.46107000000000004,9.89829
116863635195,21.9,-0.005323254218582705,0.0,0.0,0.0,-0.48069000000000006,9.69228
116868685700,21.9,-0.008517206749732328,-0.007452555906015787,0.001064650843716541,0.009810000000000001,-0.46107000000000004,9.58437
116873736205,21.9,-0.007452555906015787,-0.01064650843716541,0.0,0.02943,-0.46107000000000004,9.633420000000001
116878786710,21.9,-0.005323254218582705,-0.01064650843716541,-0.001064650843716541,0.019620000000000002,-0.44145,9.74133
116883837215,21.9,-0.005323254218582705,-0.011711159280881954,0.0,0.039240000000000004,-0.47088,9.937529999999999
116888887720,21.9,-0.008517206749732328,-0.01064650843716541,0.001064650843716541,0.04905,-0.45126,10.01601
116893938225,21.9,-0.013840460968315033,-0.008517206749732328,0.0,0.07848000000000001,-0.49050000000000005,9.92772
116898988730,21.9,-0.0170518667919846,-0.006387905062299246,0.0,0.12753,-0.50031,9.84924
116904039235,21.9,-0.01918116847941768,0.006387905062299246,-0.002129301687433082,0.12753,-0.50031,9.78057
116909089740,21.9,-0.011711159280881954,0.014905111812031574,0.001064650843716541,0.0981,-0.51012,9.79038
116914140245,21.9,-0.013840460968315033,0.020245819323134222,0.0,0.039240000000000004,-0.51012,9.83943
116919190750,21.9,-0.0170518667919846,0.013840460968315033,-0.001064650843716541,0.009810000000000001,-0.52974,9.91791
116924241255,21.9,-0.020245819323134222,0.00958185759344887,-0.002129301687433082,-0.02943,-0.5395500000000001,9.96696
116929291760,21.9,-0.015987215948268057,0.0,0.003193952531149623,-0.06867000000000001,-0.5395500000000001,10.006200000000002
116934342265,21.9,-0.014905111812031574,0.003193952531149623,-0.002129301687433082,-0.019620000000000002,-0.56898,10.006200000000002
116939392770,21.9,-0.005323254218582705,0.002129301687433082,0.0,-0.019620000000000002,-0.5493600000000001,9.85905
116944443275,21.9,0.0,-0.00958185759344887,0.0,0.0,-0.5493600000000001,9.74133
116949493780,21.9,0.002129301687433082,-0.01064650843716541,-0.002129301687433082,0.039240000000000004,-0.5493600000000001,9.60399
116954544285,21.9,0.005323254218582705,-0.007452555906015787,0.0,0.08829,-0.50031,9.57456
116959594790,21.9,0.00958185759344887,0.0,0.0,0.05886,-0.50031,9.68247
116964645295,21.9,0.00958185759344887,0.005323254218582705,-0.001064650843716541,0.06867000000000001,-0.48069000000000006,9.83943
116969695800,21.9,0.005323254218582705,0.005323254218582705,0.001064650843716541,0.0,-0.45126,9.84924
116974746305,21.9,0.001064650843716541,-0.006387905062299246,0.0,0.009810000000000001,-0.45126,9.82962
116979796810,21.9,0.003193952531149623,-0.008517206749732328,0.0,0.039240000000000004,-0.42183,9.751140000000001
116984847315,21.9,0.005323254218582705,0.0,-0.001064650843716541,0.07848000000000001,-0.44145,9.65304
116989897820,21.9,0.004258603374866164,0.00958185759344887,0.0,0.039240000000000004,-0.42183,9.72171
116994948325,21.9,-0.002129301687433082,0.006387905062299246,0.002129301687433082,0.019620000000000002,-0.41202000000000005,9.770760000000001
116999998830,21.9,-0.013840460968315033,0.002129301687433082,0.001064650843716541,0.0,-0.45126,9.81
117005049335,21.9,-0.020245819323134222,-0.008517206749732328,-0.001064650843716541,0.009810000000000001,-0.45126,9.94734
117010099840,21.9,-0.024504422698000388,-0.005323254218582705,-0.001064650843716541,0.009810000000000001,-0.50031,9.98658
117015150345,21.9,-0.0170518667919846,-0.003193952531149623,0.0,0.02943,-0.5395500000000001,9.99639
117020200850,21.9,-0.01918116847941768,-0.001064650843716541,0.0,0.039240000000000004,-0.5493600000000001,10.03563
117025251355,21.9,-0.0170518667919846,-0.004258603374866164,0.0,0.039240000000000004,-0.5886,9.937529999999999
117030301860,21.9,-0.015987215948268057,-0.008517206749732328,0.0,0.08829,-0.60822,9.770760000000001
117035352365,21.9,-0.020245819323134222,-0.008517206749732328,0.0,0.12753,-0.60822,9.74133
117040402870,21.9,-0.011711159280881954,-0.002129301687433082,0.0,0.15696000000000002,-0.57879,9.81
117045453375,21.9,-0.002129301687433082,0.0,0.0,0.0981,-0.60822,9.91791
117050503880,21.9,0.0,0.004258603374866164,0.0,0.07848000000000001,-0.60822,10.03563
117055554385,21.9,0.00958185759344887,0.002129301687433082,0.0,0.06867000000000001,-0.57879,9.99639
117060604890,21.9,0.011711159280881954,0.004258603374866164,0.0,0.08829,-0.5591700000000001,9.819809999999999
117065655395,21.9,0.015987215948268057,0.013840460968315033,0.0,0.05886,-0.52974,9.69228
117070705900,21.9,0.015987215948268057,0.0170518667919846,0.0,0.05886,-0.49050000000000005,9.623610000000001
117075756405,21.9,0.0170518667919846,0.014905111812031574,0.0,0.019620000000000002,-0.46107000000000004,9.65304
117080806910,21.9,0.01918116847941768,-0.004258603374866164,0.0,0.019620000000000002,-0.44145,9.73152
117085857415,21.9,0.0170518667919846,-0.011711159280881954,0.0,0.019620000000000002,-0.44145,9.751140000000001
117090907920,21.9,0.01811651763570114,-0.00958185759344887,0.0,0.039240000000000004,-0.42183,9.760950000000001
117095958425,21.9,0.01064650843716541,0.002129301687433082,0.0,0.07848000000000001,-0.41202000000000005,9.85905
117101008930,21.9,0.004258603374866164,0.01064650843716541,0.0,0.06867000000000001,-0.3924,9.760950000000001
117106059435,21.9,-0.004258603374866164,0.011711159280881954,0.0,0.019620000000000002,-0.41202000000000005,9.64323
117111109940,21.9,-0.011711159280881954,0.00958185759344887,0.0,0.0,-0.41202000000000005,9.6138
117116160445,21.9,-0.005323254218582705,0.004258603374866164,0.0,0.019620000000000002,-0.44145,9.57456
117121210950,21.9,-0.007452555906015787,0.0,0.0,0.0,-0.45126,9.65304
117126261455,21.9,-0.014905111812031574,-0.002129301687433082,0.0,-0.009810000000000001,-0.49050000000000005,9.85905
117131311960,21.9,-0.020245819323134222,-0.008517206749732328,0.0,-0.039240000000000004,-0.51993,9.94734
117136362465,21.9,-0.024504422698000388,-0.014905111812031574,0.0,0.0,-0.51993,9.908100000000001
117141412970,21.9,-0.02556907354171693,-0.01811651763570114,0.0,0.04905,-0.5591700000000001,9.87867
117146463475,21.9,-0.020245819323134222,-0.01811651763570114,0.0,0.07848000000000001,-0.57879,9.80019
117151513980,21.9,-0.011711159280881954,-0.014905111812031574,0.0,0.15696000000000002,-0.5591700000000001,9.751140000000001
117156564485,21.9,-0.007452555906015787,-0.008517206749732328,0.0,0.18639,-0.60822,9.94734
117161614990,21.9,-0.007452555906015787,-0.001064650843716541,0.0,0.17658,-0.57879,9.97677
117166665495,21.9,-0.008517206749732328,0.003193952531149623,0.0,0.15696000000000002,-0.60822,10.074869999999999
117171716000,21.9,-0.007452555906015787,0.002129301687433082,0.0,0.11772,-0.59841,10.09449
117176766505,21.9,0.0,0.014905111812031574,0.0,0.07848000000000001,-0.59841,10.03563
117181817010,21.9,0.00958185759344887,0.022375121010567305,0.0,0.07848000000000001,-0.5886,10.01601
117186867515,21.9,0.01811651763570114,0.024504422698000388,0.0,0.02943,-0.5886,9.95715
117191918020,21.9,0.022375121010567305,0.02663372438543347,0.0,-0.009810000000000001,-0.5591700000000001,9.87867
117196968525,21.9,0.01918116847941768,0.01811651763570114,0.0,-0.06867000000000001,-0.51012,9.819809999999999
117202019030,21.9,0.0170518667919846,0.006387905062299246,0.0,-0.06867000000000001,-0.52974,9.81
117207069535,21.9,0.01918116847941768,-0.005323254218582705,0.0,-0.06867000000000001,-0.47088,9.770760000000001
117212120040,21.9,0.020245819323134222,-0.015987215948268057,0.0,-0.039240000000000004,-0.48069000000000006,9.89829
117217170545,21.9,0.02663372438543347,-0.022375121010567305,0.0,0.0,-0.47088,9.937529999999999
117222221050,21.9,0.02769837522915001,-0.023439771854283843,0.0,0.05886,-0.44145,9.82962
117227271555,21.9,0.022375121010567305,-0.021310470166850764,0.0,0.11772,-0.42183,9.7119
117232322060,21.9,0.014905111812031574,-0.013840460968315033,0.0,0.16677000000000003,-0.42183,9.65304
117237372565,21.9,0.007452555906015787,-0.002129301687433082,0.0,0.18639,-0.45126,9.623610000000001
117242423070,21.9,0.008517206749732328,0.00958185759344887,0.0,0.17658,-0.43164,9.760950000000001
117247473575,21.9,0.001064650843716541,0.015987215948268057,0.0,0.0981,-0.44145,9.92772
117252524080,21.9,0.001064650843716541,0.011711159280881954,0.0,0.04905,-0.44145,9.908100000000001
117257574585,21.9,-0.001064650843716541,-0.001064650843716541,0.0,0.04905,-0.48069000000000006,9.83943
117262625090,21.9,-0.001064650843716541,-0.006387905062299246,0.0,0.07848000000000001,-0.49050000000000005,9.81
117267675595,21.9,0.002129301687433082,0.0,0.0,0.10791,-0.51012,9.67266
117272726100,21.9,0.001064650843716541,0.008517206749732328,0.0,0.11772,-0.51993,9.65304
117277776605,21.9,0.004258603374866164,0.014905111812031574,0.0,0.10791,-0.47088,9.65304
117282827110,21.9,0.001064650843716541,0.012775810124598492,0.0,0.019620000000000002,-0.50031,9.633420000000001
117287877615,21.9,0.004258603374866164,0.004258603374866164,0.0,0.019620000000000002,-0.52974,9.70209
117292928120,21.9,0.008517206749732328,-0.001064650843716541,0.0,0.009810000000000001,-0.48069000000000006,9.79038
117297978625,21.9,0.00958185759344887,0.001064650843716541,0.0,0.039240000000000004,-0.50031,9.84924
117303029130,21.9,0.012775810124598492,0.00958185759344887,0.0,0.0,-0.52974,9.94734
117308079635,21.9,0.00958185759344887,0.011711159280881954,0.0,-0.039240000000000004,-0.50031,9.908100000000001
117313130140,21.9,0.007452555906015787,0.0,0.0,-0.02943,-0.51012,9.82962
117318180645,21.9,0.003193952531149623,-0.0170518667919846,0.0,0.0,-0.50031,9.819809999999999
117323231150,21.9,0.0,-0.02663372438543347,0.0,0.04905,-0.51993,9.89829
117328281655,21.9,0.007452555906015787,-0.02663372438543347,0.0,0.10791,-0.51012,9.888480000000001
117333332160,21.9,0.011711159280881954,-0.0170518667919846,0.0,0.14715,-0.5395500000000001,10.045440000000001
117338382665,21.9,0.014905111812031574,-0.00958185759344887,0.0,0.13734000000000002,-0.51993,10.025820000000001
117343433170,21.9,0.01064650843716541,-0.003193952531149623,0.0,0.17658,-0.5395500000000001,9.86886
117348483675,21.9,0.004258603374866164,-0.003193952531149623,0.0,0.20601000000000003,-0.52974,9.80019
117353534180,21.9,0.011711159280881954,0.0,0.0,0.22563,-0.50031,9.73152
117358584685,21.9,0.0170518667919846,0.006387905062299246,0.0,0.21582,-0.49050000000000005,9.69228
117363635190,21.9,0.024504422698000388,0.005323254218582705,0.0,0.15696000000000002,-0.49050000000000005,9.80019
117368685695,21.9,0.021310470166850764,0.012775810124598492,0.0,0.12753,-0.48069000000000006,9.91791
117373736200,21.9,0.022375121010567305,0.01811651763570114,0.0,0.10791,-0.50031,9.92772
117378786705,21.9,0.012775810124598492,0.021310470166850764,0.0,0.06867000000000001,-0.50031,9.89829
117383837210,21.9,0.011711159280881954,0.01918116847941768,0.0,0.009810000000000001,-0.47088,9.79038
117388887715,21.9,0.01811651763570114,0.01811651763570114,0.0,0.009810000000000001,-0.47088,9.59418
117393938220,21.9,0.020245819323134222,0.007452555906015787,0.0,0.0,-0.43164,9.56475
117398988725,21.9,0.02663372438543347,0.006387905062299246,0.0,0.0,-0.41202000000000005,9.64323
117404039230,21.9,0.02663372438543347,0.007452555906015787,0.0,-0.019620000000000002,-0.43164,9.74133
117409089735,21.9,0.01811651763570114,0.001064650843716541,0.0,-0.05886,-0.43164,9.888480000000001
117414140240,21.9,0.004258603374866164,-0.0170518667919846,0.0,-0.04905,-0.44145,9.908100000000001
117419190745,21.9,-0.001064650843716541,-0.031956978604016174,0.0,0.019620000000000002,-0.45126,9.84924
117424241250,21.9,0.0,-0.03728023282259888,0.0,0.10791,-0.48069000000000006,9.819809999999999
117429291755,21.9,0.00958185759344887,-0.028763026072866547,0.0,0.14715,-0.48069000000000006,9.82962
117434342260,21.9,0.0170518667919846,-0.014905111812031574,0.0,0.1962,-0.49050000000000005,9.819809999999999
117439392765,21.9,0.013840460968315033,0.0,0.0,0.1962,-0.51993,9.83943
117444443270,21.9,0.00958185759344887,0.00958185759344887,0.0,0.1962,-0.51012,9.888480000000001
117449493775,21.9,0.0,0.00958185759344887,0.0,0.18639,-0.5395500000000001,9.888480000000001
117454544280,21.9,-0.003193952531149623,0.00958185759344887,0.0,0.12753,-0.52974,9.96696
117459594785,21.9,0.002129301687433082,0.007452555906015787,0.0,0.10791,-0.5395500000000001,10.01601
117464645290,21.9,0.01918116847941768,0.006387905062299246,0.0,0.12753,-0.5493600000000001,10.006200000000002
117469695795,21.9,0.02556907354171693,0.012775810124598492,0.0,0.08829,-0.5395500000000001,9.96696
117474746300,21.9,0.033021629447732716,0.015987215948268057,0.0,0.04905,-0.50031,9.85905
117479796805,21.9,0.02769837522915001,0.013840460968315033,0.0,0.02943,-0.52974,9.74133
117484847310,21.9,0.01918116847941768,0.00958185759344887,0.0,-0.009810000000000001,-0.50031,9.770760000000001
117489897815,21.9,0.0170518667919846,0.0,0.0,0.009810000000000001,-0.50031,9.70209
117494948320,21.9,0.023439771854283843,-0.013840460968315033,0.0,0.009810000000000001,-0.48069000000000006,9.819809999999999
117499998825,21.9,0.031956978604016174,-0.03408628029144926,0.0,0.07848000000000001,-0.47088,9.89829
117505049330,21.9,0.04366813788489812,-0.03408628029144926,0.0,0.17658,-0.41202000000000005,9.908100000000001
117510099835,21.9,0.046879543708567686,-0.020245819323134222,0.0,0.20601000000000003,-0.42183,9.85905
117515150340,21.9,0.03834488366631542,0.0,0.0,0.23544,-0.40221,9.80019
117520200845,21.9,0.022375121010567305,0.015987215948268057,0.0,0.22563,-0.41202000000000005,9.623610000000001
117525251350,21.9,0.01064650843716541,0.022375121010567305,0.0,0.15696000000000002,-0.38259000000000004,9.58437
117530301855,21.9,0.013840460968315033,0.022375121010567305,0.0,0.08829,-0.40221,9.623610000000001
117535352360,21.9,0.023439771854283843,0.008517206749732328,0.0,0.08829,-0.40221,9.7119
117540402865,21.9,0.033021629447732716,-0.00958185759344887,0.0,0.06867000000000001,-0.41202000000000005,9.86886
117545453370,21.9,0.02982767691658309,-0.015987215948268057,0.0,0.04905,-0.41202000000000005,10.006200000000002
117550503875,21.9,0.024504422698000388,0.0,0.0,0.10791,-0.45126,9.95715
117555554380,21.9,0.006387905062299246,0.0170518667919846,0.0,0.07848000000000001,-0.44145,9.78057
117560604885,21.9,-0.005323254218582705,0.03515093113516579,0.0,0.019620000000000002,-0.44145,9.64323
117565655390,21.9,-0.003193952531149623,0.033021629447732716,0.0,-0.039240000000000004,-0.45126,9.53532
117570705895,21.9,0.005323254218582705,-0.002129301687433082,0.0,-0.04905,-0.44145,9.65304
117575756400,21.9,0.01918116847941768,-0.04260348704118158,0.0,-0.009810000000000001,-0.49050000000000005,9.908100000000001
117580806905,21.9,0.02769837522915001,-0.06710790973918197,0.0,0.13734000000000002,-0.51993,10.09449
117585857410,21.9,0.02556907354171693,-0.05965535383316618,0.0,0.25506,-0.52974,10.12392
117590907915,21.9,0.013840460968315033,-0.033021629447732716,0.0,0.37278,-0.49050000000000005,10.025820000000001
117595958420,21.9,0.00958185759344887,0.015987215948268057,0.0,0.38259000000000004,-0.49050000000000005,9.79038
117601008925,21.9,0.013840460968315033,0.046879543708567686,0.0,0.31392000000000003,-0.51012,9.66285
117606059430,21.9,0.02982767691658309,0.05646140130201656,0.0,0.17658,-0.45126,9.69228
117611109935,21.9,0.03834488366631542,0.05007349623971732,0.0,0.06867000000000001,-0.45126,9.751140000000001
117616160440,21.9,0.0404741853537485,0.023439771854283843,0.0,-0.07848000000000001,-0.44145,9.91791
117621210945,21.9,0.03408628029144926,-0.012775810124598492,0.0,-0.02943,-0.46107000000000004,10.045440000000001
117626261450,21.9,0.02769837522915001,-0.03834488366631542,0.0,0.039240000000000004,-0.46107000000000004,10.01601
117631311955,21.9,0.02556907354171693,-0.046879543708567686,0.0,0.07848000000000001,-0.43164,10.025820000000001
117636362460,21.9,0.03089232776029963,-0.04581489286485115,0.0,0.23544,-0.44145,9.97677
117641412965,21.9,0.03621558197888234,-0.01918116847941768,0.0,0.31392000000000003,-0.42183,9.80019
117646463470,21.9,0.039409534510031964,0.01918116847941768,0.0,0.27468000000000004,-0.43164,9.73152
117651513975,21.9,0.03515093113516579,0.039409534510031964,0.0,0.1962,-0.42183,9.68247
117656564480,21.9,0.02556907354171693,0.04153883619746504,0.0,0.13734000000000002,-0.42183,9.7119
117661614985,21.9,0.013840460968315033,0.024504422698000388,0.0,0.019620000000000002,-0.41202000000000005,9.89829
117666665490,21.9,0.01811651763570114,0.01064650843716541,0.0,-0.04905,-0.44145,10.03563
117671715995,21.9,0.028763026072866547,-0.004258603374866164,0.0,0.0,-0.44145,9.96696
117676766500,21.9,0.03408628029144926,-0.020245819323134222,0.0,0.039240000000000004,-0.43164,9.87867
117681817005,21.9,0.04153883619746504,-0.03408628029144926,0.0,0.13734000000000002,-0.43164,9.70209
117686867510,21.9,0.03728023282259888,-0.03728023282259888,0.0,0.23544,-0.42183,9.58437
117691918015,21.9,0.02663372438543347,-0.028763026072866547,0.0,0.32373,-0.40221,9.53532
117696968520,21.9,0.024504422698000388,0.003193952531149623,0.0,0.30411,-0.43164,9.65304
117702019025,21.9,0.03621558197888234,0.02556907354171693,0.0,0.22563,-0.40221,9.819809999999999
117707069530,21.9,0.02982767691658309,0.03408628029144926,0.0,0.15696000000000002,-0.41202000000000005,10.045440000000001
117712120035,21.9,0.039409534510031964,0.02769837522915001,0.0,0.07848000000000001,-0.3924,10.074869999999999
117717170540,21.9,0.03621558197888234,0.03515093113516579,0.0,0.019620000000000002,-0.3924,9.87867
117722221045,21.9,0.03089232776029963,0.05007349623971732,0.0,-0.02943,-0.38259000000000004,9.70209
117727271550,21.9,0.03089232776029963,0.05326744877086694,0.0,-0.14715,-0.38259000000000004,9.56475
117732322055,21.9,0.024504422698000388,0.03621558197888234,0.0,-0.23544,-0.37278,9.59418
117737372560,21.9,0.023439771854283843,-0.004258603374866164,0.0,-0.22563,-0.3924,9.751140000000001
117742423065,21.9,0.023439771854283843,-0.05539675045830002,0.0,-0.16677000000000003,-0.40221,9.888480000000001
117747473570,21.9,0.02556907354171693,-0.08841837990603273,0.0,-0.009810000000000001,-0.40221,9.98658
117752524075,21.9,0.03089232776029963,-0.10438814256178083,0.0,0.16677000000000003,-0.42183,10.03563
117757574580,21.9,0.03408628029144926,-0.10759954838545042,0.0,0.43164,-0.42183,9.94734
117762625085,21.9,0.033021629447732716,-0.07777187146886733,0.0,0.63765,-0.43164,9.770760000000001
117767675590,21.9,0.02769837522915001,-0.02663372438543347,0.0,0.70632,-0.42183,9.70209
117772726095,21.9,0.03089232776029963,0.01811651763570114,0.0,0.69651,-0.41202000000000005,9.72171
117777776600,21.9,0.028763026072866547,0.060720004676882725,0.0,0.56898,-0.41202000000000005,9.87867
117782827105,21.9,0.03089232776029963,0.08735372906231618,0.0,0.35316,-0.41202000000000005,10.025820000000001
117787877610,21.9,0.03408628029144926,0.10438814256178083,0.0,0.13734000000000002,-0.41202000000000005,10.15335
117792928115,21.9,0.03515093113516579,0.10759954838545042,0.0,-0.10791,-0.41202000000000005,10.2024
117797978620,21.9,0.02982767691658309,0.09693558665576507,0.0,-0.31392000000000003,-0.42183,10.045440000000001
117803029125,21.9,0.02663372438543347,0.07670722062515077,0.0,-0.46107000000000004,-0.41202000000000005,9.888480000000001
117808079630,21.9,0.033021629447732716,0.04366813788489812,0.0,-0.51012,-0.41202000000000005,9.64323
117813130135,21.9,0.03408628029144926,0.004258603374866164,0.0,-0.52974,-0.41202000000000005,9.60399
117818180640,21.9,0.039409534510031964,-0.04581489286485115,0.0,-0.46107000000000004,-0.41202000000000005,9.72171
117823231145,21.9,0.03834488366631542,-0.08841837990603273,0.0,-0.28449,-0.40221,9.82962
117828281650,21.9,0.04153883619746504,-0.11931070766633237,0.0,-0.04905,-0.43164,9.937529999999999
117833332155,21.9,0.046879543708567686,-0.12037535851004891,0.0,0.18639,-0.40221,9.89829
117838382660,21.9,0.05007349623971732,-0.1097288500728835,0.0,0.44145,-0.3924,9.74133
117843433165,21.9,0.05220279792715039,-0.08415977653116657,0.0,0.65727,-0.37278,9.68247
117848483670,21.9,0.05646140130201656,-0.044732788728614664,0.0,0.7651800000000001,-0.34335000000000004,9.54513
117853534175,21.9,0.05539675045830002,0.012775810124598492,0.0,0.7651800000000001,-0.30411,9.56475
117858584680,21.9,0.05007349623971732,0.05007349623971732,0.0,0.65727,-0.27468000000000004,9.68247
117863635185,21.9,0.05007349623971732,0.06817256058289851,0.0,0.50031,-0.28449,9.82962
117868685690,21.9,0.04581489286485115,0.07990117315630041,0.0,0.33354000000000006,-0.26487,9.84924
117873736195,21.9,0.03515093113516579,0.08841837990603273,-0.005323254218582705,0.13734000000000002,-0.25506,9.87867
117878786700,21.9,0.03408628029144926,0.0852244273748831,0.0,-0.039240000000000004,-0.26487,9.86886
117883837205,21.9,0.03621558197888234,0.08096582400001695,0.0,-0.20601000000000003,-0.26487,9.78057
117888887710,21.9,0.031956978604016174,0.07349581480148122,-0.003193952531149623,-0.34335000000000004,-0.2943,9.70209
117893938215,21.9,0.015987215948268057,0.044732788728614664,0.002129301687433082,-0.44145,-0.28449,9.751140000000001
117898988720,21.9,0.006387905062299246,0.002129301687433082,0.0,-0.50031,-0.35316,9.85905
117904039225,21.9,0.003193952531149623,-0.031956978604016174,-0.004258603374866164,-0.42183,-0.3924,9.98658
117909089730,21.9,0.012775810124598492,-0.06284930636431581,0.002129301687433082,-0.30411,-0.41202000000000005,10.074869999999999
117914140235,21.9,0.01064650843716541,-0.08628907821859966,-0.001064650843716541,-0.13734000000000002,-0.48069000000000006,10.1043
117919190740,21.9,0.022375121010567305,-0.10332349171806432,0.0,0.04905,-0.51012,10.074869999999999
117924241245,21.9,0.028763026072866547,-0.09267698328089889,-0.001064650843716541,0.31392000000000003,-0.51012,9.95715
117929291750,21.9,0.03408628029144926,-0.05965535383316618,-0.003193952531149623,0.44145,-0.51012,9.80019
117934342255,21.9,0.039409534510031964,-0.02663372438543347,0.0,0.51012,-0.51012,9.80019
117939392760,21.9,0.04581489286485115,0.001064650843716541,-0.001064650843716541,0.52974,-0.46107000000000004,9.85905
117944443265,21.9,0.05752605214573309,0.03408628029144926,-0.003193952531149623,0.45126,-0.42183,9.908100000000001
117949493770,21.9,0.07243116395776468,0.04581489286485115,0.0,0.33354000000000006,-0.35316,9.98658
117954544275,21.9,0.07136651311404815,0.049008845396000776,-0.003193952531149623,0.20601000000000003,-0.38259000000000004,9.99639
117959594780,21.9,0.07777187146886733,0.05646140130201656,-0.001064650843716541,0.10791,-0.31392000000000003,9.908100000000001
117964645285,21.9,0.07456046564519776,0.06178465552059926,-0.001064650843716541,-0.019620000000000002,-0.26487,9.74133
117969695790,21.9,0.07136651311404815,0.04581489286485115,0.0,-0.0981,-0.22563,9.59418
117974746295,21.9,0.06923721142661506,0.020245819323134222,-0.002129301687433082,-0.12753,-0.20601000000000003,9.496080000000001
117979796800,21.9,0.060720004676882725,0.008517206749732328,0.0,-0.14715,-0.17658,9.56475
117984847305,21.9,0.05539675045830002,-0.0170518667919846,-0.002129301687433082,-0.14715,-0.17658,9.74133
117989897810,21.9,0.054332099614583476,-0.049008845396000776,0.0,-0.10791,-0.15696000000000002,9.86886
117994948315,21.9,0.046879543708567686,-0.08309512568745003,0.0,0.08829,-0.23544,9.98658
117999998820,21.9,0.033021629447732716,-0.09800023749948161,0.001064650843716541,0.25506,-0.1962,9.92772
118005049325,21.9,0.021310470166850764,-0.09480628496833199,0.001064650843716541,0.48069000000000006,-0.25506,9.81
118010099830,21.9,0.02556907354171693,-0.08203047484373349,0.0,0.64746,-0.28449,9.72171
118015150335,21.9,0.024504422698000388,-0.046879543708567686,-0.002129301687433082,0.80442,-0.31392000000000003,9.78057
118020200840,21.9,0.03089232776029963,-0.003193952531149623,-0.003193952531149623,0.80442,-0.32373,9.87867
118025251345,21.9,0.03089232776029963,0.0404741853537485,0.0,0.71613,-0.36297,9.91791
118030301850,21.9,0.02556907354171693,0.09054768159346581,-0.003193952531149623,0.51993,-0.38259000000000004,9.96696
118035352355,21.9,0.02663372438543347,0.13849187614575004,0.0,0.28449,-0.37278,9.99639
118040402860,21.9,0.031956978604016174,0.1704488547497662,0.0,-0.07848000000000001,-0.38259000000000004,9.937529999999999
118045453365,21.9,0.0404741853537485,0.1704488547497662,-0.001064650843716541,-0.42183,-0.34335000000000004,9.82962
118050503870,21.9,0.044732788728614664,0.1331511686346474,0.001064650843716541,-0.70632,-0.34335000000000004,9.751140000000001
118055554375,21.9,0.05007349623971732,0.07777187146886733,-0.001064650843716541,-0.8338500000000001,-0.33354000000000006,9.65304
118060604880,21.9,0.05965535383316618,0.013840460968315033,0.0,-0.8829,-0.30411,9.66285
118065655385,21.9,0.05965535383316618,-0.05859070298944965,0.0,-0.7848,-0.28449,9.66285
118070705890,21.9,0.05007349623971732,-0.1171814059788993,0.0,-0.59841,-0.26487,9.70209
118075756395,21.9,0.05539675045830002,-0.15872024217636432,-0.001064650843716541,-0.27468000000000004,-0.26487,9.79038
118080806900,21.9,0.06604325889546543,-0.1757721089683489,-0.002129301687433082,0.0981,-0.2943,9.819809999999999
118085857405,21.9,0.06817256058289851,-0.1800307123432151,-0.001064650843716541,0.45126,-0.24525000000000002,9.79038
118090907910,21.9,0.06923721142661506,-0.15978489302008084,0.0,0.80442,-0.23544,9.74133
118095958415,21.9,0.06497860805174888,-0.11079350091660004,-0.001064650843716541,1.04967,-0.21582,9.770760000000001
118101008920,21.9,0.060720004676882725,-0.04581489286485115,-0.001064650843716541,1.16739,-0.18639,9.819809999999999
118106059425,21.9,0.05326744877086694,0.0170518667919846,-0.004258603374866164,1.13796,-0.1962,9.908100000000001
118111109930,21.9,0.04794419455228423,0.07670722062515077,-0.003193952531149623,0.9613800000000001,-0.20601000000000003,10.03563
118116160435,21.9,0.04581489286485115,0.11824605682261582,-0.003193952531149623,0.69651,-0.22563,10.06506
118121210940,21.9,0.04581489286485115,0.14594443205176583,0.0,0.43164,-0.21582,9.97677
118126261445,21.9,0.0404741853537485,0.15978489302008084,-0.003193952531149623,0.08829,-0.21582,9.908100000000001
118131311950,21.9,0.03728023282259888,0.15233233711406508,-0.002129301687433082,-0.22563,-0.20601000000000003,9.81
118136362455,21.9,0.03728023282259888,0.13208651779093086,-0.001064650843716541,-0.49050000000000005,-0.25506,9.74133
118141412960,21.9,0.02982767691658309,0.09906488834319814,-0.001064650843716541,-0.6670800000000001,-0.23544,9.80019
118146463465,21.9,0.03089232776029963,0.04366813788489812,-0.001064650843716541,-0.79461,-0.23544,9.83943
118151513970,21.9,0.031956978604016174,-0.01064650843716541,-0.001064650843716541,-0.7848,-0.27468000000000004,9.85905
118156564475,21.9,0.031956978604016174,-0.05113814708343386,0.0,-0.6867000000000001,-0.2943,9.84924
118161614980,21.9,0.04260348704118158,-0.08841837990603273,-0.001064650843716541,-0.50031,-0.33354000000000006,9.79038
118166665485,21.9,0.046879543708567686,-0.10866419922916695,0.0,-0.24525000000000002,-0.32373,9.65304
118171715990,21.9,0.05539675045830002,-0.12037535851004891,0.0,0.019620000000000002,-0.30411,9.65304
118176766495,21.9,0.06178465552059926,-0.1331511686346474,0.0,0.26487,-0.28449,9.623610000000001
118181817000,21.9,0.06284930636431581,-0.12676326357234816,-0.001064650843716541,0.5395500000000001,-0.24525000000000002,9.64323
118186867505,21.9,0.07456046564519776,-0.11505210429146619,0.001064650843716541,0.79461,-0.1962,9.760950000000001
118191918010,21.9,0.07243116395776468,-0.08203047484373349,0.0,0.9810000000000001,-0.18639,9.888480000000001
118196968515,21.9,0.08628907821859966,-0.03089232776029963,0.0,1.02024,-0.16677000000000003,10.025820000000001
118202019020,21.9,0.08096582400001695,0.01918116847941768,-0.003193952531149623,0.9711900000000001,-0.13734000000000002,9.98658
118207069525,21.9,0.06497860805174888,0.07136651311404815,-0.001064650843716541,0.84366,-0.14715,9.94734
118212120030,21.9,0.06391395720803235,0.1171814059788993,-0.001064650843716541,0.63765,-0.08829,9.819809999999999
118217170535,21.9,0.054332099614583476,0.1672549022186166,-0.001064650843716541,0.30411,-0.08829,9.760950000000001
118222221040,21.9,0.049008845396000776,0.19174187162409706,0.0,-0.0981,-0.08829,9.819809999999999
118227271545,21.9,0.04260348704118158,0.18854791909294744,-0.002129301687433082,-0.48069000000000006,-0.11772,9.937529999999999
118232322050,21.9,0.033021629447732716,0.15446163880149816,-0.003193952531149623,-0.8338500000000001,-0.12753,9.99639
118237372555,21.9,0.02663372438543347,0.0852244273748831,0.001064650843716541,-1.01043,-0.18639,9.94734
118242423060,21.9,0.024504422698000388,-0.001064650843716541,0.0,-1.02024,-0.20601000000000003,9.78057
118247473565,21.9,0.02556907354171693,-0.08415977653116657,0.003193952531149623,-0.86328,-0.22563,9.65304
118252524070,21.9,0.03089232776029963,-0.15446163880149816,-0.001064650843716541,-0.5493600000000001,-0.27468000000000004,9.68247
118257574575,21.9,0.04581489286485115,-0.20240583335378237,0.0,-0.10791,-0.27468000000000004,9.65304
118262625080,21.9,0.05326744877086694,-0.22263419938439669,0.001064650843716541,0.27468000000000004,-0.30411,9.78057
118267675585,21.9,0.06178465552059926,-0.20666443672864854,-0.002129301687433082,0.74556,-0.2943,9.87867
118272726090,21.9,0.060720004676882725,-0.1331511686346474,0.001064650843716541,1.06929,-0.27468000000000004,9.92772
118277776595,21.9,0.06284930636431581,-0.039409534510031964,-0.002129301687433082,1.1772,-0.27468000000000004,9.92772
118282827100,21.9,0.07243116395776468,0.04581489286485115,-0.001064650843716541,1.05948,-0.21582,9.888480000000001
118287877605,21.9,0.07670722062515077,0.12995721610349775,0.0,0.8142300000000001,-0.18639,9.819809999999999
118292928110,21.9,0.0756251164889143,0.1672549022186166,-0.003193952531149623,0.48069000000000006,-0.12753,9.78057
118297978615,21.9,0.07990117315630041,0.16938420390604966,-0.001064650843716541,0.10791,-0.0981,9.770760000000001
118303029120,21.9,0.08096582400001695,0.15765559133264778,-0.001064650843716541,-0.23544,-0.07848000000000001,9.81
118308079625,21.9,0.06923721142661506,0.11292280260403312,-0.002129301687433082,-0.49050000000000005,-0.04905,9.82962
118313130130,21.9,0.06391395720803235,0.049008845396000776,0.0,-0.6180300000000001,-0.05886,9.82962
118318180635,21.9,0.060720004676882725,-0.008517206749732328,0.001064650843716541,-0.60822,-0.05886,9.82962
118323231140,21.9,0.05220279792715039,-0.05859070298944965,-0.003193952531149623,-0.49050000000000005,-0.05886,9.78057
118328281645,21.9,0.05220279792715039,-0.07777187146886733,0.001064650843716541,-0.30411,-0.08829,9.770760000000001
118333332150,21.9,0.044732788728614664,-0.08415977653116657,-0.004258603374866164,-0.11772,-0.11772,9.751140000000001
118338382655,21.9,0.03728023282259888,-0.07670722062515077,-0.003193952531149623,0.02943,-0.13734000000000002,9.64323
118343433160,21.9,0.03728023282259888,-0.06604325889546543,0.0,0.17658,-0.14715,9.70209
118348483665,21.9,0.03621558197888234,-0.06604325889546543,0.0,0.28449,-0.14715,9.79038
118353534170,21.9,0.039409534510031964,-0.05752605214573309,0.0,0.41202000000000005,-0.16677000000000003,9.86886
118358584675,21.9,0.049008845396000776,-0.046879543708567686,0.001064650843716541,0.51993,-0.1962,9.94734
118363635180,21.9,0.054332099614583476,-0.023439771854283843,-0.001064650843716541,0.5493600000000001,-0.17658,10.006200000000002
118368685685,21.9,0.05859070298944965,0.015987215948268057,-0.002129301687433082,0.5591700000000001,-0.18639,9.908100000000001
118373736190,21.9,0.05539675045830002,0.05965535383316618,-0.001064650843716541,0.43164,-0.18639,9.84924
118378786695,21.9,0.05646140130201656,0.08948303074974927,0.0,0.26487,-0.17658,9.81
118383837200,21.9,0.05965535383316618,0.10545279340549739,0.0,0.04905,-0.14715,9.751140000000001
118388887705,21.9,0.05859070298944965,0.09693558665576507,0.0,-0.16677000000000003,-0.12753,9.86886
118393938210,21.9,0.06391395720803235,0.06604325889546543,0.0,-0.28449,-0.10791,9.83943
118398988715,21.9,0.06817256058289851,0.020245819323134222,0.0,-0.36297,-0.08829,9.85905
118404039220,21.9,0.06817256058289851,-0.024504422698000388,0.0,-0.36297,-0.05886,9.888480000000001
118409089725,21.9,0.07456046564519776,-0.05752605214573309,0.0,-0.23544,-0.0981,9.85905
118414140230,21.9,0.07243116395776468,-0.06497860805174888,0.0,-0.039240000000000004,-0.08829,9.770760000000001
118419190735,21.9,0.06391395720803235,-0.05965535383316618,0.0,0.07848000000000001,-0.05886,9.751140000000001
118424241240,21.9,0.06604325889546543,-0.033021629447732716,0.0,0.18639,-0.06867000000000001,9.65304
118429291745,21.9,0.05965535383316618,-0.00958185759344887,0.0,0.21582,-0.02943,9.70209
118434342250,21.9,0.05539675045830002,-0.014905111812031574,0.0,0.22563,-0.04905,9.78057
118439392755,21.9,0.05752605214573309,-0.01918116847941768,0.0,0.26487,-0.019620000000000002,9.87867
118444443260,21.9,0.05965535383316618,-0.015987215948268057,0.0,0.27468000000000004,-0.04905,9.89829
118449493765,21.9,0.05859070298944965,-0.00958185759344887,0.0,0.33354000000000006,-0.06867000000000001,9.94734
118454544270,21.9,0.05965535383316618,0.008517206749732328,0.0,0.2943,-0.06867000000000001,9.92772
118459594775,21.9,0.05859070298944965,0.03834488366631542,0.0,0.18639,-0.06867000000000001,9.83943
118464645280,21.9,0.05220279792715039,0.054332099614583476,0.0,0.14715,-0.07848000000000001,9.79038
118469695785,21.9,0.046879543708567686,0.06391395720803235,0.0,0.009810000000000001,-0.07848000000000001,9.70209
118474746290,21.9,0.049008845396000776,0.05113814708343386,0.0,-0.11772,-0.07848000000000001,9.65304
118479796795,21.9,0.054332099614583476,0.02556907354171693,0.0,-0.17658,-0.08829,9.74133
118484847300,21.9,0.06817256058289851,-0.011711159280881954,0.0,-0.17658,-0.06867000000000001,9.89829
118489897805,21.9,0.06391395720803235,-0.03728023282259888,0.0,-0.10791,-0.05886,9.91791
118494948310,21.9,0.06604325889546543,-0.04366813788489812,0.0,-0.009810000000000001,-0.05886,9.91791
118499998815,21.9,0.06284930636431581,-0.03089232776029963,0.0,0.04905,-0.04905,9.770760000000001
118505049320,21.9,0.05965535383316618,-0.01918116847941768,0.0,0.13734000000000002,-0.039240000000000004,9.633420000000001
118510099825,21.9,0.05859070298944965,-0.013840460968315033,0.0,0.16677000000000003,-0.009810000000000001,9.6138
118515150330,21.9,0.07030186227033158,-0.014905111812031574,0.0,0.18639,0.009810000000000001,9.6138
118520200835,21.9,0.07136651311404815,-0.015987215948268057,0.0,0.23544,0.0,9.770760000000001
118525251340,21.9,0.06817256058289851,-0.013840460968315033,0.0,0.1962,0.009810000000000001,9.97677
118530301845,21.9,0.06391395720803235,0.002129301687433082,0.0,0.1962,-0.009810000000000001,10.045440000000001
118535352350,21.9,0.05646140130201656,0.0170518667919846,0.0,0.16677000000000003,0.0,9.99639
118540402855,21.9,0.054332099614583476,0.023439771854283843,0.0,0.15696000000000002,0.0,9.89829
118545453360,21.9,0.05007349623971732,0.03089232776029963,0.0,0.07848000000000001,-0.019620000000000002,9.70209
118550503865,21.9,0.054332099614583476,0.031956978604016174,0.0,0.009810000000000001,-0.019620000000000002,9.633420000000001
118555554370,21.9,0.05859070298944965,0.0170518667919846,0.0,-0.02943,0.0,9.66285
118560604875,21.9,0.05859070298944965,0.007452555906015787,0.0,-0.039240000000000004,0.0,9.83943
118565655380,21.9,0.05539675045830002,-0.008517206749732328,0.0,-0.04905,-0.039240000000000004,9.92772
118570705885,21.9,0.060720004676882725,-0.020245819323134222,0.0,-0.019620000000000002,0.0,10.025820000000001
118575756390,21.9,0.05646140130201656,-0.020245819323134222,0.0,0.019620000000000002,-0.009810000000000001,9.92772
118580806895,21.9,0.05859070298944965,-0.021310470166850764,0.0,0.08829,0.0,9.72171
118585857400,21.9,0.06604325889546543,-0.01918116847941768,0.0,0.13734000000000002,-0.009810000000000001,9.65304
118590907905,21.9,0.06923721142661506,-0.008517206749732328,0.0,0.17658,0.039240000000000004,9.60399
118595958410,21.9,0.07136651311404815,0.004258603374866164,0.0,0.1962,0.02943,9.64323
118601008915,21.9,0.06391395720803235,0.015987215948268057,0.0,0.12753,0.039240000000000004,9.87867
118606059420,21.9,0.05965535383316618,0.020245819323134222,0.0,0.039240000000000004,0.009810000000000001,9.98658
118611109925,21.9,0.05859070298944965,0.015987215948268057,0.0,-0.009810000000000001,0.009810000000000001,10.03563
118616160430,21.9,0.05752605214573309,-0.002129301687433082,0.0,0.0,0.019620000000000002,9.97677
118621210935,21.9,0.06178465552059926,-0.007452555906015787,0.0,0.04905,0.019620000000000002,9.760950000000001
118626261440,21.9,0.06817256058289851,-0.002129301687433082,0.0,0.06867000000000001,0.02943,9.65304
118631311945,21.9,0.06817256058289851,0.011711159280881954,0.0,0.05886,0.019620000000000002,9.65304
118636362450,21.9,0.06604325889546543,0.01811651763570114,0.0,0.039240000000000004,0.039240000000000004,9.70209
118641412955,21.9,0.054332099614583476,0.003193952531149623,0.0,0.009810000000000001,0.039240000000000004,9.79038
118646463460,21.9,0.04794419455228423,-0.013840460968315033,0.0,-0.009810000000000001,0.02943,9.83943
118651513965,21.9,0.05646140130201656,-0.02769837522915001,0.0,0.05886,0.04905,9.86886
118656564470,21.9,0.06604325889546543,-0.028763026072866547,0.0,0.11772,0.05886,9.80019
118661614975,21.9,0.07670722062515077,-0.0170518667919846,0.0,0.17658,0.05886,9.82962
118666665480,21.9,0.0756251164889143,-0.001064650843716541,0.0,0.18639,0.08829,9.751140000000001
118671715985,21.9,0.06391395720803235,0.015987215948268057,0.0,0.17658,0.04905,9.7119
118676766490,21.9,0.05007349623971732,0.02982767691658309,0.0,0.13734000000000002,0.06867000000000001,9.69228
118681816995,21.9,0.0404741853537485,0.03089232776029963,0.0,0.009810000000000001,0.05886,9.7119
118686867500,21.9,0.05007349623971732,0.01811651763570114,0.0,-0.019620000000000002,0.07848000000000001,9.86886
118691918005,21.9,0.06391395720803235,0.005323254218582705,0.0,-0.04905,0.05886,10.09449
118696968510,21.9,0.0756251164889143,-0.004258603374866164,0.0,-0.05886,0.06867000000000001,10.03563
118702019015,21.9,0.07030186227033158,-0.01064650843716541,0.0,-0.019620000000000002,0.019620000000000002,9.908100000000001
118707069520,21.9,0.05539675045830002,-0.008517206749732328,0.0,0.019620000000000002,0.07848000000000001,9.72171
118712120025,21.9,0.044732788728614664,-0.001064650843716541,0.0,0.039240000000000004,0.05886,9.59418
118717170530,21.9,0.04581489286485115,-0.003193952531149623,0.0,0.04905,0.07848000000000001,9.55494
118722221035,21.9,0.06178465552059926,-0.00958185759344887,0.0,0.0981,0.11772,9.760950000000001
118727271540,21.9,0.0756251164889143,-0.0170518667919846,-0.005323254218582705,0.06867000000000001,0.08829,9.87867
118732322045,21.9,0.07990117315630041,-0.01918116847941768,-0.001064650843716541,0.11772,0.08829,10.03563
118737372550,21.9,0.06923721142661506,-0.012775810124598492,-0.005323254218582705,0.14715,0.08829,9.96696
118742423055,21.9,0.05859070298944965,0.003193952531149623,-0.001064650843716541,0.17658,0.11772,9.73152
118747473560,21.9,0.05007349623971732,0.02663372438543347,0.001064650843716541,0.10791,0.0981,9.623610000000001
118752524065,21.9,0.05965535383316618,0.03728023282259888,0.0,0.05886,0.12753,9.6138
118757574570,21.9,0.06497860805174888,0.033021629447732716,0.0,-0.039240000000000004,0.12753,9.65304
118762625075,21.9,0.07030186227033158,0.006387905062299246,0.0,-0.05886,0.15696000000000002,9.87867
118767675580,21.9,0.07136651311404815,-0.020245819323134222,0.0,-0.06867000000000001,0.13734000000000002,9.98658
118772726085,21.9,0.05965535383316618,-0.02556907354171693,0.0,0.0,0.11772,9.96696
118777776590,21.9,0.054332099614583476,-0.021310470166850764,-0.001064650843716541,0.039240000000000004,0.08829,9.83943
118782827095,21.9,0.05326744877086694,-0.01064650843716541,0.0,0.11772,0.10791,9.760950000000001
118787877600,21.9,0.05752605214573309,-0.003193952531149623,0.001064650843716541,0.12753,0.10791,9.69228
118792928105,21.9,0.05965535383316618,-0.007452555906015787,0.001064650843716541,0.15696000000000002,0.12753,9.60399
118797978610,21.9,0.06497860805174888,-0.004258603374866164,-0.001064650843716541,0.15696000000000002,0.17658,9.68247
118803029115,21.9,0.06923721142661506,0.002129301687433082,-0.001064650843716541,0.15696000000000002,0.18639,9.67266
118808079620,21.9,0.06604325889546543,0.015987215948268057,-0.004258603374866164,0.11772,0.14715,9.79038
118813130125,21.9,0.06284930636431581,0.02769837522915001,-0.002129301687433082,0.04905,0.15696000000000002,9.937529999999999
118818180630,21.9,0.05965535383316618,0.02663372438543347,0.0,-0.02943,0.15696000000000002,9.84924
118823231135,21.9,0.05326744877086694,0.0170518667919846,0.0,-0.05886,0.13734000000000002,9.81
118828281640,21.9,0.05965535383316618,0.01064650843716541,0.0,-0.08829,0.16677000000000003,9.73152
118833332145,21.9,0.06284930636431581,0.001064650843716541,0.001064650843716541,-0.05886,0.18639,9.66285
118838382650,21.9,0.06284930636431581,-0.007452555906015787,-0.002129301687433082,-0.039240000000000004,0.1962,9.78057
118843433155,21.9,0.060720004676882725,-0.01811651763570114,-0.002129301687433082,-0.019620000000000002,0.18639,9.89829
118848483660,21.9,0.05752605214573309,-0.024504422698000388,-0.001064650843716541,0.009810000000000001,0.15696000000000002,9.92772
118853534165,21.9,0.049008845396000776,-0.028763026072866547,0.0,0.039240000000000004,0.15696000000000002,9.92772
118858584670,21.9,0.05220279792715039,-0.024504422698000388,0.0,0.12753,0.13734000000000002,9.888480000000001
118863635175,21.9,0.05646140130201656,-0.012775810124598492,-0.001064650843716541,0.15696000000000002,0.14715,9.80019
118868685680,21.9,0.06391395720803235,-0.005323254218582705,-0.002129301687433082,0.18639,0.18639,9.73152
118873736185,21.9,0.06923721142661506,0.006387905062299246,-0.001064650843716541,0.17658,0.16677000000000003,9.69228
118878786690,21.9,0.06923721142661506,0.012775810124598492,-0.001064650843716541,0.14715,0.1962,9.623610000000001
118883837195,21.9,0.06284930636431581,0.01064650843716541,0.0,0.10791,0.17658,9.751140000000001
118888887700,21.9,0.06497860805174888,0.012775810124598492,0.0,0.05886,0.23544,9.81
118893938205,21.9,0.06497860805174888,0.01918116847941768,-0.003193952531149623,0.04905,0.22563,9.83943
118898988710,21.9,0.06497860805174888,0.01918116847941768,-0.001064650843716541,0.0,0.21582,9.908100000000001
118904039215,21.9,0.06391395720803235,0.01064650843716541,0.0,-0.02943,0.22563,9.81
118909089720,21.9,0.06284930636431581,0.01064650843716541,0.0,-0.019620000000000002,0.20601000000000003,9.78057
118914140225,21.9,0.05752605214573309,0.011711159280881954,-0.001064650843716541,-0.06867000000000001,0.23544,9.73152
118919190730,21.9,0.05752605214573309,0.013840460968315033,0.001064650843716541,-0.07848000000000001,0.21582,9.74133
118924241235,21.9,0.05539675045830002,0.01064650843716541,0.0,-0.0981,0.18639,9.78057
118929291740,21.9,0.05646140130201656,-0.00958185759344887,-0.002129301687433082,-0.10791,0.20601000000000003,9.819809999999999
118934342245,21.9,0.05859070298944965,-0.024504422698000388,0.0,-0.06867000000000001,0.23544,9.819809999999999
118939392750,21.9,0.05965535383316618,-0.0404741853537485,-0.002129301687433082,0.019620000000000002,0.25506,9.79038
118944443255,21.9,0.05859070298944965,-0.03515093113516579,0.0,0.13734000000000002,0.23544,9.80019
118949493760,21.9,0.06178465552059926,-0.021310470166850764,0.0,0.20601000000000003,0.25506,9.72171
118954544265,21.9,0.05539675045830002,-0.004258603374866164,0.0,0.18639,0.20601000000000003,9.633420000000001
118959594770,21.9,0.04794419455228423,-0.002129301687433082,-0.001064650843716541,0.1962,0.23544,9.633420000000001
118964645275,21.9,0.05113814708343386,0.0,-0.001064650843716541,0.20601000000000003,0.27468000000000004,9.70209
118969695780,21.9,0.05007349623971732,0.00958185759344887,-0.002129301687433082,0.17658,0.22563,9.82962
118974746285,21.9,0.054332099614583476,0.02769837522915001,-0.001064650843716541,0.10791,0.14715,9.95715
118979796790,21.9,0.05539675045830002,0.031956978604016174,-0.001064650843716541,-0.009810000000000001,0.15696000000000002,9.95715
118984847295,21.9,0.05539675045830002,0.033021629447732716,0.0,-0.07848000000000001,0.13734000000000002,9.89829
118989897800,21.9,0.05007349623971732,0.01811651763570114,-0.001064650843716541,-0.10791,0.17658,9.83943
118994948305,21.9,0.06178465552059926,0.002129301687433082,-0.001064650843716541,-0.0981,0.18639,9.74133
118999998810,21.9,0.07030186227033158,-0.004258603374866164,-0.001064650843716541,-0.08829,0.24525000000000002,9.69228
119005049315,21.9,0.07136651311404815,-0.00958185759344887,-0.001064650843716541,-0.05886,0.35316,9.83943
119010099820,21.9,0.06817256058289851,-0.014905111812031574,-0.003193952531149623,0.0,0.37278,9.98658
119015150325,21.9,0.06284930636431581,-0.023439771854283843,-0.001064650843716541,0.019620000000000002,0.30411,9.79038
119020200830,21.9,0.04794419455228423,-0.020245819323134222,0.0,0.06867000000000001,0.30411,9.69228
119025251335,21.9,0.05007349623971732,-0.01064650843716541,-0.002129301687433082,0.0981,0.27468000000000004,9.68247
119030301840,21.9,0.05007349623971732,0.002129301687433082,0.0,0.10791,0.30411,9.73152
119035352345,21.9,0.05752605214573309,0.002129301687433082,0.0,0.13734000000000002,0.27468000000000004,9.79038
119040402850,21.9,0.05965535383316618,0.002129301687433082,-0.001064650843716541,0.07848000000000001,0.2943,9.7119
119045453355,21.9,0.05326744877086694,0.013840460968315033,0.0,0.04905,0.26487,9.7119
119050503860,21.9,0.05220279792715039,0.014905111812031574,0.0,0.009810000000000001,0.2943,9.760950000000001
119055554365,21.9,0.05113814708343386,0.024504422698000388,-0.001064650843716541,-0.009810000000000001,0.24525000000000002,9.84924
119060604870,21.9,0.05007349623971732,0.01811651763570114,-0.002129301687433082,-0.06867000000000001,0.21582,9.908100000000001
119065655375,21.9,0.05752605214573309,0.002129301687433082,-0.004258603374866164,-0.11772,0.22563,9.82962
119070705880,21.9,0.06604325889546543,-0.002129301687433082,-0.002129301687433082,-0.06867000000000001,0.31392000000000003,9.79038
119075756385,21.9,0.06604325889546543,-0.005323254218582705,-0.002129301687433082,-0.06867000000000001,0.41202000000000005,9.70209
119080806890,21.9,0.06391395720803235,-0.007452555906015787,-0.002129301687433082,0.009810000000000001,0.46107000000000004,9.74133
119085857395,21.9,0.05220279792715039,-0.005323254218582705,-0.001064650843716541,0.04905,0.3924,9.73152
119090907900,21.9,0.04366813788489812,-0.011711159280881954,-0.001064650843716541,0.04905,0.32373,9.67266
119095958405,21.9,0.03408628029144926,-0.0170518667919846,-0.002129301687433082,0.04905,0.2943,9.74133
119101008910,21.9,0.044732788728614664,-0.01811651763570114,0.001064650843716541,0.06867000000000001,0.31392000000000003,9.760950000000001
119106059415,21.9,0.05113814708343386,-0.011711159280881954,0.0,0.13734000000000002,0.2943,9.82962
119111109920,21.9,0.05113814708343386,-0.005323254218582705,-0.002129301687433082,0.13734000000000002,0.2943,9.84924
119116160425,21.9,0.05646140130201656,0.0,0.001064650843716541,0.14715,0.30411,9.73152
119121210930,21.9,0.054332099614583476,0.006387905062299246,0.0,0.0981,0.26487,9.69228
119126261435,21.9,0.05326744877086694,0.014905111812031574,0.003193952531149623,0.0981,0.28449,9.72171
119131311940,21.9,0.05113814708343386,0.03089232776029963,-0.001064650843716541,0.02943,0.30411,9.79038
119136362445,21.9,0.05752605214573309,0.03515093113516579,-0.001064650843716541,-0.02943,0.35316,9.908100000000001
119141412950,21.9,0.06497860805174888,0.028763026072866547,-0.004258603374866164,-0.10791,0.35316,9.96696
119146463455,21.9,0.060720004676882725,0.014905111812031574,-0.002129301687433082,-0.16677000000000003,0.34335000000000004,9.95715
119151513960,21.9,0.06391395720803235,0.0,0.0,-0.16677000000000003,0.34335000000000004,9.760950000000001
119156564465,21.9,0.05965535383316618,-0.007452555906015787,-0.002129301687433082,-0.14715,0.36297,9.74133
119161614970,21.9,0.05220279792715039,-0.008517206749732328,-0.001064650843716541,-0.06867000000000001,0.3924,9.67266
119166665475,21.9,0.05007349623971732,-0.006387905062299246,-0.001064650843716541,-0.039240000000000004,0.41202000000000005,9.7119
119171715980,21.9,0.049008845396000776,-0.00958185759344887,-0.003193952531149623,-0.039240000000000004,0.40221,9.79038
119176766485,21.9,0.049008845396000776,-0.008517206749732328,0.0,-0.019620000000000002,0.37278,9.81
119181816990,21.9,0.046879543708567686,-0.00958185759344887,0.001064650843716541,0.0,0.32373,9.760950000000001
119186867495,21.9,0.046879543708567686,-0.015987215948268057,0.002129301687433082,0.009810000000000001,0.34335000000000004,9.73152
119191918000,21.9,0.046879543708567686,-0.015987215948268057,0.0,0.05886,0.35316,9.67266
119196968505,21.9,0.04366813788489812,-0.011711159280881954,0.0,0.0981,0.35316,9.70209
119202019010,21.9,0.049008845396000776,-0.007452555906015787,-0.001064650843716541,0.12753,0.38259000000000004,9.770760000000001
119207069515,21.9,0.05113814708343386,-0.004258603374866164,0.0,0.13734000000000002,0.37278,9.80019
119212120020,21.9,0.04581489286485115,-0.006387905062299246,-0.001064650843716541,0.13734000000000002,0.36297,9.82962
119217170525,21.9,0.04794419455228423,0.0,0.0,0.13734000000000002,0.31392000000000003,9.83943
119222221030,21.9,0.05113814708343386,0.01064650843716541,-0.001064650843716541,0.12753,0.28449,9.819809999999999
119227271535,21.9,0.05539675045830002,0.02663372438543347,0.0,0.04905,0.25506,9.78057
119232322040,21.9,0.06284930636431581,0.03621558197888234,-0.001064650843716541,-0.009810000000000001,0.27468000000000004,9.80019
119237372545,21.9,0.06391395720803235,0.03621558197888234,0.0,-0.11772,0.37278,9.751140000000001
119242423050,21.9,0.06923721142661506,0.01811651763570114,0.0,-0.12753,0.48069000000000006,9.7119
119247473555,21.9,0.06923721142661506,0.002129301687433082,0.0,-0.13734000000000002,0.59841,9.760950000000001
119252524060,21.9,0.06497860805174888,0.002129301687433082,0.0,-0.0981,0.5591700000000001,9.78057
119257574565,21.9,0.049008845396000776,0.005323254218582705,0.0,-0.08829,0.49050000000000005,9.7119
119262625070,21.9,0.039409534510031964,-0.001064650843716541,0.0,-0.15696000000000002,0.41202000000000005,9.72171
119267675575,21.9,0.03515093113516579,-0.011711159280881954,0.0,-0.11772,0.35316,9.69228
119272726080,21.9,0.03515093113516579,-0.02982767691658309,0.0,-0.07848000000000001,0.37278,9.74133
119277776585,21.9,0.03515093113516579,-0.03728023282259888,0.0,0.009810000000000001,0.41202000000000005,9.79038
119282827090,21.9,0.0404741853537485,-0.03089232776029963,0.0,0.10791,0.41202000000000005,9.81
119287877595,21.9,0.04581489286485115,-0.01918116847941768,0.0,0.15696000000000002,0.38259000000000004,9.84924
119292928100,21.9,0.046879543708567686,-0.006387905062299246,0.0,0.13734000000000002,0.33354000000000006,9.86886
119297978605,21.9,0.04260348704118158,-0.005323254218582705,0.0,0.16677000000000003,0.28449,9.819809999999999
119303029110,21.9,0.0404741853537485,-0.003193952531149623,0.0,0.13734000000000002,0.26487,9.83943
119308079615,21.9,0.05113814708343386,0.01064650843716541,0.0,0.0981,0.31392000000000003,9.85905
119313130120,21.9,0.06391395720803235,0.02982767691658309,0.0,0.08829,0.3924,9.80019
119318180625,21.9,0.07243116395776468,0.02982767691658309,0.0,0.02943,0.50031,9.770760000000001
119323231130,21.9,0.07349581480148122,0.028763026072866547,0.0,-0.009810000000000001,0.52974,9.751140000000001
119328281635,21.9,0.05965535383316618,0.01918116847941768,0.0,-0.04905,0.51012,9.67266
119333332140,21.9,0.05007349623971732,0.01064650843716541,0.0,-0.07848000000000001,0.50031,9.633420000000001
119338382645,21.9,0.04581489286485115,0.01064650843716541,0.0,-0.10791,0.50031,9.67266
119343433150,21.9,0.04153883619746504,0.013840460968315033,0.0,-0.16677000000000003,0.46107000000000004,9.72171
119348483655,21.9,0.04366813788489812,0.0,0.0,-0.18639,0.50031,9.73152
119353534160,21.9,0.049008845396000776,-0.006387905062299246,0.0,-0.10791,0.44145,9.78057
119358584665,21.9,0.039409534510031964,-0.015987215948268057,0.0,-0.10791,0.37278,9.74133
119363635170,21.9,0.03408628029144926,-0.021310470166850764,0.0,-0.0981,0.41202000000000005,9.67266
119368685675,21.9,0.04153883619746504,-0.020245819323134222,0.0,0.0,0.41202000000000005,9.760950000000001
119373736180,21.9,0.039409534510031964,-0.024504422698000388,0.0,0.039240000000000004,0.50031,9.81
119378786685,21.9,0.046879543708567686,-0.022375121010567305,0.0,0.08829,0.48069000000000006,9.888480000000001
119383837190,21.9,0.04366813788489812,-0.003193952531149623,0.0,0.10791,0.35316,9.937529999999999
119388887695,21.9,0.04581489286485115,0.002129301687433082,0.0,0.06867000000000001,0.28449,9.751140000000001
119393938200,21.9,0.04581489286485115,0.006387905062299246,0.0,0.05886,0.33354000000000006,9.751140000000001
119398988705,21.9,0.05326744877086694,0.008517206749732328,0.0,0.009810000000000001,0.44145,9.74133
119404039210,21.9,0.060720004676882725,0.002129301687433082,0.0,0.04905,0.57879,9.74133
119409089715,21.9,0.05859070298944965,0.0170518667919846,0.0,0.07848000000000001,0.5886,9.79038
119414140220,21.9,0.05752605214573309,0.03089232776029963,0.0,0.0,0.5591700000000001,9.760950000000001
119419190725,21.9,0.05326744877086694,0.03515093113516579,0.0,-0.08829,0.48069000000000006,9.7119
119424241230,21.9,0.04260348704118158,0.02663372438543347,0.0,-0.15696000000000002,0.43164,9.751140000000001
119429291735,21.9,0.04366813788489812,0.006387905062299246,0.0,-0.20601000000000003,0.47088,9.66285
119434342240,21.9,0.04581489286485115,-0.008517206749732328,0.0,-0.14715,0.5591700000000001,9.64323
119439392745,21.9,0.04366813788489812,-0.012775810124598492,0.0,-0.11772,0.59841,9.74133
119444443250,21.9,0.05007349623971732,-0.00958185759344887,0.0,-0.04905,0.6278400000000001,9.78057
119449493755,21.9,0.04581489286485115,-0.00958185759344887,0.0,-0.04905,0.51993,9.80019
119454544260,21.9,0.02769837522915001,-0.015987215948268057,0.0,-0.04905,0.40221,9.770760000000001
119459594765,21.9,0.01918116847941768,-0.02769837522915001,0.0,-0.009810000000000001,0.33354000000000006,9.760950000000001
119464645270,21.9,0.02556907354171693,-0.01918116847941768,0.0,0.0,0.30411,9.81
119469695775,21.9,0.03621558197888234,-0.014905111812031574,0.0,0.05886,0.38259000000000004,9.84924
119474746280,21.9,0.054332099614583476,-0.013840460968315033,0.0,0.11772,0.52974,9.888480000000001
119479796785,21.9,0.06178465552059926,-0.006387905062299246,0.0,0.15696000000000002,0.56898,9.89829
119484847290,21.9,0.06178465552059926,0.001064650843716541,0.0,0.14715,0.52974,9.78057
119489897795,21.9,0.05007349623971732,0.02556907354171693,0.0,0.11772,0.43164,9.68247
119494948300,21.9,0.04366813788489812,0.049008845396000776,0.0,-0.019620000000000002,0.41202000000000005,9.633420000000001
119499998805,21.9,0.03834488366631542,0.044732788728614664,0.0,-0.12753,0.41202000000000005,9.72171
119505049310,21.9,0.049008845396000776,0.03089232776029963,0.0,-0.22563,0.5493600000000001,9.80019
119510099815,21.9,0.06604325889546543,0.003193952531149623,0.0,-0.1962,0.69651,9.83943
119515150320,21.9,0.06604325889546543,-0.015987215948268057,0.0,-0.12753,0.72594,9.82962
119520200825,21.9,0.05539675045830002,-0.0170518667919846,0.0,-0.08829,0.6670800000000001,9.66285
119525251330,21.9,0.03621558197888234,-0.007452555906015787,0.0,-0.06867000000000001,0.56898,9.57456
119530301835,21.9,0.01811651763570114,-0.003193952531149623,0.0,-0.11772,0.43164,9.58437
119535352340,21.9,0.013840460968315033,0.001064650843716541,0.0,-0.11772,0.38259000000000004,9.67266
119540402845,21.9,0.022375121010567305,-0.01064650843716541,0.0,-0.11772,0.40221,9.83943
119545453350,21.9,0.03408628029144926,-0.02982767691658309,0.0,-0.04905,0.51012,9.97677
119550503855,21.9,0.05007349623971732,-0.03408628029144926,0.0,0.02943,0.5886,9.95715
119555554360,21.9,0.05859070298944965,-0.028763026072866547,0.0,0.16677000000000003,0.57879,9.87867
119560604865,21.9,0.046879543708567686,-0.021310470166850764,0.0,0.22563,0.52974,9.72171
119565655370,21.9,0.03834488366631542,0.008517206749732328,0.0,0.14715,0.43164,9.6138
119570705875,21.9,0.03408628029144926,0.04794419455228423,0.0,0.02943,0.33354000000000006,9.67266
119575756380,21.9,0.04153883619746504,0.06178465552059926,0.0,-0.08829,0.3924,9.74133
119580806885,21.9,0.05326744877086694,0.05859070298944965,0.0,-0.24525000000000002,0.52974,9.819809999999999
119585857390,21.9,0.06817256058289851,0.0404741853537485,0.0,-0.33354000000000006,0.59841,9.908100000000001
119590907895,21.9,0.07456046564519776,-0.004258603374866164,0.0,-0.33354000000000006,0.80442,9.79038
119595958400,21.9,0.06391395720803235,-0.03621558197888234,0.0,-0.15696000000000002,0.89271,9.770760000000001
119601008905,21.9,0.044732788728614664,-0.04794419455228423,0.0,-0.02943,0.79461,9.70209
119606059410,21.9,0.02556907354171693,-0.04260348704118158,0.0,0.05886,0.60822,9.53532
119611109915,21.9,0.008517206749732328,-0.01064650843716541,0.0,0.07848000000000001,0.42183,9.52551
119616160420,21.9,0.011711159280881954,0.01918116847941768,0.0,0.0,0.32373,9.623610000000001
119621210925,21.9,0.01918116847941768,0.03728023282259888,0.0,-0.15696000000000002,0.26487,9.78057
119626261430,21.9,0.03621558197888234,0.03621558197888234,0.0,-0.23544,0.34335000000000004,9.86886
119631311935,21.9,0.05326744877086694,0.004258603374866164,0.0,-0.25506,0.57879,9.908100000000001
119636362440,21.9,0.06284930636431581,-0.03728023282259888,0.0,-0.13734000000000002,0.8338500000000001,9.937529999999999
119641412945,21.9,0.06497860805174888,-0.06391395720803235,0.0,0.0981,0.9810000000000001,9.92772
119646463450,21.9,0.04794419455228423,-0.060720004676882725,0.0,0.30411,0.79461,9.83943
119651513955,21.9,0.022375121010567305,-0.028763026072866547,0.0,0.32373,0.46107000000000004,9.66285
119656564460,21.9,0.006387905062299246,0.01811651763570114,0.0,0.20601000000000003,0.22563,9.48627
119661614965,21.9,0.007452555906015787,0.05539675045830002,0.0,0.02943,0.18639,9.68247
119666665470,21.9,0.03408628029144926,0.07136651311404815,0.0,-0.13734000000000002,0.28449,9.87867
119671715975,21.9,0.06710790973918197,0.07136651311404815,0.0,-0.27468000000000004,0.45126,9.89829
119676766480,21.9,0.0852244273748831,0.05646140130201656,0.0,-0.37278,0.71613,9.97677
119681816985,21.9,0.09800023749948161,0.03515093113516579,0.0,-0.3924,0.95157,9.92772
119686867490,21.9,0.08096582400001695,0.004258603374866164,0.0,-0.38259000000000004,0.95157,9.79038
119691917995,21.9,0.04581489286485115,-0.023439771854283843,0.0,-0.32373,0.8142300000000001,9.59418
119696968500,21.9,0.0170518667919846,-0.05007349623971732,0.0,-0.21582,0.75537,9.45684
119702019005,21.9,0.001064650843716541,-0.06391395720803235,0.0,-0.07848000000000001,0.71613,9.496080000000001
119707069510,21.9,0.001064650843716541,-0.06178465552059926,0.0,0.08829,0.6180300000000001,9.64323
119712120015,21.9,0.0,-0.05326744877086694,0.0,0.1962,0.57879,9.751140000000001
119717170520,21.9,0.008517206749732328,-0.05007349623971732,0.0,0.27468000000000004,0.44145,9.81
119722221025,21.9,0.013840460968315033,-0.024504422698000388,0.0,0.28449,0.28449,9.83943
119727271530,21.9,0.024504422698000388,0.007452555906015787,0.0,0.22563,0.25506,9.751140000000001
119732322035,21.9,0.039409534510031964,0.05113814708343386,0.0,0.13734000000000002,0.27468000000000004,9.85905
119737372540,21.9,0.06178465552059926,0.0852244273748831,0.0,-0.04905,0.3924,9.87867
119742423045,21.9,0.08203047484373349,0.09587093581204853,0.0,-0.23544,0.6180300000000001,9.908100000000001
119747473550,21.9,0.09161233243718235,0.0852244273748831,0.0,-0.36297,0.85347,9.81
119752524055,21.9,0.08948303074974927,0.05539675045830002,0.0,-0.46107000000000004,1.01043,9.79038
119757574560,21.9,0.06604325889546543,0.015987215948268057,0.0,-0.47088,1.00062,9.72171
119762625065,21.9,0.02982767691658309,-0.022375121010567305,0.0,-0.40221,0.8829,9.65304
119767675570,21.9,0.005323254218582705,-0.05326744877086694,0.0,-0.32373,0.75537,9.64323
119772726075,21.9,-0.006387905062299246,-0.07990117315630041,0.0,-0.17658,0.6180300000000001,9.751140000000001
119777776580,21.9,-0.005323254218582705,-0.10225884087434776,0.0,0.05886,0.50031,9.819809999999999
119782827085,21.9,-0.01064650843716541,-0.09906488834319814,0.0,0.25506,0.3924,9.888480000000001
119787877590,21.9,0.006387905062299246,-0.07243116395776468,0.0,0.43164,0.34335000000000004,9.751140000000001
119792928095,21.9,0.023439771854283843,-0.031956978604016174,0.0,0.5395500000000001,0.34335000000000004,9.68247
119797978600,21.9,0.039409534510031964,0.007452555906015787,0.0,0.52974,0.43164,9.66285
119803029105,21.9,0.05539675045830002,0.03834488366631542,0.0,0.42183,0.51012,9.73152
119808079610,21.9,0.06710790973918197,0.07456046564519776,-0.005323254218582705,0.27468000000000004,0.57879,9.770760000000001
119813130115,21.9,0.07243116395776468,0.09587093581204853,-0.003193952531149623,0.02943,0.69651,9.73152
119818180620,21.9,0.07456046564519776,0.10012953918691468,-0.002129301687433082,-0.15696000000000002,0.74556,9.751140000000001
119823231125,21.9,0.07243116395776468,0.09054768159346581,-0.002129301687433082,-0.35316,0.8142300000000001,9.65304
119828281630,21.9,0.060720004676882725,0.07670722062515077,-0.001064650843716541,-0.50031,0.87309,9.57456
119833332135,21.9,0.04366813788489812,0.054332099614583476,0.0,-0.5886,0.8829,9.60399
119838382640,21.9,0.024504422698000388,0.024504422698000388,0.0,-0.63765,0.80442,9.67266
119843433145,21.9,0.011711159280881954,-0.012775810124598492,0.002129301687433082,-0.6278400000000001,0.72594,9.78057
119848483650,21.9,0.01064650843716541,-0.054332099614583476,0.0,-0.56898,0.70632,9.819809999999999
119853534155,21.9,0.002129301687433082,-0.08841837990603273,0.0,-0.40221,0.60822,9.888480000000001
119858584660,21.9,0.0,-0.11079350091660004,0.001064650843716541,-0.15696000000000002,0.6180300000000001,9.92772
119863635165,21.9,0.005323254218582705,-0.11611675513518273,0.0,0.10791,0.6180300000000001,9.85905
119868685670,21.9,0.006387905062299246,-0.10119419003063122,-0.002129301687433082,0.3924,0.5886,9.82962
119873736175,21.9,0.008517206749732328,-0.07030186227033158,0.002129301687433082,0.56898,0.50031,9.73152
119878786680,21.9,0.00958185759344887,-0.03408628029144926,0.0,0.63765,0.46107000000000004,9.73152
119883837185,21.9,0.023439771854283843,0.006387905062299246,-0.001064650843716541,0.60822,0.3924,9.770760000000001
119888887690,21.9,0.04581489286485115,0.06178465552059926,-0.002129301687433082,0.43164,0.40221,9.82962
119893938195,21.9,0.05965535383316618,0.09267698328089889,-0.001064650843716541,0.17658,0.47088,9.888480000000001
119898988700,21.9,0.06923721142661506,0.10332349171806432,-0.002129301687433082,-0.039240000000000004,0.5886,9.888480000000001
119904039205,21.9,0.08096582400001695,0.08841837990603273,0.0,-0.16677000000000003,0.75537,9.82962
119909089710,21.9,0.08628907821859966,0.0756251164889143,-0.001064650843716541,-0.2943,0.9711900000000001,9.67266
119914140215,21.9,0.07990117315630041,0.05539675045830002,0.0,-0.35316,1.06929,9.60399
119919190720,21.9,0.049008845396000776,0.020245819323134222,-0.001064650843716541,-0.38259000000000004,1.03005,9.60399
119924241225,21.9,0.023439771854283843,-0.015987215948268057,0.0,-0.38259000000000004,0.89271,9.55494
119929291730,21.9,0.002129301687433082,-0.03408628029144926,0.0,-0.33354000000000006,0.75537,9.55494
119934342235,21.9,-0.006387905062299246,-0.04794419455228423,0.001064650843716541,-0.28449,0.59841,9.60399
119939392740,21.9,-0.008517206749732328,-0.06284930636431581,0.0,-0.1962,0.5395500000000001,9.73152
119944443245,21.9,-0.001064650843716541,-0.06391395720803235,0.0,-0.019620000000000002,0.5395500000000001,9.819809999999999
119949493750,21.9,0.00958185759344887,-0.06178465552059926,-0.001064650843716541,0.10791,0.5493600000000001,9.81
119954544255,21.9,0.023439771854283843,-0.05220279792715039,-0.001064650843716541,0.24525000000000002,0.64746,9.760950000000001
119959594760,21.9,0.024504422698000388,-0.031956978604016174,0.0,0.37278,0.6180300000000001,9.82962
119964645265,21.9,0.021310470166850764,-0.011711159280881954,-0.002129301687433082,0.3924,0.5886,9.78057
119969695770,21.9,0.02556907354171693,0.014905111812031574,0.001064650843716541,0.30411,0.57879,9.770760000000001
119974746275,21.9,0.03834488366631542,0.02556907354171693,-0.001064650843716541,0.24525000000000002,0.6278400000000001,9.819809999999999
119979796780,21.9,0.03834488366631542,0.03834488366631542,-0.003193952531149623,0.16677000000000003,0.59841,9.89829
119984847285,21.9,0.04260348704118158,0.05007349623971732,-0.001064650843716541,0.039240000000000004,0.57879,9.86886
119989897790,21.9,0.046879543708567686,0.05859070298944965,-0.006387905062299246,-0.07848000000000001,0.63765,9.80019
119994948295,21.9,0.05539675045830002,0.06284930636431581,-0.005323254218582705,-0.21582,0.73575,9.80019
119999998800,21.9,0.054332099614583476,0.05752605214573309,0.002129301687433082,-0.30411,0.7651800000000001,9.85905
120005049305,21.9,0.044732788728614664,0.05859070298944965,-0.004258603374866164,-0.41202000000000005,0.75537,9.92772
120010099810,21.9,0.039409534510031964,0.05113814708343386,-0.003193952531149623,-0.5493600000000001,0.65727,9.908100000000001
120015150315,21.9,0.03834488366631542,0.04260348704118158,0.0,-0.65727,0.6180300000000001,9.86886
120020200820,21.9,0.03834488366631542,0.023439771854283843,-0.002129301687433082,-0.70632,0.6867000000000001,9.80019
120025251325,21.9,0.04794419455228423,0.0,0.0,-0.70632,0.80442,9.751140000000001
120030301830,21.9,0.04581489286485115,-0.02556907354171693,0.001064650843716541,-0.60822,0.89271,9.65304
120035352335,21.9,0.0404741853537485,-0.054332099614583476,0.0,-0.44145,0.9908100000000001,9.60399
120040402840,21.9,0.021310470166850764,-0.07456046564519776,0.001064650843716541,-0.23544,0.95157,9.56475
120045453345,21.9,0.00958185759344887,-0.09587093581204853,0.003193952531149623,-0.06867000000000001,0.95157,9.48627
120050503850,21.9,-0.006387905062299246,-0.09800023749948161,0.003193952531149623,0.1962,0.85347,9.53532
120055554355,21.9,-0.020245819323134222,-0.09800023749948161,0.001064650843716541,0.3924,0.69651,9.65304
120060604860,21.9,-0.02769837522915001,-0.09267698328089889,0.0,0.60822,0.51012,9.68247
120065655365,21.9,-0.013840460968315033,-0.05965535383316618,-0.004258603374866164,0.70632,0.34335000000000004,9.623610000000001
120070705870,21.9,0.006387905062299246,-0.0170518667919846,0.001064650843716541,0.6867000000000001,0.35316,9.55494
120075756375,21.9,0.03089232776029963,0.01918116847941768,0.0,0.6768900000000001,0.48069000000000006,9.59418
120080806880,21.9,0.05539675045830002,0.054332099614583476,0.0,0.5493600000000001,0.59841,9.633420000000001
120085857385,21.9,0.06497860805174888,0.08628907821859966,-0.001064650843716541,0.35316,0.7749900000000001,9.67266
120090907890,21.9,0.06284930636431581,0.09374163412461543,-0.002129301687433082,0.16677000000000003,0.8240400000000001,9.7119
120095958395,21.9,0.05752605214573309,0.10759954838545042,-0.002129301687433082,-0.05886,0.85347,9.80019
120101008900,21.9,0.046879543708567686,0.1171814059788993,-0.003193952531149623,-0.33354000000000006,0.86328,9.760950000000001
120106059405,21.9,0.039409534510031964,0.10012953918691468,0.0,-0.56898,0.8142300000000001,9.78057
120111109910,21.9,0.033021629447732716,0.06178465552059926,0.001064650843716541,-0.7651800000000001,0.8142300000000001,9.84924
120116160415,21.9,0.01918116847941768,0.014905111812031574,0.001064650843716541,-0.7651800000000001,0.7749900000000001,9.84924
120121210920,21.9,0.0170518667919846,-0.02663372438543347,-0.001064650843716541,-0.70632,0.75537,9.83943
120126261425,21.9,0.00958185759344887,-0.05113814708343386,0.0,-0.60822,0.79461,9.888480000000001
120131311930,21.9,0.005323254218582705,-0.07030186227033158,-0.003193952531149623,-0.43164,0.74556,9.94734
120136362435,21.9,0.001064650843716541,-0.08415977653116657,0.001064650843716541,-0.28449,0.73575,9.96696
120141412940,21.9,-0.001064650843716541,-0.09161233243718235,0.0,-0.05886,0.6670800000000001,9.937529999999999
120146463445,21.9,0.004258603374866164,-0.09054768159346581,0.001064650843716541,0.16677000000000003,0.59841,9.91791
120151513950,21.9,0.006387905062299246,-0.06923721142661506,0.0,0.33354000000000006,0.5493600000000001,9.819809999999999
120156564455,21.9,0.013840460968315033,-0.03089232776029963,-0.002129301687433082,0.45126,0.50031,9.72171
120161614960,21.9,0.02663372438543347,0.0,0.003193952531149623,0.41202000000000005,0.60822,9.65304
120166665465,21.9,0.03834488366631542,0.015987215948268057,-0.002129301687433082,0.38259000000000004,0.70632,9.73152
120171715970,21.9,0.04260348704118158,0.02769837522915001,-0.002129301687433082,0.36297,0.74556,9.819809999999999
120176766475,21.9,0.04581489286485115,0.028763026072866547,-0.002129301687433082,0.26487,0.80442,9.74133
120181816980,21.9,0.046879543708567686,0.03408628029144926,-0.002129301687433082,0.1962,0.80442,9.66285
120186867485,21.9,0.04260348704118158,0.04794419455228423,-0.002129301687433082,0.07848000000000001,0.7749900000000001,9.623610000000001
120191917990,21.9,0.03621558197888234,0.05859070298944965,-0.002129301687433082,-0.06867000000000001,0.7848,9.48627
120196968495,21.9,0.033021629447732716,0.05752605214573309,-0.001064650843716541,-0.15696000000000002,0.7749900000000001,9.496080000000001
120202019000,21.9,0.033021629447732716,0.054332099614583476,-0.003193952531149623,-0.2943,0.86328,9.496080000000001
120207069505,21.9,0.031956978604016174,0.04581489286485115,-0.001064650843716541,-0.36297,0.9221400000000001,9.55494
120212120010,21.9,0.02982767691658309,0.03728023282259888,-0.001064650843716541,-0.45126,0.95157,9.6138
120217170515,21.9,0.021310470166850764,0.023439771854283843,0.0,-0.51993,0.8142300000000001,9.70209
120222221020,21.9,0.005323254218582705,0.001064650843716541,-0.002129301687433082,-0.5395500000000001,0.71613,9.60399
120227271525,21.9,-0.008517206749732328,-0.020245819323134222,0.0,-0.52974,0.6768900000000001,9.64323
120232322030,21.9,-0.006387905062299246,-0.04794419455228423,0.004258603374866164,-0.40221,0.74556,9.751140000000001
120237372535,21.9,-0.001064650843716541,-0.08415977653116657,0.0,-0.21582,0.89271,9.82962
120242423040,21.9,0.00958185759344887,-0.10759954838545042,0.0,0.05886,1.02024,9.86886
120247473545,21.9,-0.002129301687433082,-0.11292280260403312,0.001064650843716541,0.41202000000000005,0.9613800000000001,9.85905
120252524050,21.9,-0.015987215948268057,-0.09800023749948161,-0.001064650843716541,0.65727,0.65727,9.73152
120257574555,21.9,-0.033021629447732716,-0.054332099614583476,0.0,0.71613,0.32373,9.623610000000001
120262625060,21.9,-0.031956978604016174,0.007452555906015787,0.0,0.57879,0.13734000000000002,9.7119
120267675565,21.9,0.001064650843716541,0.05539675045830002,-0.001064650843716541,0.36297,0.17658,9.87867
120272726070,21.9,0.044732788728614664,0.09161233243718235,-0.004258603374866164,0.13734000000000002,0.41202000000000005,10.09449
120277776575,21.9,0.08735372906231618,0.11398745344774965,-0.001064650843716541,-0.039240000000000004,0.6670800000000001,10.08468
120282827080,21.9,0.10119419003063122,0.12144000935376545,-0.004258603374866164,-0.22563,0.95157,9.92772
120287877585,21.9,0.10438814256178083,0.10545279340549739,-0.002129301687433082,-0.37278,1.21644,9.67266
120292928090,21.9,0.0756251164889143,0.07777187146886733,0.002129301687433082,-0.52974,1.3341600000000002,9.56475
120297978595,21.9,0.03621558197888234,0.023439771854283843,0.001064650843716541,-0.56898,1.29492,9.45684
120303029100,21.9,-0.004258603374866164,-0.03089232776029963,0.0,-0.51993,1.1281500000000002,9.50589
120308079605,21.9,-0.02982767691658309,-0.07883652231258387,0.001064650843716541,-0.38259000000000004,0.90252,9.6138
120313130110,21.9,-0.04794419455228423,-0.10225884087434776,0.0,-0.20601000000000003,0.6867000000000001,9.770760000000001
120318180615,21.9,-0.04260348704118158,-0.10012953918691468,0.0,-0.039240000000000004,0.46107000000000004,9.819809999999999
120323231120,21.9,-0.02769837522915001,-0.08309512568745003,0.0,0.14715,0.36297,9.83943
120328281625,21.9,-0.004258603374866164,-0.05007349623971732,0.0,0.24525000000000002,0.3924,9.68247
120333332130,21.9,0.01918116847941768,-0.01811651763570114,0.0,0.30411,0.52974,9.760950000000001
120338382635,21.9,0.03408628029144926,0.012775810124598492,0.002129301687433082,0.30411,0.74556,9.72171
120343433140,21.9,0.04794419455228423,0.022375121010567305,0.0,0.30411,0.9711900000000001,9.73152
120348483645,21.9,0.05326744877086694,0.028763026072866547,0.0,0.2943,1.05948,9.819809999999999
120353534150,21.9,0.04366813788489812,0.02769837522915001,0.0,0.20601000000000003,0.9908100000000001,9.751140000000001
120358584655,21.9,0.013840460968315033,0.03621558197888234,-0.004258603374866164,0.0981,0.7749900000000001,9.66285
120363635160,21.9,0.0,0.05007349623971732,-0.001064650843716541,-0.05886,0.6278400000000001,9.6138
120368685665,21.9,-0.001064650843716541,0.06284930636431581,-0.001064650843716541,-0.23544,0.52974,9.69228
120373736170,21.9,0.006387905062299246,0.060720004676882725,-0.003193952531149623,-0.38259000000000004,0.5886,9.760950000000001
120378786675,21.9,0.02663372438543347,0.03515093113516579,-0.002129301687433082,-0.46107000000000004,0.7749900000000001,9.87867
120383837180,21.9,0.044732788728614664,0.0,0.0,-0.41202000000000005,1.00062,9.87867
120388887685,21.9,0.04260348704118158,-0.03834488366631542,0.001064650843716541,-0.2943,1.1281500000000002,9.81
120393938190,21.9,0.02556907354171693,-0.05646140130201656,0.004258603374866164,-0.0981,1.08891,9.67266
120398988695,21.9,-0.001064650843716541,-0.06710790973918197,0.003193952531149623,0.039240000000000004,0.95157,9.54513
120404039200,21.9,-0.02769837522915001,-0.06391395720803235,0.0,0.17658,0.80442,9.45684
120409089705,21.9,-0.033021629447732716,-0.039409534510031964,0.001064650843716541,0.24525000000000002,0.60822,9.58437
120414140210,21.9,-0.024504422698000388,-0.004258603374866164,-0.001064650843716541,0.20601000000000003,0.45126,9.7119
120419190715,21.9,-0.00958185759344887,0.021310470166850764,0.0,0.08829,0.44145,9.81
120424241220,21.9,0.015987215948268057,0.03515093113516579,0.0,0.0,0.51993,9.937529999999999
120429291725,21.9,0.03515093113516579,0.028763026072866547,0.0,-0.04905,0.64746,9.937529999999999
120434342230,21.9,0.03728023282259888,0.004258603374866164,-0.002129301687433082,-0.019620000000000002,0.90252,9.888480000000001
120439392735,21.9,0.03834488366631542,-0.007452555906015787,-0.003193952531149623,0.019620000000000002,1.02024,9.86886
120444443240,21.9,0.03728023282259888,-0.002129301687433082,-0.001064650843716541,0.08829,1.00062,9.760950000000001
120449493745,21.9,0.021310470166850764,0.006387905062299246,-0.001064650843716541,0.11772,0.9123300000000001,9.56475
120454544250,21.9,0.004258603374866164,0.024504422698000388,-0.002129301687433082,0.0,0.80442,9.54513
120459594755,21.9,0.0,0.03728023282259888,0.002129301687433082,-0.10791,0.6278400000000001,9.54513
120464645260,21.9,-0.006387905062299246,0.03408628029144926,0.001064650843716541,-0.23544,0.60822,9.55494
120469695765,21.9,-0.002129301687433082,0.021310470166850764,0.0,-0.24525000000000002,0.70632,9.7119
120474746270,21.9,0.011711159280881954,-0.002129301687433082,0.001064650843716541,-0.27468000000000004,0.9123300000000001,9.80019
120479796775,21.9,0.023439771854283843,-0.031956978604016174,-0.001064650843716541,-0.17658,1.06929,9.83943
120484847280,21.9,0.023439771854283843,-0.046879543708567686,0.0,0.02943,1.03986,9.819809999999999
120489897785,21.9,0.002129301687433082,-0.03834488366631542,0.0,0.11772,0.84366,9.633420000000001
120494948290,21.9,-0.0170518667919846,-0.014905111812031574,-0.001064650843716541,0.08829,0.60822,9.47646
120499998795,21.9,-0.020245819323134222,0.01064650843716541,0.0,0.039240000000000004,0.50031,9.5157
120505049300,21.9,-0.015987215948268057,0.024504422698000388,0.0,-0.039240000000000004,0.60822,9.66285
120510099805,21.9,0.002129301687433082,0.007452555906015787,0.0,-0.0981,0.8142300000000001,9.83943
120515150310,21.9,0.023439771854283843,-0.011711159280881954,0.0,-0.009810000000000001,0.95157,10.025820000000001
120520200815,21.9,0.021310470166850764,-0.021310470166850764,0.0,0.05886,0.9711900000000001,9.97677
120525251320,21.9,0.008517206749732328,-0.020245819323134222,0.0,0.13734000000000002,0.85347,9.82962
120530301825,21.9,-0.003193952531149623,0.0,0.0,0.11772,0.6180300000000001,9.73152
120535352330,21.9,-0.012775810124598492,0.024504422698000388,0.0,0.0,0.48069000000000006,9.65304
120540402835,21.9,-0.01064650843716541,0.03089232776029963,0.0,-0.0981,0.5886,9.68247
120545453340,21.9,0.013840460968315033,0.02769837522915001,0.0,-0.16677000000000003,0.72594,9.81
120550503845,21.9,0.028763026072866547,0.015987215948268057,0.0,-0.16677000000000003,0.9319500000000001,9.86886
120555554350,21.9,0.033021629447732716,-0.006387905062299246,0.0,-0.07848000000000001,1.08891,9.85905
120560604855,21.9,0.02769837522915001,-0.014905111812031574,0.0,0.0,1.04967,9.83943
120565655360,21.9,0.003193952531149623,-0.012775810124598492,0.0,0.009810000000000001,0.8240400000000001,9.633420000000001
120570705865,21.9,-0.01918116847941768,-0.005323254218582705,0.0,-0.019620000000000002,0.6180300000000001,9.54513
120575756370,21.9,-0.022375121010567305,0.008517206749732328,0.0,-0.07848000000000001,0.52974,9.60399
120580806875,21.9,-0.00958185759344887,0.005323254218582705,0.0,-0.10791,0.59841,9.65304
120585857380,21.9,0.004258603374866164,-0.006387905062299246,0.0,-0.07848000000000001,0.8338500000000001,9.760950000000001
120590907885,21.9,0.028763026072866547,-0.01064650843716541,0.0,0.02943,1.00062,9.82962
120595958390,21.9,0.02663372438543347,-0.01064650843716541,0.0,0.08829,1.04967,9.73152
120601008895,21.9,0.007452555906015787,-0.004258603374866164,0.0,0.0981,0.94176,9.57456
120606059400,21.9,-0.014905111812031574,0.002129301687433082,0.0,0.04905,0.7749900000000001,9.56475
120611109905,21.9,-0.02663372438543347,0.005323254218582705,0.0,0.0,0.6278400000000001,9.59418
120616160410,21.9,-0.02556907354171693,0.002129301687433082,0.0,-0.04905,0.65727,9.74133
120621210915,21.9,-0.001064650843716541,0.003193952531149623,0.0,0.0,0.71613,9.87867
120626261420,21.9,0.011711159280881954,0.011711159280881954,0.0,-0.039240000000000004,0.80442,9.87867
120631311925,21.9,0.01811651763570114,0.01918116847941768,0.0,-0.08829,0.8142300000000001,9.78057
120636362430,21.9,0.012775810124598492,0.014905111812031574,0.0,-0.08829,0.79461,9.79038
120641412935,21.9,-0.002129301687433082,-0.003193952531149623,0.0,-0.10791,0.8142300000000001,9.7119
120646463440,21.9,-0.01064650843716541,-0.021310470166850764,0.0,-0.04905,0.84366,9.81
120651513945,21.9,-0.005323254218582705,-0.031956978604016174,0.0,0.04905,0.8338500000000001,9.86886
120656564450,21.9,0.0,-0.02769837522915001,0.0,0.11772,0.79461,9.84924
120661614955,21.9,0.001064650843716541,-0.015987215948268057,0.0,0.16677000000000003,0.71613,9.770760000000001
120666665460,21.9,0.0,0.005323254218582705,0.0,0.0981,0.64746,9.60399
120671715965,21.9,0.001064650843716541,0.01811651763570114,0.0,0.06867000000000001,0.6670800000000001,9.50589
120676766470,21.9,0.002129301687433082,0.02556907354171693,0.0,0.009810000000000001,0.79461,9.56475
120681816975,21.9,0.007452555906015787,0.02556907354171693,0.0,-0.02943,0.8829,9.67266
120686867480,21.9,0.014905111812031574,0.015987215948268057,0.0,-0.04905,1.00062,9.7119
120691917985,21.9,0.014905111812031574,0.014905111812031574,0.0,-0.02943,1.00062,9.70209
120696968490,21.9,0.01064650843716541,0.01064650843716541,0.0,-0.06867000000000001,0.89271,9.623610000000001
120702018995,21.9,-0.00958185759344887,0.011711159280881954,0.0,-0.15696000000000002,0.7749900000000001,9.44703
120707069500,21.9,-0.021310470166850764,0.001064650843716541,0.0,-0.13734000000000002,0.73575,9.43722
120712120005,21.9,-0.02556907354171693,-0.004258603374866164,0.0,-0.13734000000000002,0.80442,9.47646
120717170510,21.9,-0.021310470166850764,-0.01811651763570114,0.0,-0.06867000000000001,0.9319500000000001,9.60399
120722221015,21.9,-0.014905111812031574,-0.028763026072866547,0.0,0.019620000000000002,0.9613800000000001,9.81
120727271520,21.9,-0.014905111812031574,-0.02663372438543347,0.0,0.07848000000000001,0.84366,9.908100000000001
120732322025,21.9,-0.02769837522915001,-0.02556907354171693,0.0,0.06867000000000001,0.6670800000000001,9.819809999999999
120737372530,21.9,-0.033021629447732716,-0.0170518667919846,0.0,0.07848000000000001,0.49050000000000005,9.819809999999999
120742423035,21.9,-0.028763026072866547,0.0,0.0,0.02943,0.43164,9.81
120747473540,21.9,-0.015987215948268057,0.014905111812031574,0.0,0.019620000000000002,0.51993,9.819809999999999
120752524045,21.9,0.006387905062299246,0.01811651763570114,0.0,0.0,0.75537,9.96696
120757574550,21.9,0.022375121010567305,0.020245819323134222,0.0,-0.009810000000000001,0.9221400000000001,10.025820000000001
120762625055,21.9,0.021310470166850764,0.007452555906015787,0.0,-0.02943,0.9711900000000001,9.96696
120767675560,21.9,0.01064650843716541,0.001064650843716541,0.0,0.0,0.89271,9.87867
120772726065,21.9,-0.004258603374866164,0.0,0.0,-0.039240000000000004,0.7651800000000001,9.70209
120777776570,21.9,-0.01918116847941768,0.001064650843716541,0.0,-0.06867000000000001,0.64746,9.6138
120782827075,21.9,-0.01918116847941768,0.004258603374866164,0.0,-0.10791,0.69651,9.60399
120787877580,21.9,-0.005323254218582705,0.003193952531149623,0.0,-0.07848000000000001,0.8338500000000001,9.64323
120792928085,21.9,0.004258603374866164,-0.008517206749732328,0.0,0.0,0.9908100000000001,9.64323
120797978590,21.9,0.01064650843716541,-0.020245819323134222,0.0,0.0981,1.02024,9.64323
120803029095,21.9,-0.001064650843716541,-0.013840460968315033,0.0,0.12753,0.9613800000000001,9.55494
120808079600,21.9,-0.02663372438543347,-0.004258603374866164,0.0,0.10791,0.7651800000000001,9.47646
120813130105,21.9,-0.03834488366631542,0.005323254218582705,0.0,0.039240000000000004,0.63765,9.55494
120818180610,21.9,-0.04153883619746504,0.012775810124598492,0.0,-0.019620000000000002,0.52974,9.67266
120823231115,21.9,-0.023439771854283843,0.004258603374866164,0.0,-0.07848000000000001,0.6278400000000001,9.79038
120828281620,21.9,-0.001064650843716541,-0.003193952531149623,0.0,-0.039240000000000004,0.75537,9.89829
120833332125,21.9,0.01064650843716541,-0.003193952531149623,0.0,0.02943,0.85347,9.84924
120838382630,21.9,0.008517206749732328,-0.002129301687433082,0.0,0.06867000000000001,0.9221400000000001,9.633420000000001
120843433135,21.9,-0.001064650843716541,0.007452555906015787,0.0,0.08829,0.94176,9.58437
120848483640,21.9,-0.015987215948268057,0.006387905062299246,0.0,0.009810000000000001,0.86328,9.53532
120853534145,21.9,-0.031956978604016174,0.004258603374866164,0.0,-0.019620000000000002,0.7848,9.6138
120858584650,21.9,-0.03515093113516579,0.004258603374866164,0.0,-0.04905,0.7651800000000001,9.770760000000001
120863635155,21.9,-0.022375121010567305,0.004258603374866164,0.0,-0.06867000000000001,0.69651,9.84924
120868685660,21.9,-0.0170518667919846,0.003193952531149623,0.0,-0.07848000000000001,0.64746,9.819809999999999
120873736165,21.9,-0.011711159280881954,-0.006387905062299246,0.0,-0.05886,0.6867000000000001,9.81
120878786670,21.9,-0.015987215948268057,-0.021310470166850764,0.0,-0.019620000000000002,0.7651800000000001,9.770760000000001
120883837175,21.9,-0.01811651763570114,-0.031956978604016174,0.0,0.0981,0.84366,9.770760000000001
120888887680,21.9,-0.014905111812031574,-0.02556907354171693,0.0,0.1962,0.85347,9.85905
120893938185,21.9,-0.013840460968315033,-0.008517206749732328,0.0,0.20601000000000003,0.80442,9.819809999999999
120898988690,21.9,-0.011711159280881954,0.004258603374866164,-0.005323254218582705,0.15696000000000002,0.70632,9.79038
120904039195,21.9,-0.01064650843716541,0.015987215948268057,0.0,0.0981,0.57879,9.770760000000001
120909089700,21.9,-0.020245819323134222,0.02769837522915001,0.002129301687433082,0.0,0.5591700000000001,9.64323
120914140205,21.9,-0.014905111812031574,0.031956978604016174,0.001064650843716541,-0.05886,0.6768900000000001,9.67266
120919190710,21.9,-0.002129301687433082,0.03515093113516579,-0.001064650843716541,-0.0981,0.80442,9.82962
120924241215,21.9,0.003193952531149623,0.02556907354171693,0.0,-0.17658,0.89271,9.86886
120929291720,21.9,0.001064650843716541,0.0,-0.001064650843716541,-0.14715,0.9711900000000001,9.83943
120934342225,21.9,-0.004258603374866164,-0.024504422698000388,-0.002129301687433082,-0.07848000000000001,0.9319500000000001,9.80019
120939392730,21.9,-0.014905111812031574,-0.02769837522915001,0.0,0.0,0.8142300000000001,9.64323
120944443235,21.9,-0.02663372438543347,-0.01918116847941768,0.001064650843716541,0.06867000000000001,0.75537,9.5157
120949493740,21.9,-0.024504422698000388,0.0,0.001064650843716541,0.039240000000000004,0.69651,9.496080000000001
120954544245,21.9,-0.02769837522915001,0.001064650843716541,0.0,0.019620000000000002,0.73575,9.50589
120959594750,21.9,-0.02556907354171693,-0.004258603374866164,-0.002129301687433082,0.019620000000000002,0.7651800000000001,9.58437
120964645255,21.9,-0.023439771854283843,-0.005323254218582705,0.003193952531149623,0.04905,0.80442,9.751140000000001
120969695760,21.9,-0.01811651763570114,-0.005323254218582705,-0.001064650843716541,0.08829,0.8240400000000001,9.74133
120974746265,21.9,-0.01811651763570114,-0.001064650843716541,0.0,0.0981,0.7749900000000001,9.81
120979796770,21.9,-0.01918116847941768,0.004258603374866164,0.001064650843716541,0.04905,0.72594,9.72171
120984847275,21.9,-0.0170518667919846,0.006387905062299246,0.002129301687433082,0.019620000000000002,0.6867000000000001,9.6138
120989897780,21.9,-0.01918116847941768,0.007452555906015787,-0.001064650843716541,0.0,0.73575,9.60399
120994948285,21.9,-0.020245819323134222,0.015987215948268057,0.0,-0.009810000000000001,0.7749900000000001,9.69228
120999998790,21.9,-0.024504422698000388,0.012775810124598492,0.002129301687433082,-0.05886,0.8142300000000001,9.70209
121005049295,21.9,-0.02556907354171693,-0.002129301687433082,-0.002129301687433082,-0.05886,0.86328,9.83943
121010099800,21.9,-0.02556907354171693,-0.015987215948268057,0.0,0.0,0.80442,9.91791
121015150305,21.9,-0.031956978604016174,-0.024504422698000388,0.0,0.02943,0.70632,9.82962
121020200810,21.9,-0.031956978604016174,-0.01918116847941768,0.0,0.0981,0.6278400000000001,9.819809999999999
121025251315,21.9,-0.02982767691658309,-0.006387905062299246,0.0,0.06867000000000001,0.5591700000000001,9.79038
121030301820,21.9,-0.02556907354171693,0.007452555906015787,0.003193952531149623,0.02943,0.56898,9.7119
121035352325,21.9,-0.015987215948268057,0.007452555906015787,0.002129301687433082,0.0,0.69651,9.72171
121040402830,21.9,-0.00958185759344887,0.004258603374866164,-0.002129301687433082,0.04905,0.89271,9.760950000000001
121045453335,21.9,-0.006387905062299246,-0.004258603374866164,-0.001064650843716541,0.11772,0.9613800000000001,9.78057
121050503840,21.9,-0.012775810124598492,-0.0,-0.002129301687433082,0.14715,0.9123300000000001,9.80019
121055554345,21.9,-0.022375121010567305,0.001064650843716541,0.0,0.11772,0.73575,9.760950000000001
121060604850,21.9,-0.04153883619746504,0.006387905062299246,-0.002129301687433082,0.04905,0.50031,9.60399
121065655355,21.9,-0.0404741853537485,0.006387905062299246,0.0,-0.04905,0.46107000000000004,9.60399
121070705860,21.9,-0.03089232776029963,0.013840460968315033,0.0,-0.06867000000000001,0.6278400000000001,9.623610000000001
121075756365,21.9,-0.004258603374866164,0.015987215948268057,0.0,-0.04905,0.90252,9.69228
121080806870,21.9,0.002129301687433082,0.007452555906015787,-0.002129301687433082,0.009810000000000001,1.03986,9.83943
121085857375,21.9,-0.004258603374866164,-0.002129301687433082,0.0,0.009810000000000001,0.94176,9.760950000000001
121090907880,21.9,-0.031956978604016174,-0.011711159280881954,0.0,0.019620000000000002,0.75537,9.58437
121095958385,21.9,-0.05007349623971732,-0.01064650843716541,-0.001064650843716541,-0.019620000000000002,0.6278400000000001,9.52551
121101008890,21.9,-0.05646140130201656,0.0,0.0,-0.039240000000000004,0.56898,9.59418
121106059395,21.9,-0.044732788728614664,0.003193952531149623,0.001064650843716541,-0.02943,0.65727,9.74133
121111109900,21.9,-0.02663372438543347,-0.004258603374866164,0.0,0.0,0.74556,9.937529999999999
121116160405,21.9,-0.015987215948268057,-0.013840460968315033,-0.001064650843716541,0.04905,0.72594,9.94734
121121210910,21.9,-0.021310470166850764,-0.02556907354171693,0.0,0.0981,0.73575,9.74133
121126261415,21.9,-0.033021629447732716,-0.01811651763570114,-0.003193952531149623,0.12753,0.69651,9.69228
121131311920,21.9,-0.03728023282259888,0.002129301687433082,0.0,0.13734000000000002,0.65727,9.73152
121136362425,21.9,-0.03834488366631542,0.008517206749732328,0.003193952531149623,0.07848000000000001,0.65727,9.80019
121141412930,21.9,-0.03089232776029963,0.005323254218582705,0.0,0.04905,0.63765,9.89829
121146463435,21.9,-0.020245819323134222,0.0,0.001064650843716541,0.04905,0.59841,9.87867
121151513940,21.9,-0.013840460968315033,-0.002129301687433082,-0.002129301687433082,0.05886,0.70632,9.72171
121156564445,21.9,-0.004258603374866164,0.006387905062299246,0.001064650843716541,0.05886,0.85347,9.633420000000001
121161614950,21.9,-0.013840460968315033,0.020245819323134222,-0.001064650843716541,0.05886,0.89271,9.64323
121166665455,21.9,-0.023439771854283843,0.013840460968315033,0.001064650843716541,0.04905,0.8142300000000001,9.633420000000001
121171715960,21.9,-0.04260348704118158,0.008517206749732328,-0.003193952531149623,0.019620000000000002,0.6768900000000001,9.69228
121176766465,21.9,-0.044732788728614664,0.004258603374866164,-0.001064650843716541,-0.05886,0.63765,9.68247
121181816970,21.9,-0.03408628029144926,-0.003193952531149623,0.001064650843716541,-0.07848000000000001,0.64746,9.72171
121186867475,21.9,-0.02556907354171693,0.0,0.0,-0.06867000000000001,0.74556,9.82962
121191917980,21.9,-0.01811651763570114,-0.002129301687433082,-0.001064650843716541,0.019620000000000002,0.71613,9.751140000000001
121196968485,21.9,-0.02663372438543347,-0.007452555906015787,-0.002129301687433082,0.02943,0.73575,9.58437
121202018990,21.9,-0.033021629447732716,-0.003193952531149623,-0.003193952531149623,0.04905,0.72594,9.57456
121207069495,21.9,-0.04153883619746504,0.004258603374866164,0.0,0.019620000000000002,0.74556,9.55494
121212120000,21.9,-0.03834488366631542,0.001064650843716541,0.0,0.0,0.8338500000000001,9.66285
121217170505,21.9,-0.03834488366631542,-0.012775810124598492,0.002129301687433082,0.019620000000000002,0.8142300000000001,9.83943
121222221010,21.9,-0.04153883619746504,-0.023439771854283843,0.0,0.0981,0.6768900000000001,9.83943
121227271515,21.9,-0.044732788728614664,-0.01918116847941768,-0.001064650843716541,0.12753,0.5591700000000001,9.67266
121232322020,21.9,-0.04366813788489812,0.0,0.0,0.11772,0.51993,9.64323
121237372525,21.9,-0.0404741853537485,0.015987215948268057,0.002129301687433082,0.019620000000000002,0.59841,9.64323
121242423030,21.9,-0.03515093113516579,0.005323254218582705,-0.001064650843716541,0.05886,0.72594,9.760950000000001
121247473535,21.9,-0.02556907354171693,-0.01064650843716541,0.0,0.0981,0.87309,9.86886
121252524040,21.9,-0.02556907354171693,-0.005323254218582705,0.0,0.17658,0.79461,9.87867
121257574545,21.9,-0.03728023282259888,0.006387905062299246,0.0,0.08829,0.6180300000000001,9.819809999999999
121262625050,21.9,-0.046879543708567686,0.015987215948268057,-0.001064650843716541,-0.009810000000000001,0.45126,9.760950000000001
121267675555,21.9,-0.04794419455228423,0.00958185759344887,0.002129301687433082,-0.05886,0.46107000000000004,9.770760000000001
121272726060,21.9,-0.0404741853537485,-0.01064650843716541,0.003193952531149623,-0.05886,0.5886,9.86886
121277776565,21.9,-0.02556907354171693,-0.01811651763570114,0.0,0.06867000000000001,0.70632,9.937529999999999
121282827070,21.9,-0.0170518667919846,-0.011711159280881954,0.0,0.11772,0.7848,9.89829
121287877575,21.9,-0.01918116847941768,-0.0,-0.001064650843716541,0.11772,0.79461,9.81
121292928080,21.9,-0.024504422698000388,0.003193952531149623,-0.001064650843716541,0.10791,0.70632,9.74133
121297978585,21.9,-0.04260348704118158,0.003193952531149623,-0.002129301687433082,0.05886,0.59841,9.66285
121303029090,21.9,-0.054332099614583476,0.0,0.0,0.04905,0.51012,9.633420000000001
121308079595,21.9,-0.049008845396000776,0.007452555906015787,0.0,0.02943,0.51012,9.770760000000001
121313130100,21.9,-0.02769837522915001,0.022375121010567305,0.002129301687433082,-0.009810000000000001,0.64746,9.760950000000001
121318180605,21.9,-0.01064650843716541,0.021310470166850764,-0.001064650843716541,-0.05886,0.80442,9.72171
121323231110,21.9,-0.007452555906015787,0.005323254218582705,-0.002129301687433082,-0.009810000000000001,0.84366,9.73152
121328281615,21.9,-0.028763026072866547,-0.012775810124598492,0.0,0.02943,0.80442,9.56475
121333332120,21.9,-0.046879543708567686,-0.021310470166850764,-0.002129301687433082,0.07848000000000001,0.7848,9.45684
121338382625,21.9,-0.05752605214573309,-0.007452555906015787,0.0,0.12753,0.70632,9.53532
121343433130,21.9,-0.05646140130201656,0.007452555906015787,0.004258603374866164,0.0981,0.56898,9.623610000000001
121348483635,21.9,-0.05752605214573309,0.0,0.0,0.019620000000000002,0.5591700000000001,9.72171
121353534140,21.9,-0.04366813788489812,-0.014905111812031574,0.0,0.019620000000000002,0.60822,9.760950000000001
121358584645,21.9,-0.03834488366631542,-0.01918116847941768,0.0,0.10791,0.6180300000000001,9.68247
121363635150,21.9,-0.04581489286485115,-0.008517206749732328,-0.001064650843716541,0.1962,0.6180300000000001,9.66285
121368685655,21.9,-0.04366813788489812,-0.001064650843716541,0.001064650843716541,0.16677000000000003,0.69651,9.68247
121373736160,21.9,-0.04366813788489812,0.003193952531149623,0.0,0.18639,0.71613,9.74133
121378786665,21.9,-0.04581489286485115,-0.002129301687433082,0.001064650843716541,0.16677000000000003,0.64746,9.908100000000001
121383837170,21.9,-0.05646140130201656,0.0,0.0,0.0981,0.48069000000000006,9.937529999999999
121388887675,21.9,-0.05752605214573309,0.007452555906015787,0.0,0.039240000000000004,0.36297,9.87867
121393938180,21.9,-0.0404741853537485,0.011711159280881954,0.0,-0.02943,0.44145,9.888480000000001
121398988685,21.9,-0.024504422698000388,0.011711159280881954,0.0,-0.009810000000000001,0.57879,9.937529999999999
121404039190,21.9,-0.024504422698000388,0.0,0.0,0.009810000000000001,0.69651,9.87867
121409089695,21.9,-0.022375121010567305,-0.00958185759344887,0.0,0.07848000000000001,0.7749900000000001,9.908100000000001
121414140200,21.9,-0.021310470166850764,0.0,0.0,0.12753,0.6768900000000001,9.86886
121419190705,21.9,-0.0404741853537485,0.014905111812031574,0.0,0.009810000000000001,0.5591700000000001,9.72171
121424241210,21.9,-0.05007349623971732,0.007452555906015787,0.0,-0.02943,0.5395500000000001,9.73152
121429291715,21.9,-0.046879543708567686,-0.013840460968315033,0.0,0.0,0.56898,9.80019
121434342220,21.9,-0.03621558197888234,-0.020245819323134222,0.0,0.05886,0.64746,9.7119
121439392725,21.9,-0.033021629447732716,-0.020245819323134222,0.0,0.15696000000000002,0.69651,9.70209
121444443230,21.9,-0.03621558197888234,-0.003193952531149623,0.0,0.17658,0.65727,9.66285
121449493735,21.9,-0.03621558197888234,0.011711159280881954,0.0,0.11772,0.5591700000000001,9.56475
121454544240,21.9,-0.03834488366631542,0.013840460968315033,0.0,0.04905,0.5591700000000001,9.59418
121459594745,21.9,-0.04581489286485115,0.005323254218582705,0.0,0.0,0.6180300000000001,9.54513
121464645250,21.9,-0.049008845396000776,-0.006387905062299246,0.0,0.08829,0.6867000000000001,9.64323
121469695755,21.9,-0.0404741853537485,-0.01064650843716541,0.0,0.11772,0.74556,9.67266
121474746260,21.9,-0.03621558197888234,0.002129301687433082,0.0,0.14715,0.72594,9.69228
121479796765,21.9,-0.04153883619746504,0.007452555906015787,0.0,0.06867000000000001,0.65727,9.58437
121484847270,21.9,-0.054332099614583476,0.007452555906015787,0.0,0.019620000000000002,0.5493600000000001,9.65304
121489897775,21.9,-0.05965535383316618,0.013840460968315033,0.0,-0.009810000000000001,0.44145,9.66285
121494948280,21.9,-0.06391395720803235,0.012775810124598492,0.0,-0.04905,0.50031,9.64323
121499998785,21.9,-0.05752605214573309,-0.001064650843716541,0.0,-0.02943,0.60822,9.937529999999999
121505049290,21.9,-0.05007349623971732,-0.02982767691658309,0.0,0.009810000000000001,0.64746,10.045440000000001
121510099795,21.9,-0.04260348704118158,-0.0404741853537485,0.0,0.14715,0.6278400000000001,10.01601
121515150300,21.9,-0.04366813788489812,-0.03621558197888234,0.0,0.23544,0.5591700000000001,9.937529999999999
121520200805,21.9,-0.04581489286485115,-0.013840460968315033,0.0,0.23544,0.40221,9.80019
121525251310,21.9,-0.06391395720803235,0.011711159280881954,0.0,0.20601000000000003,0.25506,9.70209
121530301815,21.9,-0.05752605214573309,0.020245819323134222,0.0,0.0981,0.35316,9.760950000000001
121535352320,21.9,-0.04153883619746504,0.015987215948268057,0.0,0.039240000000000004,0.5591700000000001,9.89829
121540402825,21.9,-0.020245819323134222,-0.002129301687433082,0.0,0.0981,0.71613,9.95715
121545453330,21.9,-0.0170518667919846,-0.01811651763570114,0.0,0.20601000000000003,0.7651800000000001,10.006200000000002
121550503835,21.9,-0.02556907354171693,-0.006387905062299246,0.0,0.24525000000000002,0.63765,9.83943
121555554340,21.9,-0.04153883619746504,0.011711159280881954,0.0,0.20601000000000003,0.48069000000000006,9.60399
121560604845,21.9,-0.054332099614583476,0.01918116847941768,0.0,0.10791,0.3924,9.54513
121565655350,21.9,-0.06178465552059926,0.02769837522915001,0.0,0.0,0.3924,9.57456
121570705855,21.9,-0.04366813788489812,0.03621558197888234,0.0,-0.05886,0.49050000000000005,9.66285
121575756360,21.9,-0.022375121010567305,0.02982767691658309,0.0,-0.10791,0.70632,9.751140000000001
121580806865,21.9,-0.0170518667919846,0.007452555906015787,0.0,-0.11772,0.90252,9.770760000000001
121585857370,21.9,-0.033021629447732716,-0.021310470166850764,0.0,-0.009810000000000001,0.86328,9.73152
121590907875,21.9,-0.05113814708343386,-0.0404741853537485,0.0,0.07848000000000001,0.70632,9.623610000000001
121595958380,21.9,-0.07990117315630041,-0.04153883619746504,0.0,0.14715,0.48069000000000006,9.55494
121601008885,21.9,-0.09587093581204853,-0.02769837522915001,0.0,0.15696000000000002,0.32373,9.59418
121606059390,21.9,-0.08309512568745003,-0.004258603374866164,0.0,0.13734000000000002,0.21582,9.760950000000001
121611109895,21.9,-0.05859070298944965,0.013840460968315033,0.0,0.0981,0.2943,9.83943
121616160400,21.9,-0.033021629447732716,0.006387905062299246,0.0,0.04905,0.48069000000000006,9.908100000000001
121621210905,21.9,-0.021310470166850764,-0.006387905062299246,0.0,0.10791,0.60822,9.95715
121626261410,21.9,-0.02769837522915001,-0.007452555906015787,0.0,0.21582,0.6670800000000001,9.85905
121631311915,21.9,-0.046879543708567686,-0.011711159280881954,0.0,0.22563,0.64746,9.751140000000001
121636362420,21.9,-0.05539675045830002,-0.012775810124598492,0.0,0.22563,0.5886,9.819809999999999
121641412925,21.9,-0.06284930636431581,-0.01918116847941768,0.0,0.30411,0.48069000000000006,9.819809999999999
121646463430,21.9,-0.06604325889546543,-0.01811651763570114,0.0,0.32373,0.36297,9.82962
121651513935,21.9,-0.054332099614583476,0.002129301687433082,0.0,0.25506,0.31392000000000003,9.81
121656564440,21.9,-0.03515093113516579,0.022375121010567305,0.0,0.1962,0.31392000000000003,9.7119
121661614945,21.9,-0.03728023282259888,0.049008845396000776,0.0,0.07848000000000001,0.38259000000000004,9.72171
121666665450,21.9,-0.02982767691658309,0.05646140130201656,0.0,-0.05886,0.47088,9.78057
121671715955,21.9,-0.02556907354171693,0.05007349623971732,0.0,-0.14715,0.59841,9.819809999999999
121676766460,21.9,-0.023439771854283843,0.02556907354171693,0.0,-0.17658,0.6867000000000001,9.86886
121681816965,21.9,-0.03408628029144926,-0.011711159280881954,0.0,-0.17658,0.72594,9.84924
121686867470,21.9,-0.04581489286485115,-0.04366813788489812,0.0,-0.04905,0.75537,9.73152
121691917975,21.9,-0.05859070298944965,-0.06178465552059926,0.0,0.15696000000000002,0.60822,9.64323
121696968480,21.9,-0.08309512568745003,-0.06497860805174888,0.0,0.27468000000000004,0.51993,9.57456
121702018985,21.9,-0.09161233243718235,-0.05220279792715039,0.0,0.3924,0.38259000000000004,9.6138
121707069490,21.9,-0.09054768159346581,-0.02556907354171693,0.0,0.42183,0.1962,9.74133
121712119995,21.9,-0.07456046564519776,0.002129301687433082,0.0,0.33354000000000006,0.16677000000000003,9.86886
121717170500,21.9,-0.054332099614583476,0.014905111812031574,0.0,0.25506,0.17658,9.95715
121722221005,21.9,-0.02769837522915001,0.031956978604016174,0.0,0.17658,0.25506,9.97677
121727271510,21.9,-0.01064650843716541,0.05539675045830002,0.0,0.06867000000000001,0.3924,9.87867
121732322015,21.9,-0.004258603374866164,0.07243116395776468,0.0,-0.04905,0.57879,9.73152
121737372520,21.9,0.0,0.06710790973918197,0.0,-0.15696000000000002,0.75537,9.68247
121742423025,21.9,-0.020245819323134222,0.04260348704118158,0.0,-0.22563,0.8142300000000001,9.623610000000001
121747473530,21.9,-0.03834488366631542,0.005323254218582705,0.0,-0.23544,0.86328,9.59418
121752524035,21.9,-0.05859070298944965,-0.031956978604016174,0.0,-0.16677000000000003,0.7848,9.65304
121757574540,21.9,-0.08203047484373349,-0.06604325889546543,0.0,-0.039240000000000004,0.64746,9.73152
121762625045,21.9,-0.09693558665576507,-0.07990117315630041,0.0,0.15696000000000002,0.44145,9.79038
121767675550,21.9,-0.10866419922916695,-0.08203047484373349,0.0,0.30411,0.20601000000000003,9.770760000000001
121772726055,21.9,-0.10545279340549739,-0.0756251164889143,0.0,0.3924,0.16677000000000003,9.79038
121777776560,21.9,-0.09161233243718235,-0.05113814708343386,0.0,0.51012,0.11772,9.908100000000001
121782827065,21.9,-0.06284930636431581,-0.015987215948268057,0.0,0.5395500000000001,0.10791,9.82962
121787877570,21.9,-0.044732788728614664,0.015987215948268057,0.0,0.51993,0.17658,9.89829
121792928075,21.9,-0.01064650843716541,0.04581489286485115,0.0,0.44145,0.25506,9.94734
121797978580,21.9,-0.008517206749732328,0.07883652231258387,0.0,0.21582,0.30411,9.94734
121803029085,21.9,-0.00958185759344887,0.08735372906231618,0.0,0.019620000000000002,0.45126,9.937529999999999
121808079590,21.9,-0.002129301687433082,0.08309512568745003,0.0,-0.13734000000000002,0.51993,9.81
121813130095,21.9,-0.015987215948268057,0.08203047484373349,0.0,-0.26487,0.60822,9.68247
121818180600,21.9,-0.015987215948268057,0.05007349623971732,0.0,-0.37278,0.7749900000000001,9.623610000000001
121823231105,21.9,-0.02556907354171693,0.01918116847941768,0.0,-0.38259000000000004,0.8142300000000001,9.67266
121828281610,21.9,-0.054332099614583476,-0.0170518667919846,0.0,-0.33354000000000006,0.69651,9.67266
121833332115,21.9,-0.08096582400001695,-0.05220279792715039,0.0,-0.26487,0.49050000000000005,9.57456
121838382620,21.9,-0.09267698328089889,-0.06604325889546543,0.0,-0.1962,0.33354000000000006,9.59418
121843433125,21.9,-0.10012953918691468,-0.07990117315630041,0.0,-0.04905,0.32373,9.68247
121848483630,21.9,-0.08841837990603273,-0.08309512568745003,0.0,0.14715,0.33354000000000006,9.84924
121853534135,21.9,-0.07990117315630041,-0.06923721142661506,0.0,0.3924,0.24525000000000002,9.937529999999999
121858584640,21.9,-0.06710790973918197,-0.05859070298944965,0.0,0.50031,0.28449,9.81
121863635145,21.9,-0.06178465552059926,-0.028763026072866547,0.0,0.57879,0.20601000000000003,9.79038
121868685650,21.9,-0.05220279792715039,0.004258603374866164,0.0,0.5493600000000001,0.22563,9.74133
121873736155,21.9,-0.05113814708343386,0.02556907354171693,0.0,0.48069000000000006,0.30411,9.79038
121878786660,21.9,-0.0404741853537485,0.033021629447732716,0.0,0.41202000000000005,0.31392000000000003,9.92772
121883837165,21.9,-0.03621558197888234,0.04366813788489812,0.0,0.23544,0.34335000000000004,9.94734
121888887670,21.9,-0.028763026072866547,0.054332099614583476,0.0,0.13734000000000002,0.36297,9.937529999999999
121893938175,21.9,-0.020245819323134222,0.06604325889546543,0.0,0.0,0.40221,9.87867
121898988680,21.9,-0.02663372438543347,0.05859070298944965,0.0,-0.12753,0.42183,9.80019
121904039185,21.9,-0.033021629447732716,0.044732788728614664,0.0,-0.21582,0.46107000000000004,9.74133
121909089690,21.9,-0.04581489286485115,0.024504422698000388,0.0,-0.27468000000000004,0.50031,9.78057
121914140195,21.9,-0.046879543708567686,-0.004258603374866164,0.0,-0.27468000000000004,0.5395500000000001,9.72171
121919190700,21.9,-0.05007349623971732,-0.0170518667919846,0.0,-0.20601000000000003,0.51012,9.770760000000001
121924241205,21.9,-0.054332099614583476,-0.03621558197888234,0.0,-0.14715,0.48069000000000006,9.751140000000001
121929291710,21.9,-0.06817256058289851,-0.05539675045830002,0.0,-0.04905,0.45126,9.70209
121934342215,21.9,-0.07456046564519776,-0.054332099614583476,0.0,0.13734000000000002,0.27468000000000004,9.69228
121939392720,21.9,-0.08415977653116657,-0.04366813788489812,0.0,0.1962,0.20601000000000003,9.64323
121944443225,21.9,-0.0756251164889143,-0.02556907354171693,0.0,0.23544,0.1962,9.6138
121949493730,21.9,-0.05965535383316618,-0.004258603374866164,0.005323254218582705,0.25506,0.24525000000000002,9.770760000000001
121954544235,21.9,-0.046879543708567686,0.004258603374866164,0.0,0.24525000000000002,0.32373,9.84924
121959594740,21.9,-0.04260348704118158,0.007452555906015787,0.0,0.24525000000000002,0.33354000000000006,9.888480000000001
121964645245,21.9,-0.0404741853537485,0.014905111812031574,0.0,0.1962,0.2943,9.760950000000001
121969695750,21.9,-0.039409534510031964,0.023439771854283843,0.0,0.0981,0.34335000000000004,9.66285
121974746255,21.9,-0.0404741853537485,0.03089232776029963,0.003193952531149623,0.05886,0.40221,9.68247
121979796760,21.9,-0.04153883619746504,0.022375121010567305,0.001064650843716541,0.0,0.48069000000000006,9.70209
121984847265,21.9,-0.046879543708567686,0.0,0.001064650843716541,0.019620000000000002,0.51993,9.74133
121989897770,21.9,-0.05646140130201656,-0.006387905062299246,0.002129301687433082,0.05886,0.44145,9.73152
121994948275,21.9,-0.06604325889546543,-0.011711159280881954,0.0,0.06867000000000001,0.38259000000000004,9.67266
121999998780,21.9,-0.07243116395776468,-0.021310470166850764,0.001064650843716541,0.07848000000000001,0.34335000000000004,9.66285
122005049285,21.9,-0.07990117315630041,-0.03089232776029963,0.002129301687433082,0.13734000000000002,0.31392000000000003,9.751140000000001
122010099790,21.9,-0.07777187146886733,-0.05007349623971732,0.002129301687433082,0.27468000000000004,0.33354000000000006,9.81
122015150295,21.9,-0.07990117315630041,-0.05646140130201656,0.002129301687433082,0.41202000000000005,0.25506,9.91791
122020200800,21.9,-0.07349581480148122,-0.0404741853537485,0.001064650843716541,0.47088,0.17658,9.85905
122025251305,21.9,-0.06817256058289851,-0.012775810124598492,0.0,0.51012,0.14715,9.86886
122030301810,21.9,-0.060720004676882725,0.013840460968315033,0.003193952531149623,0.44145,0.07848000000000001,9.97677
122035352315,21.9,-0.049008845396000776,0.031956978604016174,0.0,0.32373,0.019620000000000002,9.98658
122040402820,21.9,-0.04260348704118158,0.05113814708343386,0.0,0.18639,0.05886,10.006200000000002
122045453325,21.9,-0.028763026072866547,0.07136651311404815,0.0,0.04905,0.15696000000000002,10.06506
122050503830,21.9,-0.015987215948268057,0.0852244273748831,0.0,-0.10791,0.23544,9.99639
122055554335,21.9,-0.012775810124598492,0.08841837990603273,-0.002129301687433082,-0.2943,0.37278,9.94734
122060604840,21.9,-0.008517206749732328,0.05326744877086694,0.0,-0.3924,0.52974,9.83943
122065655345,21.9,-0.01811651763570114,0.013840460968315033,0.0,-0.38259000000000004,0.57879,9.78057
122070705850,21.9,-0.03728023282259888,-0.008517206749732328,0.001064650843716541,-0.32373,0.5493600000000001,9.74133
122075756355,21.9,-0.05539675045830002,-0.023439771854283843,0.001064650843716541,-0.30411,0.45126,9.6138
122080806860,21.9,-0.07990117315630041,-0.039409534510031964,0.0,-0.20601000000000003,0.37278,9.60399
122085857365,21.9,-0.08415977653116657,-0.06923721142661506,0.002129301687433082,-0.12753,0.33354000000000006,9.633420000000001
122090907870,21.9,-0.08415977653116657,-0.09374163412461543,0.0,0.07848000000000001,0.3924,9.70209
122095958375,21.9,-0.08309512568745003,-0.10012953918691468,0.001064650843716541,0.38259000000000004,0.30411,9.80019
122101008880,21.9,-0.08415977653116657,-0.07670722062515077,0.0,0.5886,0.21582,9.66285
122106059385,21.9,-0.08841837990603273,-0.04366813788489812,0.001064650843716541,0.6867000000000001,0.06867000000000001,9.633420000000001
122111109890,21.9,-0.07456046564519776,-0.01064650843716541,0.0,0.63765,0.009810000000000001,9.6138
122116160395,21.9,-0.07030186227033158,0.01918116847941768,0.0,0.52974,0.019620000000000002,9.69228
122121210900,21.9,-0.05113814708343386,0.03728023282259888,0.0,0.44145,0.05886,9.81
122126261405,21.9,-0.02982767691658309,0.05007349623971732,-0.001064650843716541,0.34335000000000004,0.15696000000000002,9.81
122131311910,21.9,-0.012775810124598492,0.06710790973918197,0.001064650843716541,0.24525000000000002,0.34335000000000004,9.819809999999999
122136362415,21.9,-0.013840460968315033,0.07456046564519776,0.0,0.08829,0.45126,9.91791
122141412920,21.9,-0.0170518667919846,0.06817256058289851,-0.002129301687433082,-0.039240000000000004,0.40221,9.79038
122146463425,21.9,-0.04260348704118158,0.060720004676882725,-0.002129301687433082,-0.1962,0.36297,9.73152
122151513930,21.9,-0.05859070298944965,0.04153883619746504,0.001064650843716541,-0.31392000000000003,0.35316,9.73152
122156564435,21.9,-0.05646140130201656,0.022375121010567305,0.001064650843716541,-0.33354000000000006,0.37278,9.82962
122161614940,21.9,-0.06178465552059926,0.008517206749732328,0.003193952531149623,-0.35316,0.26487,9.94734
122166665445,21.9,-0.06817256058289851,-0.014905111812031574,0.001064650843716541,-0.37278,0.15696000000000002,9.96696
122171715950,21.9,-0.0756251164889143,-0.031956978604016174,-0.001064650843716541,-0.33354000000000006,0.07848000000000001,9.96696
122176766455,21.9,-0.07456046564519776,-0.049008845396000776,0.005323254218582705,-0.24525000000000002,0.07848000000000001,9.94734
122181816960,21.9,-0.06497860805174888,-0.06497860805174888,0.001064650843716541,-0.11772,0.16677000000000003,9.82962
122186867465,21.9,-0.054332099614583476,-0.07883652231258387,0.002129301687433082,0.0981,0.44145,9.94734
122191917970,21.9,-0.05326744877086694,-0.09800023749948161,0.002129301687433082,0.45126,0.44145,10.03563
122196968475,21.9,-0.06178465552059926,-0.08948303074974927,0.0,0.6867000000000001,0.31392000000000003,9.87867
122202018980,21.9,-0.07990117315630041,-0.05646140130201656,0.001064650843716541,0.79461,0.0981,9.66285
122207069485,21.9,-0.07990117315630041,-0.021310470166850764,0.0,0.73575,0.0,9.53532
122212119990,21.9,-0.07777187146886733,0.015987215948268057,0.002129301687433082,0.6867000000000001,-0.06867000000000001,9.67266
122217170495,21.9,-0.060720004676882725,0.04581489286485115,0.002129301687433082,0.51012,-0.02943,9.7119
122222221000,21.9,-0.03515093113516579,0.06391395720803235,-0.001064650843716541,0.41202000000000005,0.0,9.80019
122227271505,21.9,-0.0170518667919846,0.10012953918691468,-0.004258603374866164,0.22563,0.08829,9.86886
122232322010,21.9,0.0,0.12356931104119852,0.0,-0.05886,0.1962,9.81
122237372515,21.9,0.001064650843716541,0.13634512116579703,-0.003193952531149623,-0.31392000000000003,0.28449,9.72171
122242423020,21.9,-0.011711159280881954,0.11398745344774965,-0.003193952531149623,-0.5395500000000001,0.41202000000000005,9.751140000000001
122247473525,21.9,-0.01918116847941768,0.06817256058289851,0.0,-0.6768900000000001,0.50031,9.68247
122252524030,21.9,-0.039409534510031964,0.01811651763570114,0.002129301687433082,-0.70632,0.5886,9.70209
122257574535,21.9,-0.05007349623971732,-0.03515093113516579,0.001064650843716541,-0.63765,0.56898,9.70209
122262625040,21.9,-0.07456046564519776,-0.09480628496833199,0.0,-0.44145,0.51993,9.770760000000001
122267675545,21.9,-0.09906488834319814,-0.15339698795778162,-0.001064650843716541,-0.20601000000000003,0.44145,9.81
122272726050,21.9,-0.12144000935376545,-0.18641861740551433,0.003193952531149623,0.21582,0.31392000000000003,9.83943
122277776555,21.9,-0.14062117783318315,-0.18216001403064813,0.0,0.71613,0.08829,9.82962
122282827060,21.9,-0.14594443205176583,-0.11611675513518273,0.003193952531149623,0.9319500000000001,-0.16677000000000003,9.81
122287877565,21.9,-0.12356931104119852,-0.046879543708567686,0.001064650843716541,0.90252,-0.28449,9.72171
122292928070,21.9,-0.09693558665576507,0.02982767691658309,-0.002129301687433082,0.86328,-0.30411,9.83943
122297978575,21.9,-0.06923721142661506,0.09054768159346581,0.0,0.6867000000000001,-0.25506,9.96696
122303029080,21.9,-0.04366813788489812,0.13634512116579703,-0.001064650843716541,0.40221,-0.23544,9.91791
122308079585,21.9,-0.015987215948268057,0.16510814723866357,-0.001064650843716541,0.05886,-0.11772,9.82962
122313130090,21.9,0.001064650843716541,0.15765559133264778,0.0,-0.28449,0.009810000000000001,9.78057
122318180595,21.9,0.021310470166850764,0.10653489754173388,0.0,-0.5493600000000001,0.0981,9.78057
122323231100,21.9,0.02556907354171693,0.03515093113516579,-0.001064650843716541,-0.63765,0.20601000000000003,9.81
122328281605,21.9,0.028763026072866547,-0.033021629447732716,-0.003193952531149623,-0.5886,0.7749900000000001,9.81
122333332110,21.9,0.022375121010567305,-0.07777187146886733,0.0,-0.28449,0.84366,10.06506
122338382615,21.9,-0.039409534510031964,-0.07777187146886733,0.002129301687433082,-0.06867000000000001,0.6867000000000001,9.937529999999999
122343433120,21.9,-0.10225884087434776,-0.06497860805174888,0.001064650843716541,0.07848000000000001,0.21582,9.38817
122348483625,21.9,-0.11398745344774965,-0.06391395720803235,0.001064650843716541,0.05886,0.0,9.4176
122353534130,21.9,-0.1288925652597812,-0.05220279792715039,0.001064650843716541,0.13734000000000002,0.04905,9.623610000000001
122358584635,21.9,-0.10119419003063122,-0.04581489286485115,0.001064650843716541,0.28449,-0.11772,10.01601
122363635140,21.9,-0.08735372906231618,-0.04260348704118158,0.001064650843716541,0.30411,-0.06867000000000001,10.025820000000001
122368685645,21.9,-0.07883652231258387,-0.033021629447732716,0.0,0.41202000000000005,-0.10791,9.98658
122373736150,21.9,-0.049008845396000776,-0.02556907354171693,0.0,0.45126,-0.11772,9.81
122378786655,21.9,-0.0404741853537485,0.003193952531149623,0.001064650843716541,0.46107000000000004,-0.02943,9.7119
122383837160,21.9,-0.02663372438543347,0.033021629447732716,0.001064650843716541,0.45126,0.0,9.64323
122388887665,21.9,-0.021310470166850764,0.07030186227033158,-0.002129301687433082,0.28449,0.07848000000000001,9.7119
122393938170,21.9,-0.023439771854283843,0.10012953918691468,0.001064650843716541,0.05886,0.10791,9.78057
122398988675,21.9,-0.020245819323134222,0.09480628496833199,-0.001064650843716541,-0.12753,0.16677000000000003,9.81
122404039180,21.9,-0.023439771854283843,0.06604325889546543,0.0,-0.28449,0.28449,9.78057
122409089685,21.9,-0.024504422698000388,0.023439771854283843,0.0,-0.37278,0.43164,9.819809999999999
122414140190,21.9,-0.03834488366631542,-0.020245819323134222,0.0,-0.27468000000000004,0.48069000000000006,9.937529999999999
122419190695,21.9,-0.05646140130201656,-0.05859070298944965,0.003193952531149623,-0.13734000000000002,0.28449,9.908100000000001
122424241200,21.9,-0.07777187146886733,-0.06284930636431581,0.0,-0.08829,0.11772,9.80019
122429291705,21.9,-0.09587093581204853,-0.03621558197888234,0.0,0.039240000000000004,0.0,9.70209
122434342210,21.9,-0.08628907821859966,-0.02769837522915001,0.002129301687433082,0.08829,-0.04905,9.74133
122439392715,21.9,-0.09800023749948161,-0.0170518667919846,0.0,0.12753,0.009810000000000001,9.80019
122444443220,21.9,-0.07990117315630041,-0.015987215948268057,0.0,0.14715,-0.0981,9.760950000000001
122449493725,21.9,-0.06284930636431581,-0.024504422698000388,0.0,0.18639,-0.039240000000000004,9.78057
122454544230,21.9,-0.05539675045830002,-0.031956978604016174,0.0,0.27468000000000004,-0.019620000000000002,9.80019
122459594735,21.9,-0.039409534510031964,-0.028763026072866547,-0.003193952531149623,0.30411,-0.009810000000000001,9.86886
122464645240,21.9,-0.033021629447732716,-0.002129301687433082,0.0,0.30411,0.0,9.888480000000001
122469695745,21.9,-0.03834488366631542,0.028763026072866547,-0.002129301687433082,0.2943,0.009810000000000001,9.92772
122474746250,21.9,-0.03621558197888234,0.049008845396000776,0.0,0.18639,0.06867000000000001,9.79038
122479796755,21.9,-0.0404741853537485,0.06710790973918197,0.001064650843716541,0.02943,0.08829,9.72171
122484847260,21.9,-0.03515093113516579,0.05965535383316618,0.003193952531149623,-0.05886,0.10791,9.69228
122489897765,21.9,-0.03728023282259888,0.02769837522915001,0.001064650843716541,-0.15696000000000002,0.16677000000000003,9.74133
122494948270,21.9,-0.0404741853537485,-0.002129301687433082,-0.001064650843716541,-0.16677000000000003,0.24525000000000002,9.89829
122499998775,21.9,-0.05007349623971732,-0.013840460968315033,-0.003193952531149623,-0.11772,0.20601000000000003,10.045440000000001
122505049280,21.9,-0.060720004676882725,-0.015987215948268057,0.0,-0.0981,0.009810000000000001,9.888480000000001
122510099785,21.9,-0.06923721142661506,-0.022375121010567305,0.001064650843716541,-0.08829,0.05886,9.79038
122515150290,21.9,-0.0756251164889143,-0.0170518667919846,0.001064650843716541,0.0,0.009810000000000001,9.80019
122520200795,21.9,-0.06817256058289851,-0.023439771854283843,0.0,0.039240000000000004,0.0,9.6138
122525251300,21.9,-0.07349581480148122,-0.024504422698000388,0.002129301687433082,0.07848000000000001,0.039240000000000004,9.60399
122530301805,21.9,-0.05539675045830002,-0.03728023282259888,0.0,0.16677000000000003,-0.019620000000000002,9.69228
122535352310,21.9,-0.05007349623971732,-0.03408628029144926,-0.002129301687433082,0.23544,0.0981,9.85905
122540402815,21.9,-0.05220279792715039,-0.03728023282259888,-0.001064650843716541,0.35316,-0.039240000000000004,10.06506
122545453320,21.9,-0.06817256058289851,-0.007452555906015787,-0.002129301687433082,0.30411,0.0,10.06506
122550503825,21.9,-0.06284930636431581,0.020245819323134222,0.0,0.31392000000000003,-0.0981,9.78057
122555554330,21.9,-0.06178465552059926,0.046879543708567686,0.0,0.18639,-0.039240000000000004,9.81
122560604835,21.9,-0.05646140130201656,0.054332099614583476,0.0,0.07848000000000001,-0.02943,9.66285
122565655340,21.9,-0.03728023282259888,0.04153883619746504,0.003193952531149623,0.0,0.0,9.68247
122570705845,21.9,-0.04260348704118158,0.02663372438543347,0.0,-0.06867000000000001,0.02943,9.80019
122575756350,21.9,-0.03728023282259888,0.013840460968315033,-0.004258603374866164,-0.10791,0.009810000000000001,9.91791
122580806855,21.9,-0.044732788728614664,0.01064650843716541,-0.002129301687433082,-0.17658,0.0,9.91791
122585857360,21.9,-0.054332099614583476,-0.007452555906015787,-0.001064650843716541,-0.13734000000000002,0.02943,9.92772
122590907865,21.9,-0.05113814708343386,-0.02982767691658309,0.002129301687433082,-0.07848000000000001,0.019620000000000002,9.78057
122595958370,21.9,-0.049008845396000776,-0.04794419455228423,0.0,0.009810000000000001,0.039240000000000004,9.66285
122601008875,21.9,-0.04153883619746504,-0.04366813788489812,0.003193952531149623,0.17658,0.05886,9.6138
122606059380,21.9,-0.03728023282259888,-0.03089232776029963,0.001064650843716541,0.23544,0.20601000000000003,9.623610000000001
122611109885,21.9,-0.05007349623971732,-0.013840460968315033,0.0,0.33354000000000006,0.039240000000000004,9.81
122616160390,21.9,-0.07349581480148122,0.004258603374866164,0.0,0.20601000000000003,0.0,9.83943
122621210895,21.9,-0.0852244273748831,0.013840460968315033,0.0,0.1962,-0.06867000000000001,9.908100000000001
122626261400,21.9,-0.08096582400001695,0.01811651763570114,0.0,0.15696000000000002,-0.05886,10.045440000000001
122631311905,21.9,-0.07136651311404815,0.02556907354171693,-0.001064650843716541,0.06867000000000001,-0.10791,9.92772
122636362410,21.9,-0.05646140130201656,0.02663372438543347,-0.002129301687433082,0.039240000000000004,-0.11772,9.79038
122641412915,21.9,-0.05220279792715039,0.02982767691658309,-0.001064650843716541,0.0,-0.10791,9.72171
122646463420,21.9,-0.04794419455228423,0.021310470166850764,0.001064650843716541,-0.05886,-0.08829,9.751140000000001
122651513925,21.9,-0.05539675045830002,0.020245819323134222,-0.001064650843716541,-0.11772,-0.0981,9.751140000000001
122656564430,21.9,-0.05965535383316618,0.003193952531149623,0.0,-0.11772,-0.05886,9.81
122661614935,21.9,-0.054332099614583476,-0.024504422698000388,0.0,-0.10791,-0.05886,9.888480000000001
122666665440,21.9,-0.03834488366631542,-0.05326744877086694,0.001064650843716541,0.0,-0.039240000000000004,9.888480000000001
122671715945,21.9,-0.02556907354171693,-0.060720004676882725,0.0,0.12753,-0.009810000000000001,9.819809999999999
122676766450,21.9,-0.023439771854283843,-0.04153883619746504,0.0,0.24525000000000002,0.009810000000000001,9.79038
122681816955,21.9,-0.033021629447732716,-0.006387905062299246,0.0,0.30411,0.0,9.72171
122686867460,21.9,-0.05113814708343386,0.021310470166850764,0.0,0.25506,0.0,9.6138
122691917965,21.9,-0.06391395720803235,0.02982767691658309,0.0,0.16677000000000003,0.019620000000000002,9.70209
122696968470,21.9,-0.06710790973918197,0.023439771854283843,0.0,0.11772,-0.009810000000000001,9.770760000000001
122702018975,21.9,-0.05539675045830002,0.014905111812031574,0.0,0.06867000000000001,-0.019620000000000002,9.87867
122707069480,21.9,-0.046879543708567686,0.0170518667919846,0.0,-0.009810000000000001,-0.009810000000000001,10.05525
122712119985,21.9,-0.044732788728614664,0.014905111812031574,0.0,-0.05886,-0.06867000000000001,9.98658
122717170490,21.9,-0.05859070298944965,0.00958185759344887,0.0,-0.06867000000000001,-0.08829,9.84924
122722220995,21.9,-0.07670722062515077,0.001064650843716541,0.0,-0.02943,-0.10791,9.65304
122727271500,21.9,-0.07777187146886733,0.0,0.0,-0.009810000000000001,-0.0981,9.5157
122732322005,21.9,-0.06817256058289851,-0.001064650843716541,0.006387905062299246,-0.019620000000000002,-0.11772,9.6138
122737372510,21.9,-0.05326744877086694,-0.013840460968315033,-0.001064650843716541,0.0,-0.11772,9.86886
122742423015,21.9,-0.039409534510031964,-0.031956978604016174,-0.002129301687433082,0.05886,-0.0981,10.01601
122747473520,21.9,-0.04366813788489812,-0.04153883619746504,0.0,0.10791,-0.12753,10.03563
122752524025,21.9,-0.049008845396000776,-0.02556907354171693,0.001064650843716541,0.18639,-0.10791,9.87867
122757574530,21.9,-0.05859070298944965,0.002129301687433082,0.0,0.21582,-0.12753,9.6138
122762625035,21.9,-0.060720004676882725,0.03089232776029963,-0.002129301687433082,0.17658,-0.0981,9.55494
122767675540,21.9,-0.046879543708567686,0.033021629447732716,0.0,0.08829,-0.05886,9.633420000000001
122772726045,21.9,-0.03621558197888234,0.013840460968315033,-0.001064650843716541,0.02943,-0.039240000000000004,9.78057
122777776550,21.9,-0.03408628029144926,-0.002129301687433082,0.0,0.0,-0.02943,9.95715
122782827055,21.9,-0.044732788728614664,-0.015987215948268057,-0.001064650843716541,0.0,-0.05886,10.03563
122787877560,21.9,-0.05646140130201656,-0.006387905062299246,0.0,0.039240000000000004,-0.07848000000000001,9.97677
122792928065,21.9,-0.06391395720803235,0.0,0.001064650843716541,0.06867000000000001,-0.0981,9.85905
122797978570,21.9,-0.06284930636431581,-0.001064650843716541,0.0,0.07848000000000001,-0.07848000000000001,9.819809999999999
122803029075,21.9,-0.05539675045830002,-0.007452555906015787,0.0,0.08829,-0.0981,9.7119
122808079580,21.9,-0.05007349623971732,-0.011711159280881954,0.004258603374866164,0.11772,-0.10791,9.67266
122813130085,21.9,-0.05326744877086694,-0.002129301687433082,0.0,0.12753,-0.10791,9.760950000000001
122818180590,21.9,-0.046879543708567686,0.007452555906015787,0.0,0.0981,-0.12753,9.83943
122823231095,21.9,-0.05752605214573309,0.011711159280881954,0.001064650843716541,0.039240000000000004,-0.14715,9.87867
122828281600,21.9,-0.06284930636431581,0.011711159280881954,0.0,0.0,-0.16677000000000003,9.96696
122833332105,21.9,-0.05646140130201656,0.00958185759344887,-0.001064650843716541,-0.009810000000000001,-0.16677000000000003,9.80019
122838382610,21.9,-0.05007349623971732,0.007452555906015787,0.001064650843716541,0.0,-0.14715,9.72171
122843433115,21.9,-0.03408628029144926,0.0,0.003193952531149623,0.009810000000000001,-0.13734000000000002,9.66285
122848483620,21.9,-0.031956978604016174,0.0,0.001064650843716541,0.04905,-0.13734000000000002,9.60399
122853534125,21.9,-0.046879543708567686,-0.006387905062299246,0.0,0.0,-0.11772,9.770760000000001
122858584630,21.9,-0.05646140130201656,-0.007452555906015787,-0.001064650843716541,-0.009810000000000001,-0.12753,9.89829
122863635135,21.9,-0.06710790973918197,0.0,0.0,-0.009810000000000001,-0.14715,9.888480000000001
122868685640,21.9,-0.05859070298944965,-0.004258603374866164,0.004258603374866164,0.02943,-0.15696000000000002,9.97677
122873736145,21.9,-0.046879543708567686,-0.012775810124598492,0.0,0.02943,-0.15696000000000002,9.92772
122878786650,21.9,-0.04581489286485115,-0.012775810124598492,-0.001064650843716541,0.07848000000000001,-0.13734000000000002,9.82962
122883837155,21.9,-0.046879543708567686,-0.015987215948268057,0.0,0.0981,-0.15696000000000002,9.770760000000001
122888887660,21.9,-0.05007349623971732,-0.003193952531149623,-0.001064650843716541,0.13734000000000002,-0.17658,9.73152
122893938165,21.9,-0.06284930636431581,0.006387905062299246,0.0,0.11772,-0.17658,9.7119
122898988670,21.9,-0.06923721142661506,0.001064650843716541,0.002129301687433082,0.08829,-0.17658,9.81
122904039175,21.9,-0.05646140130201656,-0.002129301687433082,0.001064650843716541,0.0981,-0.18639,9.87867
122909089680,21.9,-0.04366813788489812,-0.004258603374866164,0.0,0.08829,-0.1962,9.92772
122914140185,21.9,-0.04260348704118158,-0.007452555906015787,0.0,0.0981,-0.18639,9.89829
122919190690,21.9,-0.04260348704118158,0.008517206749732328,0.001064650843716541,0.11772,-0.17658,9.81
122924241195,21.9,-0.0404741853537485,0.024504422698000388,0.0,0.08829,-0.15696000000000002,9.65304
122929291700,21.9,-0.049008845396000776,0.03515093113516579,0.001064650843716541,0.019620000000000002,-0.17658,9.6138
122934342205,21.9,-0.05220279792715039,0.044732788728614664,0.0,-0.04905,-0.16677000000000003,9.70209
122939392710,21.9,-0.05859070298944965,0.03408628029144926,-0.002129301687433082,-0.15696000000000002,-0.16677000000000003,9.82962
122944443215,21.9,-0.05113814708343386,0.012775810124598492,0.002129301687433082,-0.21582,-0.16677000000000003,9.937529999999999
122949493720,21.9,-0.04581489286485115,-0.014905111812031574,0.006387905062299246,-0.23544,-0.17658,9.98658
122954544225,21.9,-0.04581489286485115,-0.044732788728614664,0.0,-0.14715,-0.18639,9.89829
122959594730,21.9,-0.05007349623971732,-0.05539675045830002,0.0,-0.009810000000000001,-0.20601000000000003,9.87867
122964645235,21.9,-0.05113814708343386,-0.05113814708343386,0.0,0.12753,-0.21582,9.80019
122969695740,21.9,-0.05859070298944965,-0.04581489286485115,0.001064650843716541,0.22563,-0.1962,9.66285
122974746245,21.9,-0.05965535383316618,-0.031956978604016174,0.0,0.30411,-0.21582,9.7119
122979796750,21.9,-0.05220279792715039,-0.020245819323134222,0.0,0.32373,-0.21582,9.78057
122984847255,21.9,-0.046879543708567686,-0.003193952531149623,0.002129301687433082,0.31392000000000003,-0.22563,9.888480000000001
122989897760,21.9,-0.04153883619746504,0.015987215948268057,-0.002129301687433082,0.2943,-0.24525000000000002,10.006200000000002
122994948265,21.9,-0.04366813788489812,0.04153883619746504,-0.001064650843716541,0.1962,-0.23544,10.006200000000002
122999998770,21.9,-0.05007349623971732,0.05965535383316618,0.001064650843716541,0.06867000000000001,-0.24525000000000002,9.78057
123005049275,21.9,-0.054332099614583476,0.06178465552059926,0.0,-0.02943,-0.20601000000000003,9.633420000000001
123010099780,21.9,-0.049008845396000776,0.049008845396000776,0.0,-0.12753,-0.22563,9.58437
123015150285,21.9,-0.044732788728614664,0.03089232776029963,0.0,-0.21582,-0.17658,9.633420000000001
123020200790,21.9,-0.033021629447732716,0.008517206749732328,0.0,-0.21582,-0.1962,9.82962
123025251295,21.9,-0.0404741853537485,-0.012775810124598492,-0.002129301687433082,-0.23544,-0.20601000000000003,9.97677
123030301800,21.9,-0.04794419455228423,-0.028763026072866547,0.0,-0.1962,-0.21582,9.92772
123035352305,21.9,-0.05113814708343386,-0.039409534510031964,0.004258603374866164,-0.12753,-0.21582,9.86886
123040402810,21.9,-0.05752605214573309,-0.04153883619746504,0.0,0.0,-0.21582,9.87867
123045453315,21.9,-0.05539675045830002,-0.039409534510031964,0.0,0.08829,-0.23544,9.73152
123050503820,21.9,-0.05113814708343386,-0.03728023282259888,0.0,0.17658,-0.25506,9.770760000000001
123055554325,21.9,-0.044732788728614664,-0.031956978604016174,0.0,0.21582,-0.26487,9.82962
123060604830,21.9,-0.04794419455228423,-0.01811651763570114,-0.001064650843716541,0.25506,-0.25506,9.770760000000001
123065655335,21.9,-0.05220279792715039,0.003193952531149623,0.0,0.26487,-0.27468000000000004,9.908100000000001
123070705840,21.9,-0.05965535383316618,0.020245819323134222,0.002129301687433082,0.20601000000000003,-0.26487,9.96696
123075756345,21.9,-0.05752605214573309,0.03515093113516579,0.0,0.15696000000000002,-0.27468000000000004,9.86886
123080806850,21.9,-0.05007349623971732,0.0404741853537485,0.001064650843716541,0.04905,-0.27468000000000004,9.82962
123085857355,21.9,-0.04260348704118158,0.03515093113516579,0.0,-0.039240000000000004,-0.27468000000000004,9.68247
123090907860,21.9,-0.0404741853537485,0.02769837522915001,-0.003193952531149623,-0.06867000000000001,-0.25506,9.59418
123095958365,21.9,-0.03834488366631542,0.01811651763570114,-0.002129301687433082,-0.10791,-0.23544,9.7119
123101008870,21.9,-0.04260348704118158,0.012775810124598492,-0.002129301687433082,-0.14715,-0.20601000000000003,9.78057
123106059375,21.9,-0.04581489286485115,-0.002129301687433082,0.0,-0.16677000000000003,-0.21582,9.79038
123111109880,21.9,-0.05007349623971732,-0.01918116847941768,0.001064650843716541,-0.14715,-0.24525000000000002,9.87867
123116160385,21.9,-0.05113814708343386,-0.02982767691658309,0.002129301687433082,-0.0981,-0.21582,9.89829
123121210890,21.9,-0.044732788728614664,-0.03515093113516579,0.001064650843716541,0.009810000000000001,-0.26487,9.84924
123126261395,21.9,-0.044732788728614664,-0.02982767691658309,0.0,0.07848000000000001,-0.25506,9.888480000000001
123131311900,21.9,-0.046879543708567686,-0.022375121010567305,-0.001064650843716541,0.13734000000000002,-0.27468000000000004,9.82962
123136362405,21.9,-0.05539675045830002,-0.01811651763570114,0.001064650843716541,0.16677000000000003,-0.27468000000000004,9.760950000000001
123141412910,21.9,-0.05539675045830002,-0.00958185759344887,0.0,0.1962,-0.27468000000000004,9.80019
123146463415,21.9,-0.054332099614583476,0.005323254218582705,-0.002129301687433082,0.1962,-0.28449,9.84924
123151513920,21.9,-0.05326744877086694,0.022375121010567305,-0.001064650843716541,0.13734000000000002,-0.30411,9.888480000000001
123156564425,21.9,-0.046879543708567686,0.02663372438543347,0.002129301687433082,0.08829,-0.32373,9.99639
123161614930,21.9,-0.044732788728614664,0.028763026072866547,-0.001064650843716541,0.0,-0.31392000000000003,9.908100000000001
123166665435,21.9,-0.04581489286485115,0.020245819323134222,-0.003193952531149623,-0.039240000000000004,-0.33354000000000006,9.751140000000001
123171715940,21.9,-0.04581489286485115,0.00958185759344887,0.0,-0.02943,-0.30411,9.73152
123176766445,21.9,-0.0404741853537485,0.014905111812031574,-0.001064650843716541,-0.05886,-0.32373,9.68247
123181816950,21.9,-0.04260348704118158,0.011711159280881954,-0.001064650843716541,-0.07848000000000001,-0.32373,9.70209
123186867455,21.9,-0.04153883619746504,0.001064650843716541,0.0,-0.08829,-0.27468000000000004,9.86886
123191917960,21.9,-0.03621558197888234,-0.008517206749732328,0.0,-0.0981,-0.27468000000000004,9.86886
123196968465,21.9,-0.03515093113516579,-0.023439771854283843,0.0,-0.07848000000000001,-0.2943,9.770760000000001
123202018970,21.9,-0.03728023282259888,-0.021310470166850764,0.0,0.009810000000000001,-0.30411,9.79038
123207069475,21.9,-0.03621558197888234,-0.012775810124598492,0.0,0.02943,-0.2943,9.751140000000001
123212119980,21.9,-0.03834488366631542,-0.005323254218582705,0.0,0.039240000000000004,-0.27468000000000004,9.751140000000001
123217170485,21.9,-0.04366813788489812,-0.005323254218582705,0.002129301687433082,0.07848000000000001,-0.2943,9.79038
123222220990,21.9,-0.049008845396000776,-0.011711159280881954,0.0,0.04905,-0.28449,9.80019
123227271495,21.9,-0.04794419455228423,-0.0170518667919846,0.001064650843716541,0.0981,-0.31392000000000003,9.83943
123232322000,21.9,-0.049008845396000776,-0.00958185759344887,0.0,0.12753,-0.30411,9.97677
123237372505,21.9,-0.046879543708567686,0.00958185759344887,0.0,0.0981,-0.34335000000000004,9.96696
123242423010,21.9,-0.046879543708567686,0.021310470166850764,0.002129301687433082,0.039240000000000004,-0.37278,9.937529999999999
123247473515,21.9,-0.05007349623971732,0.014905111812031574,0.001064650843716541,0.009810000000000001,-0.35316,9.84924
123252524020,21.9,-0.05326744877086694,0.014905111812031574,0.0,0.009810000000000001,-0.38259000000000004,9.751140000000001
123257574525,21.9,-0.05220279792715039,0.005323254218582705,0.0,-0.019620000000000002,-0.38259000000000004,9.70209
123262625030,21.9,-0.04794419455228423,0.008517206749732328,-0.001064650843716541,-0.009810000000000001,-0.37278,9.81
123267675535,21.9,-0.04153883619746504,0.012775810124598492,-0.001064650843716541,-0.039240000000000004,-0.38259000000000004,9.85905
123272726040,21.9,-0.039409534510031964,0.011711159280881954,-0.001064650843716541,-0.0981,-0.37278,9.91791
123277776545,21.9,-0.039409534510031964,-0.001064650843716541,0.0,-0.0981,-0.37278,9.89829
123282827050,21.9,-0.03621558197888234,-0.011711159280881954,0.001064650843716541,-0.08829,-0.36297,9.81
123287877555,21.9,-0.03621558197888234,-0.0170518667919846,0.0,0.0,-0.33354000000000006,9.68247
123292928060,21.9,-0.03834488366631542,-0.01064650843716541,0.0,0.019620000000000002,-0.36297,9.73152
123297978565,21.9,-0.02982767691658309,0.002129301687433082,0.0,0.04905,-0.32373,9.69228
123303029070,21.9,-0.023439771854283843,0.0,0.001064650843716541,0.009810000000000001,-0.33354000000000006,9.70209
123308079575,21.9,-0.03515093113516579,-0.004258603374866164,0.0,0.0,-0.31392000000000003,9.770760000000001
123313130080,21.9,-0.03728023282259888,-0.006387905062299246,0.001064650843716541,0.009810000000000001,-0.33354000000000006,9.82962
123318180585,21.9,-0.0404741853537485,-0.012775810124598492,0.0,0.039240000000000004,-0.31392000000000003,9.85905
123323231090,21.9,-0.039409534510031964,-0.001064650843716541,0.0,0.04905,-0.32373,9.888480000000001
123328281595,21.9,-0.04153883619746504,0.005323254218582705,0.0,0.04905,-0.32373,9.84924
123333332100,21.9,-0.04581489286485115,0.004258603374866164,0.0,0.02943,-0.35316,9.87867
123338382605,21.9,-0.05113814708343386,0.001064650843716541,-0.001064650843716541,0.019620000000000002,-0.37278,9.819809999999999
123343433110,21.9,-0.05539675045830002,0.003193952531149623,0.002129301687433082,0.039240000000000004,-0.3924,9.83943
123348483615,21.9,-0.05965535383316618,-0.002129301687433082,-0.001064650843716541,0.04905,-0.41202000000000005,9.888480000000001
123353534120,21.9,-0.046879543708567686,0.003193952531149623,0.0,0.019620000000000002,-0.3924,9.97677
123358584625,21.9,-0.04153883619746504,0.012775810124598492,-0.002129301687433082,-0.019620000000000002,-0.44145,9.91791
123363635130,21.9,-0.04153883619746504,0.020245819323134222,0.0,-0.039240000000000004,-0.43164,9.908100000000001
123368685635,21.9,-0.04366813788489812,0.012775810124598492,0.0,-0.08829,-0.44145,9.91791
123373736140,21.9,-0.04260348704118158,0.005323254218582705,0.0,-0.04905,-0.44145,9.770760000000001
123378786645,21.9,-0.03408628029144926,-0.002129301687433082,0.005323254218582705,-0.04905,-0.41202000000000005,9.72171
123383837150,21.9,-0.033021629447732716,-0.005323254218582705,-0.001064650843716541,-0.06867000000000001,-0.40221,9.72171
123388887655,21.9,-0.02556907354171693,-0.006387905062299246,0.0,-0.02943,-0.41202000000000005,9.81
123393938160,21.9,-0.020245819323134222,-0.011711159280881954,0.0,-0.05886,-0.38259000000000004,9.86886
123398988665,21.9,-0.020245819323134222,-0.001064650843716541,-0.001064650843716541,-0.019620000000000002,-0.36297,9.82962
123404039170,21.9,-0.02556907354171693,-0.002129301687433082,0.0,-0.04905,-0.37278,9.79038
123409089675,21.9,-0.02982767691658309,-0.0170518667919846,0.002129301687433082,-0.009810000000000001,-0.37278,9.73152
123414140180,21.9,-0.02663372438543347,-0.0170518667919846,0.001064650843716541,0.05886,-0.32373,9.65304
123419190685,21.9,-0.020245819323134222,-0.002129301687433082,0.004258603374866164,0.07848000000000001,-0.34335000000000004,9.633420000000001
123424241190,21.9,-0.02663372438543347,0.008517206749732328,0.002129301687433082,0.0,-0.30411,9.72171
123429291695,21.9,-0.033021629447732716,0.015987215948268057,-0.001064650843716541,-0.009810000000000001,-0.32373,9.86886
123434342200,21.9,-0.028763026072866547,0.004258603374866164,0.001064650843716541,-0.039240000000000004,-0.36297,9.92772
123439392705,21.9,-0.049008845396000776,0.004258603374866164,0.002129301687433082,-0.039240000000000004,-0.34335000000000004,9.84924
123444443210,21.9,-0.049008845396000776,0.006387905062299246,0.0,-0.039240000000000004,-0.38259000000000004,9.80019
123449493715,21.9,-0.05113814708343386,0.005323254218582705,0.001064650843716541,-0.06867000000000001,-0.43164,9.81
123454544220,21.9,-0.05113814708343386,-0.004258603374866164,0.0,-0.05886,-0.43164,9.91791
123459594725,21.9,-0.049008845396000776,-0.006387905062299246,0.001064650843716541,-0.039240000000000004,-0.46107000000000004,9.937529999999999
123464645230,21.9,-0.05113814708343386,-0.005323254218582705,0.0,-0.039240000000000004,-0.49050000000000005,9.95715
123469695735,21.9,-0.05007349623971732,-0.011711159280881954,-0.001064650843716541,-0.02943,-0.48069000000000006,9.98658
123474746240,21.9,-0.049008845396000776,-0.00958185759344887,0.0,0.009810000000000001,-0.51012,9.92772
123479796745,21.9,-0.044732788728614664,-0.011711159280881954,0.002129301687433082,0.02943,-0.5493600000000001,9.85905
123484847250,21.9,-0.039409534510031964,-0.01918116847941768,0.002129301687433082,0.05886,-0.51012,9.81
123489897755,21.9,-0.024504422698000388,-0.008517206749732328,0.0,0.12753,-0.51012,9.819809999999999
123494948260,21.9,-0.013840460968315033,0.008517206749732328,0.0,0.0981,-0.51993,9.84924
123499998765,21.9,-0.012775810124598492,0.014905111812031574,-0.002129301687433082,0.05886,-0.45126,9.86886
123505049270,21.9,-0.01811651763570114,0.02769837522915001,-0.003193952531149623,0.0,-0.45126,9.81
123510099775,21.9,-0.024504422698000388,0.03408628029144926,0.001064650843716541,-0.07848000000000001,-0.44145,9.72171
123515150280,21.9,-0.021310470166850764,0.022375121010567305,0.001064650843716541,-0.11772,-0.41202000000000005,9.70209
123520200785,21.9,-0.015987215948268057,0.01064650843716541,0.001064650843716541,-0.16677000000000003,-0.36297,9.70209
123525251290,21.9,-0.012775810124598492,-0.013840460968315033,0.0,-0.11772,-0.37278,9.74133
123530301795,21.9,-0.01064650843716541,-0.023439771854283843,-0.004258603374866164,-0.08829,-0.32373,9.751140000000001
123535352300,21.9,-0.01064650843716541,-0.006387905062299246,-0.001064650843716541,-0.06867000000000001,-0.35316,9.760950000000001
123540402805,21.9,-0.01918116847941768,0.007452555906015787,-0.001064650843716541,-0.06867000000000001,-0.34335000000000004,9.73152
123545453310,21.9,-0.03621558197888234,0.00958185759344887,0.002129301687433082,-0.0981,-0.34335000000000004,9.751140000000001
123550503815,21.9,-0.05007349623971732,0.006387905062299246,0.0,-0.10791,-0.36297,9.751140000000001
123555554320,21.9,-0.05539675045830002,-0.001064650843716541,0.001064650843716541,-0.08829,-0.40221,9.72171
123560604825,21.9,-0.044732788728614664,-0.022375121010567305,0.001064650843716541,-0.06867000000000001,-0.41202000000000005,9.760950000000001
123565655330,21.9,-0.03621558197888234,-0.033021629447732716,0.0,0.009810000000000001,-0.44145,9.83943
123570705835,21.9,-0.0404741853537485,-0.04260348704118158,0.0,0.05886,-0.47088,9.91791
123575756340,21.9,-0.04794419455228423,-0.028763026072866547,-0.004258603374866164,0.13734000000000002,-0.50031,10.01601
123580806845,21.9,-0.044732788728614664,0.005323254218582705,0.0,0.17658,-0.51993,9.94734
123585857350,21.9,-0.054332099614583476,0.0404741853537485,0.0,0.08829,-0.51012,9.87867
123590907855,21.9,-0.05007349623971732,0.05539675045830002,0.001064650843716541,-0.02943,-0.52974,9.84924
123595958360,21.9,-0.04260348704118158,0.04153883619746504,0.0,-0.10791,-0.5591700000000001,9.85905
123601008865,21.9,-0.03621558197888234,-0.002129301687433082,0.0,-0.15696000000000002,-0.5493600000000001,9.92772
123606059370,21.9,-0.02769837522915001,-0.028763026072866547,0.0,-0.10791,-0.5591700000000001,10.01601
123611109875,21.9,-0.024504422698000388,-0.03621558197888234,-0.001064650843716541,-0.039240000000000004,-0.5591700000000001,10.025820000000001
123616160380,21.9,-0.020245819323134222,-0.031956978604016174,-0.001064650843716541,0.039240000000000004,-0.52974,9.99639
123621210885,21.9,-0.01918116847941768,-0.023439771854283843,-0.004258603374866164,0.0981,-0.52974,9.95715
123626261390,21.9,-0.008517206749732328,0.006387905062299246,0.001064650843716541,0.12753,-0.51012,9.82962
123631311895,21.9,-0.00958185759344887,0.04581489286485115,0.0,0.04905,-0.47088,9.760950000000001
123636362400,21.9,-0.01064650843716541,0.06284930636431581,0.0,-0.08829,-0.45126,9.74133
123641412905,21.9,-0.00958185759344887,0.06497860805174888,0.001064650843716541,-0.21582,-0.40221,9.67266
123646463410,21.9,-0.013840460968315033,0.03089232776029963,0.001064650843716541,-0.30411,-0.40221,9.67266
123651513915,21.9,-0.008517206749732328,-0.02769837522915001,0.0,-0.27468000000000004,-0.3924,9.751140000000001
123656564420,21.9,-0.007452555906015787,-0.06178465552059926,-0.002129301687433082,-0.14715,-0.3924,9.819809999999999
123661614925,21.9,-0.004258603374866164,-0.06604325889546543,0.0,-0.02943,-0.3924,9.87867
123666665430,21.9,-0.014905111812031574,-0.04366813788489812,-0.001064650843716541,0.05886,-0.41202000000000005,9.87867
123671715935,21.9,-0.024504422698000388,-0.00958185759344887,-0.002129301687433082,0.14715,-0.40221,9.7119
123676766440,21.9,-0.033021629447732716,0.01811651763570114,0.002129301687433082,0.11772,-0.41202000000000005,9.60399
123681816945,21.9,-0.04153883619746504,0.04153883619746504,0.0,0.019620000000000002,-0.43164,9.56475
123686867450,21.9,-0.03515093113516579,0.046879543708567686,0.001064650843716541,-0.06867000000000001,-0.42183,9.68247
123691917955,21.9,-0.03728023282259888,0.044732788728614664,0.0,-0.1962,-0.41202000000000005,9.87867
123696968460,21.9,-0.03408628029144926,0.023439771854283843,-0.001064650843716541,-0.2943,-0.50031,10.03563
123702018965,21.9,-0.04153883619746504,-0.0,-0.003193952531149623,-0.30411,-0.50031,10.045440000000001
123707069470,21.9,-0.046879543708567686,-0.02769837522915001,0.0,-0.20601000000000003,-0.5395500000000001,9.86886
123712119975,21.9,-0.044732788728614664,-0.049008845396000776,0.002129301687433082,-0.10791,-0.5493600000000001,9.770760000000001
123717170480,21.9,-0.039409534510031964,-0.05752605214573309,-0.001064650843716541,0.019620000000000002,-0.5591700000000001,9.68247
123722220985,21.9,-0.02769837522915001,-0.054332099614583476,0.002129301687433082,0.16677000000000003,-0.57879,9.751140000000001
123727271490,21.9,-0.01918116847941768,-0.04366813788489812,-0.003193952531149623,0.23544,-0.57879,9.888480000000001
123732321995,21.9,-0.014905111812031574,-0.015987215948268057,-0.001064650843716541,0.26487,-0.57879,10.01601
123737372500,21.9,-0.020245819323134222,0.007452555906015787,-0.001064650843716541,0.23544,-0.57879,10.09449
123742423005,21.9,-0.023439771854283843,0.05007349623971732,0.001064650843716541,0.16677000000000003,-0.5591700000000001,10.01601
123747473510,21.9,-0.01811651763570114,0.08735372906231618,0.001064650843716541,0.009810000000000001,-0.5493600000000001,9.908100000000001
123752524015,21.9,-0.011711159280881954,0.10545279340549739,0.003193952531149623,-0.18639,-0.49050000000000005,9.81
123757574520,21.9,0.0,0.09587093581204853,0.001064650843716541,-0.41202000000000005,-0.46107000000000004,9.74133
123762625025,21.9,0.002129301687433082,0.06497860805174888,0.0,-0.5591700000000001,-0.48069000000000006,9.74133
123767675530,21.9,-0.007452555906015787,0.013840460968315033,0.0,-0.56898,-0.43164,9.79038
123772726035,21.9,-0.014905111812031574,-0.03834488366631542,0.001064650843716541,-0.5395500000000001,-0.44145,9.87867
123777776540,21.9,-0.01918116847941768,-0.08203047484373349,-0.001064650843716541,-0.3924,-0.48069000000000006,9.888480000000001
123782827045,21.9,-0.021310470166850764,-0.11398745344774965,0.0,-0.17658,-0.49050000000000005,9.937529999999999
123787877550,21.9,-0.011711159280881954,-0.1352804703220805,0.001064650843716541,0.0981,-0.49050000000000005,9.908100000000001
123792928055,21.9,-0.004258603374866164,-0.1278279144160647,-0.002129301687433082,0.38259000000000004,-0.50031,9.78057
123797978560,21.9,-0.002129301687433082,-0.09054768159346581,0.0,0.5886,-0.49050000000000005,9.72171
123803029065,21.9,-0.012775810124598492,-0.02769837522915001,0.0,0.70632,-0.50031,9.70209
123808079570,21.9,-0.014905111812031574,0.02556907354171693,0.0,0.63765,-0.50031,9.72171
123813130075,21.9,-0.02663372438543347,0.07136651311404815,0.0,0.49050000000000005,-0.50031,9.82962
123818180580,21.9,-0.02769837522915001,0.10545279340549739,0.0,0.24525000000000002,-0.50031,10.03563
123823231085,21.9,-0.024504422698000388,0.1278279144160647,-0.005323254218582705,0.0,-0.52974,10.09449
123828281590,21.9,-0.0170518667919846,0.12356931104119852,0.0,-0.26487,-0.49050000000000005,10.074869999999999
123833332095,21.9,-0.01064650843716541,0.10119419003063122,0.0,-0.48069000000000006,-0.50031,9.83943
123838382600,21.9,-0.014905111812031574,0.07136651311404815,-0.001064650843716541,-0.57879,-0.51012,9.633420000000001
123843433105,21.9,-0.022375121010567305,0.03834488366631542,0.0,-0.64746,-0.51012,9.54513
123848483610,21.9,-0.023439771854283843,0.004258603374866164,0.0,-0.6867000000000001,-0.51993,9.57456
123853534115,21.9,-0.020245819323134222,-0.031956978604016174,0.0,-0.63765,-0.52974,9.74133
123858584620,21.9,-0.01918116847941768,-0.0852244273748831,0.001064650843716541,-0.52974,-0.5493600000000001,9.95715
123863635125,21.9,-0.0170518667919846,-0.12356931104119852,0.0,-0.30411,-0.56898,10.01601
123868685630,21.9,-0.012775810124598492,-0.14062117783318315,0.002129301687433082,-0.02943,-0.5886,10.03563
123873736135,21.9,-0.013840460968315033,-0.12995721610349775,-0.002129301687433082,0.26487,-0.59841,9.92772
123878786640,21.9,-0.008517206749732328,-0.09693558665576507,0.0,0.51993,-0.59841,9.770760000000001
123883837145,21.9,-0.002129301687433082,-0.05539675045830002,0.001064650843716541,0.6180300000000001,-0.5591700000000001,9.67266
123888887650,21.9,-0.002129301687433082,-0.01064650843716541,-0.002129301687433082,0.6768900000000001,-0.5591700000000001,9.64323
123893938155,21.9,0.006387905062299246,0.033021629447732716,0.0,0.59841,-0.51993,9.74133
123898988660,21.9,0.007452555906015787,0.0756251164889143,-0.001064650843716541,0.43164,-0.49050000000000005,9.84924
123904039165,21.9,0.003193952531149623,0.10653489754173388,-0.002129301687433082,0.20601000000000003,-0.47088,9.937529999999999
123909089670,21.9,0.002129301687433082,0.11398745344774965,0.0,-0.02943,-0.46107000000000004,9.937529999999999
123914140175,21.9,-0.001064650843716541,0.10225884087434776,0.0,-0.25506,-0.42183,9.888480000000001
123919190680,21.9,-0.004258603374866164,0.07349581480148122,0.0,-0.40221,-0.42183,9.760950000000001
123924241185,21.9,-0.00958185759344887,0.033021629447732716,0.0,-0.47088,-0.43164,9.78057
123929291690,21.9,-0.015987215948268057,-0.001064650843716541,0.0,-0.48069000000000006,-0.46107000000000004,9.85905
123934342195,21.9,-0.01811651763570114,-0.03408628029144926,0.0,-0.44145,-0.51993,9.95715
123939392700,21.9,-0.024504422698000388,-0.060720004676882725,0.0,-0.31392000000000003,-0.5591700000000001,10.05525
123944443205,21.9,-0.024504422698000388,-0.07670722062515077,0.001064650843716541,-0.17658,-0.57879,10.06506
123949493710,21.9,-0.02663372438543347,-0.08415977653116657,0.0,0.009810000000000001,-0.6180300000000001,9.95715
123954544215,21.9,-0.01811651763570114,-0.07349581480148122,0.0,0.17658,-0.60822,9.84924
123959594720,21.9,-0.008517206749732328,-0.05220279792715039,0.0,0.32373,-0.6278400000000001,9.72171
123964645225,21.9,-0.003193952531149623,-0.03408628029144926,0.0,0.41202000000000005,-0.59841,9.65304
123969695730,21.9,0.004258603374866164,-0.012775810124598492,0.0,0.46107000000000004,-0.59841,9.65304
123974746235,21.9,0.008517206749732328,0.008517206749732328,0.0,0.42183,-0.5591700000000001,9.69228
123979796740,21.9,0.00958185759344887,0.033021629447732716,0.002129301687433082,0.36297,-0.5395500000000001,9.79038
123984847245,21.9,0.0170518667919846,0.05113814708343386,-0.003193952531149623,0.25506,-0.49050000000000005,9.80019
123989897750,21.9,0.022375121010567305,0.05539675045830002,0.0,0.12753,-0.45126,9.81
123994948255,21.9,0.020245819323134222,0.054332099614583476,0.0,0.009810000000000001,-0.41202000000000005,9.69228
123999998760,21.9,0.012775810124598492,0.05326744877086694,-0.002129301687433082,-0.07848000000000001,-0.40221,9.64323
124005049265,21.9,0.015987215948268057,0.05007349623971732,-0.002129301687433082,-0.1962,-0.3924,9.65304
124010099770,21.9,0.005323254218582705,0.03834488366631542,-0.002129301687433082,-0.27468000000000004,-0.38259000000000004,9.72171
124015150275,21.9,-0.006387905062299246,0.022375121010567305,0.003193952531149623,-0.35316,-0.37278,9.819809999999999
124020200780,21.9,-0.012775810124598492,0.0404741853537485,0.001064650843716541,-0.42183,-0.43164,9.89829
124025251285,21.9,-0.021310470166850764,0.06604325889546543,0.001064650843716541,-0.48069000000000006,-0.48069000000000006,9.888480000000001
124030301790,21.9,-0.03089232776029963,0.028763026072866547,0.001064650843716541,-0.5395500000000001,-0.48069000000000006,9.888480000000001
124035352295,21.9,-0.03621558197888234,0.01064650843716541,0.0,-0.6278400000000001,-0.50031,9.79038
124040402800,21.9,-0.03728023282259888,0.02982767691658309,-0.001064650843716541,-0.63765,-0.57879,9.74133
124045453305,21.9,-0.03515093113516579,0.011711159280881954,0.002129301687433082,-0.6867000000000001,-0.63765,9.74133
124050503810,21.9,-0.03515093113516579,-0.049008845396000776,0.0,-0.6180300000000001,-0.64746,9.91791
124055554315,21.9,-0.03728023282259888,-0.10332349171806432,0.0,-0.44145,-0.6867000000000001,10.13373
124060604820,21.9,-0.028763026072866547,-0.1288925652597812,0.002129301687433082,-0.20601000000000003,-0.71613,10.182780000000001
124065655325,21.9,-0.020245819323134222,-0.13955652698946658,0.0,0.08829,-0.73575,10.23183
124070705830,21.9,-0.005323254218582705,-0.1555262896452147,-0.002129301687433082,0.3924,-0.74556,10.15335
124075756335,21.9,0.005323254218582705,-0.14700908289548237,-0.001064650843716541,0.75537,-0.74556,9.96696
124080806840,21.9,0.024504422698000388,-0.1171814059788993,0.0,1.02024,-0.6867000000000001,9.888480000000001
124085857345,21.9,0.03834488366631542,-0.07349581480148122,-0.001064650843716541,1.16739,-0.64746,9.770760000000001
124090907850,21.9,0.04794419455228423,0.001064650843716541,-0.003193952531149623,1.21644,-0.5886,9.770760000000001
124095958355,21.9,0.05113814708343386,0.09906488834319814,-0.001064650843716541,1.04967,-0.51993,9.78057
124101008860,21.9,0.04794419455228423,0.15872024217636432,0.0,0.70632,-0.47088,9.888480000000001
124106059365,21.9,0.04366813788489812,0.18535396656179778,-0.001064650843716541,0.25506,-0.37278,9.82962
124111109870,21.9,0.04260348704118158,0.20027653166634932,0.0,-0.08829,-0.32373,9.7119
124116160375,21.9,0.03621558197888234,0.20027653166634932,-0.002129301687433082,-0.47088,-0.26487,9.633420000000001
124121210880,21.9,0.033021629447732716,0.17151350559348277,0.0,-0.8142300000000001,-0.27468000000000004,9.52551
124126261385,21.9,0.024504422698000388,0.1171814059788993,-0.001064650843716541,-1.04967,-0.25506,9.40779
124131311890,21.9,0.002129301687433082,0.05113814708343386,0.001064650843716541,-1.16739,-0.25506,9.38817
124136362395,21.9,-0.0170518667919846,-0.012775810124598492,0.0,-1.1477700000000002,-0.32373,9.55494
124141412900,21.9,-0.02663372438543347,-0.06817256058289851,0.001064650843716541,-1.04967,-0.36297,9.67266
124146463405,21.9,-0.04153883619746504,-0.12037535851004891,0.004258603374866164,-0.8338500000000001,-0.41202000000000005,9.751140000000001
124151513910,21.9,-0.044732788728614664,-0.16938420390604966,0.001064650843716541,-0.5493600000000001,-0.51993,9.83943
124156564415,21.9,-0.044732788728614664,-0.19814722997891623,0.0,-0.10791,-0.5886,9.86886
124161614920,21.9,-0.03728023282259888,-0.19387117331153014,-0.002129301687433082,0.28449,-0.63765,9.86886
124166665425,21.9,-0.03621558197888234,-0.15126768627034853,-0.002129301687433082,0.60822,-0.69651,9.92772
124171715930,21.9,-0.03408628029144926,-0.09480628496833199,-0.002129301687433082,0.85347,-0.73575,9.94734
124176766435,21.9,-0.03089232776029963,-0.039409534510031964,0.0,0.9319500000000001,-0.7651800000000001,10.09449
124181816940,21.9,-0.013840460968315033,0.012775810124598492,0.0,0.9123300000000001,-0.75537,10.163160000000001
124186867445,21.9,0.0,0.05859070298944965,0.0,0.7848,-0.73575,10.2024
124191917950,21.9,0.013840460968315033,0.0852244273748831,-0.001064650843716541,0.56898,-0.71613,10.212209999999999
124196968455,21.9,0.02769837522915001,0.10225884087434776,0.0,0.38259000000000004,-0.6867000000000001,10.09449
124202018960,21.9,0.03515093113516579,0.1171814059788993,0.0,0.16677000000000003,-0.6180300000000001,10.01601
124207069465,21.9,0.04153883619746504,0.10653489754173388,0.001064650843716541,-0.05886,-0.5886,9.888480000000001
124212119970,21.9,0.03834488366631542,0.09587093581204853,0.0,-0.21582,-0.52974,9.819809999999999
124217170475,21.9,0.044732788728614664,0.09374163412461543,-0.003193952531149623,-0.42183,-0.48069000000000006,9.819809999999999
124222220980,21.9,0.03834488366631542,0.10225884087434776,0.0,-0.60822,-0.47088,9.91791
124227271485,21.9,0.03515093113516579,0.07990117315630041,-0.001064650843716541,-0.8142300000000001,-0.43164,9.99639
124232321990,21.9,0.03621558197888234,0.03728023282259888,0.0,-0.8829,-0.42183,9.81
124237372495,21.9,0.022375121010567305,-0.01064650843716541,0.001064650843716541,-0.87309,-0.40221,9.68247
124242423000,21.9,0.023439771854283843,-0.06604325889546543,0.002129301687433082,-0.71613,-0.38259000000000004,9.60399
124247473505,21.9,0.014905111812031574,-0.10545279340549739,-0.001064650843716541,-0.51012,-0.3924,9.53532
124252524010,21.9,0.013840460968315033,-0.13208651779093086,-0.002129301687433082,-0.24525000000000002,-0.42183,9.623610000000001
124257574515,21.9,0.011711159280881954,-0.1629788455512305,0.003193952531149623,0.05886,-0.49050000000000005,9.751140000000001
124262625020,21.9,0.004258603374866164,-0.18535396656179778,0.003193952531149623,0.40221,-0.51012,9.89829
124267675525,21.9,0.0,-0.1704488547497662,-0.002129301687433082,0.75537,-0.50031,9.888480000000001
124272726030,21.9,0.007452555906015787,-0.10545279340549739,0.0,1.02024,-0.5591700000000001,9.87867
124277776535,21.9,0.01064650843716541,-0.0170518667919846,0.002129301687433082,1.0791000000000002,-0.52974,9.819809999999999
124282827040,21.9,0.003193952531149623,0.06604325889546543,-0.001064650843716541,1.02024,-0.52974,9.760950000000001
124287877545,21.9,0.008517206749732328,0.13955652698946658,-0.001064650843716541,0.72594,-0.51993,9.74133
124292928050,21.9,0.00958185759344887,0.19708257913519966,-0.001064650843716541,0.28449,-0.51993,9.67266
124297978555,21.9,0.01064650843716541,0.21731094516581398,0.001064650843716541,-0.15696000000000002,-0.49050000000000005,9.69228
124303029060,21.9,0.005323254218582705,0.20027653166634932,-0.001064650843716541,-0.57879,-0.49050000000000005,9.73152
124308079565,21.9,0.007452555906015787,0.1555262896452147,-0.004258603374866164,-0.90252,-0.47088,9.819809999999999
124313130070,21.9,0.015987215948268057,0.07136651311404815,0.0,-1.10853,-0.47088,9.819809999999999
124318180575,21.9,0.011711159280881954,-0.02556907354171693,0.0,-1.0791000000000002,-0.47088,9.78057
124323231080,21.9,0.01064650843716541,-0.10438814256178083,0.0,-0.87309,-0.49050000000000005,9.7119
124328281585,21.9,0.007452555906015787,-0.15659094048893124,0.0,-0.56898,-0.49050000000000005,9.78057
124333332090,21.9,0.005323254218582705,-0.17364280728091586,0.0,-0.21582,-0.52974,9.91791
124338382595,21.9,0.008517206749732328,-0.16617279808238014,0.0,0.12753,-0.5591700000000001,10.006200000000002
124343433100,21.9,0.002129301687433082,-0.1374272253020335,0.0,0.41202000000000005,-0.60822,10.03563
124348483605,21.9,0.003193952531149623,-0.09161233243718235,0.0,0.6278400000000001,-0.60822,10.05525
124353534110,21.9,0.007452555906015787,-0.046879543708567686,0.0,0.72594,-0.60822,9.99639
124358584615,21.9,0.012775810124598492,-0.004258603374866164,0.0,0.74556,-0.57879,9.908100000000001
124363635120,21.9,0.03089232776029963,0.023439771854283843,0.0,0.6867000000000001,-0.56898,9.83943
124368685625,21.9,0.03728023282259888,0.05007349623971732,0.0,0.60822,-0.51993,9.78057
124373736130,21.9,0.04260348704118158,0.08415977653116657,0.0,0.44145,-0.49050000000000005,9.81
124378786635,21.9,0.0404741853537485,0.12144000935376545,0.0,0.18639,-0.49050000000000005,9.84924
124383837140,21.9,0.03408628029144926,0.14487978120804929,0.0,-0.08829,-0.45126,9.908100000000001
124388887645,21.9,0.02663372438543347,0.1374272253020335,0.0,-0.37278,-0.44145,9.87867
124393938150,21.9,0.021310470166850764,0.10332349171806432,0.0,-0.6180300000000001,-0.42183,9.81
124398988655,21.9,0.015987215948268057,0.049008845396000776,0.0,-0.72594,-0.42183,9.69228
124404039160,21.9,0.020245819323134222,-0.020245819323134222,0.0,-0.6867000000000001,-0.41202000000000005,9.6138
124409089665,21.9,0.02663372438543347,-0.08415977653116657,0.0,-0.5493600000000001,-0.43164,9.633420000000001
124414140170,21.9,0.02769837522915001,-0.12356931104119852,0.0,-0.28449,-0.44145,9.70209
124419190675,21.9,0.023439771854283843,-0.12356931104119852,0.0,0.009810000000000001,-0.47088,9.78057
124424241180,21.9,0.015987215948268057,-0.10012953918691468,0.0,0.1962,-0.46107000000000004,9.85905
124429291685,21.9,0.006387905062299246,-0.04794419455228423,0.0,0.33354000000000006,-0.49050000000000005,9.82962
124434342190,21.9,0.003193952531149623,-0.003193952531149623,0.0,0.37278,-0.51012,9.80019
124439392695,21.9,0.0,0.01918116847941768,0.0,0.33354000000000006,-0.51012,9.80019
124444443200,21.9,0.011711159280881954,0.02556907354171693,0.0,0.21582,-0.50031,9.770760000000001
124449493705,21.9,0.01811651763570114,0.02663372438543347,0.0,0.17658,-0.51993,9.819809999999999
124454544210,21.9,0.023439771854283843,0.015987215948268057,0.0,0.14715,-0.51012,9.91791
124459594715,21.9,0.02556907354171693,0.007452555906015787,0.0,0.08829,-0.50031,9.97677
124464645220,21.9,0.024504422698000388,0.022375121010567305,0.0,0.05886,-0.51012,10.06506
124469695725,21.9,0.01811651763570114,0.04366813788489812,0.0,-0.009810000000000001,-0.5493600000000001,10.074869999999999
124474746230,21.9,0.01064650843716541,0.04581489286485115,0.0,-0.0981,-0.50031,9.937529999999999
124479796735,21.9,0.011711159280881954,0.03515093113516579,0.0,-0.1962,-0.52974,9.82962
124484847240,21.9,0.01811651763570114,0.021310470166850764,0.0,-0.1962,-0.51993,9.751140000000001
124489897745,21.9,0.023439771854283843,-0.005323254218582705,0.0,-0.1962,-0.50031,9.72171
124494948250,21.9,0.03408628029144926,-0.031956978604016174,0.0,-0.14715,-0.51993,9.83943
124499998755,21.9,0.0404741853537485,-0.04260348704118158,0.0,-0.07848000000000001,-0.51012,9.97677
124505049260,21.9,0.04260348704118158,-0.03089232776029963,0.0,0.009810000000000001,-0.49050000000000005,10.01601
124510099765,21.9,0.031956978604016174,-0.00958185759344887,0.0,0.039240000000000004,-0.48069000000000006,9.97677
124515150270,21.9,0.02769837522915001,0.00958185759344887,0.0,0.02943,-0.49050000000000005,9.81
124520200775,21.9,0.02663372438543347,0.0170518667919846,0.0,-0.009810000000000001,-0.46107000000000004,9.6138
124525251280,21.9,0.02769837522915001,0.0,0.0,-0.02943,-0.43164,9.53532
124530301785,21.9,0.04366813788489812,-0.01918116847941768,0.0,0.019620000000000002,-0.41202000000000005,9.57456
124535352290,21.9,0.05113814708343386,-0.031956978604016174,0.0,0.08829,-0.41202000000000005,9.770760000000001
124540402795,21.9,0.05007349623971732,-0.022375121010567305,-0.005323254218582705,0.12753,-0.42183,9.95715
124545453300,21.9,0.03728023282259888,-0.003193952531149623,-0.003193952531149623,0.11772,-0.41202000000000005,9.99639
124550503805,21.9,0.015987215948268057,0.020245819323134222,-0.002129301687433082,0.10791,-0.42183,9.85905
124555554310,21.9,0.00958185759344887,0.03515093113516579,0.0,0.05886,-0.40221,9.68247
124560604815,21.9,0.0170518667919846,0.03408628029144926,0.0,0.0,-0.40221,9.50589
124565655320,21.9,0.028763026072866547,0.020245819323134222,0.0,-0.039240000000000004,-0.40221,9.496080000000001
124570705825,21.9,0.03834488366631542,0.007452555906015787,-0.003193952531149623,-0.06867000000000001,-0.38259000000000004,9.69228
124575756330,21.9,0.033021629447732716,0.003193952531149623,-0.002129301687433082,-0.10791,-0.41202000000000005,9.87867
124580806835,21.9,0.015987215948268057,-0.001064650843716541,-0.001064650843716541,-0.12753,-0.45126,9.97677
124585857340,21.9,0.005323254218582705,-0.005323254218582705,0.0,-0.11772,-0.47088,10.03563
124590907845,21.9,-0.001064650843716541,-0.011711159280881954,0.0,-0.07848000000000001,-0.49050000000000005,9.937529999999999
124595958350,21.9,0.004258603374866164,-0.015987215948268057,0.001064650843716541,-0.019620000000000002,-0.48069000000000006,9.81
124601008855,21.9,0.023439771854283843,-0.021310470166850764,0.001064650843716541,0.0,-0.51012,9.760950000000001
124606059360,21.9,0.033021629447732716,-0.01811651763570114,-0.002129301687433082,0.04905,-0.48069000000000006,9.74133
124611109865,21.9,0.02982767691658309,-0.011711159280881954,0.0,0.06867000000000001,-0.51993,9.751140000000001
124616160370,21.9,0.0170518667919846,-0.006387905062299246,-0.001064650843716541,0.05886,-0.50031,9.91791
124621210875,21.9,0.020245819323134222,-0.004258603374866164,0.0,0.07848000000000001,-0.51012,9.99639
124626261380,21.9,0.023439771854283843,-0.003193952531149623,0.0,0.08829,-0.48069000000000006,10.025820000000001
124631311885,21.9,0.03621558197888234,0.003193952531149623,0.0,0.06867000000000001,-0.49050000000000005,10.01601
124636362390,21.9,0.044732788728614664,0.0170518667919846,-0.001064650843716541,0.04905,-0.46107000000000004,9.89829
124641412895,21.9,0.049008845396000776,0.028763026072866547,-0.002129301687433082,0.019620000000000002,-0.43164,9.751140000000001
124646463400,21.9,0.04794419455228423,0.03515093113516579,0.0,-0.02943,-0.44145,9.73152
124651513905,21.9,0.04153883619746504,0.02556907354171693,0.0,-0.11772,-0.44145,9.73152
124656564410,21.9,0.028763026072866547,0.003193952531149623,-0.001064650843716541,-0.13734000000000002,-0.43164,9.819809999999999
124661614915,21.9,0.02556907354171693,-0.01918116847941768,0.0,-0.14715,-0.40221,9.97677
124666665420,21.9,0.033021629447732716,-0.022375121010567305,-0.003193952531149623,-0.08829,-0.38259000000000004,9.99639
124671715925,21.9,0.046879543708567686,-0.023439771854283843,-0.002129301687433082,-0.019620000000000002,-0.41202000000000005,9.97677
124676766430,21.9,0.044732788728614664,-0.021310470166850764,0.0,0.02943,-0.41202000000000005,9.96696
124681816935,21.9,0.03834488366631542,-0.01811651763570114,-0.001064650843716541,0.06867000000000001,-0.41202000000000005,9.751140000000001
124686867440,21.9,0.02556907354171693,-0.008517206749732328,0.001064650843716541,0.12753,-0.41202000000000005,9.58437
124691917945,21.9,0.020245819323134222,-0.001064650843716541,0.001064650843716541,0.12753,-0.43164,9.57456
124696968450,21.9,0.024504422698000388,0.011711159280881954,0.0,0.13734000000000002,-0.40221,9.64323
124702018955,21.9,0.033021629447732716,0.012775810124598492,0.001064650843716541,0.05886,-0.42183,9.83943
124707069460,21.9,0.04153883619746504,0.002129301687433082,-0.004258603374866164,0.0,-0.40221,10.05525
124712119965,21.9,0.04581489286485115,0.0,-0.003193952531149623,0.019620000000000002,-0.43164,10.03563
124717170470,21.9,0.03834488366631542,0.01064650843716541,-0.001064650843716541,0.039240000000000004,-0.40221,9.819809999999999
124722220975,21.9,0.033021629447732716,0.021310470166850764,0.002129301687433082,0.0,-0.37278,9.6138
124727271480,21.9,0.024504422698000388,0.02769837522915001,0.0,-0.04905,-0.37278,9.44703
124732321985,21.9,0.02663372438543347,0.015987215948268057,0.0,-0.05886,-0.35316,9.48627
124737372490,21.9,0.031956978604016174,0.0,-0.003193952531149623,-0.0981,-0.3924,9.78057
124742422995,21.9,0.04260348704118158,-0.013840460968315033,-0.001064650843716541,-0.06867000000000001,-0.37278,9.908100000000001
124747473500,21.9,0.039409534510031964,-0.015987215948268057,-0.001064650843716541,-0.07848000000000001,-0.38259000000000004,10.025820000000001
124752524005,21.9,0.031956978604016174,-0.0170518667919846,-0.002129301687433082,-0.04905,-0.38259000000000004,10.025820000000001
124757574510,21.9,0.024504422698000388,-0.012775810124598492,-0.002129301687433082,0.019620000000000002,-0.38259000000000004,9.83943
124762625015,21.9,0.01918116847941768,-0.002129301687433082,0.0,0.04905,-0.41202000000000005,9.623610000000001
124767675520,21.9,0.022375121010567305,0.006387905062299246,0.0,0.04905,-0.40221,9.6138
124772726025,21.9,0.03621558197888234,0.007452555906015787,0.0,0.019620000000000002,-0.40221,9.65304
124777776530,21.9,0.0404741853537485,0.0,0.0,0.0,-0.40221,9.81
124782827035,21.9,0.0404741853537485,-0.00958185759344887,0.0,-0.019620000000000002,-0.38259000000000004,9.98658
124787877540,21.9,0.03089232776029963,-0.005323254218582705,-0.001064650843716541,0.039240000000000004,-0.43164,10.025820000000001
124792928045,21.9,0.023439771854283843,-0.001064650843716541,-0.001064650843716541,-0.009810000000000001,-0.43164,10.06506
124797978550,21.9,0.01918116847941768,0.007452555906015787,-0.001064650843716541,-0.019620000000000002,-0.41202000000000005,10.045440000000001
124803029055,21.9,0.02982767691658309,0.005323254218582705,0.003193952531149623,0.009810000000000001,-0.42183,9.82962
124808079560,21.9,0.03515093113516579,-0.001064650843716541,0.0,0.019620000000000002,-0.41202000000000005,9.68247
124813130065,21.9,0.04581489286485115,-0.01064650843716541,-0.004258603374866164,0.02943,-0.38259000000000004,9.70209
124818180570,21.9,0.04581489286485115,-0.007452555906015787,-0.001064650843716541,0.039240000000000004,-0.40221,9.819809999999999
124823231075,21.9,0.04153883619746504,-0.003193952531149623,0.0,0.039240000000000004,-0.3924,10.006200000000002
124828281580,21.9,0.039409534510031964,0.0,-0.001064650843716541,0.009810000000000001,-0.40221,10.045440000000001
124833332085,21.9,0.03408628029144926,-0.001064650843716541,-0.005323254218582705,0.02943,-0.40221,9.97677
124838382590,21.9,0.03408628029144926,-0.007452555906015787,0.0,0.06867000000000001,-0.3924,9.84924
124843433095,21.9,0.046879543708567686,-0.006387905062299246,-0.002129301687433082,0.0981,-0.36297,9.7119
124848483600,21.9,0.060720004676882725,0.006387905062299246,0.0,0.13734000000000002,-0.35316,9.59418
124853534105,21.9,0.05859070298944965,0.01811651763570114,-0.004258603374866164,0.06867000000000001,-0.33354000000000006,9.58437
124858584610,21.9,0.05220279792715039,0.0170518667919846,-0.002129301687433082,0.0,-0.2943,9.69228
124863635115,21.9,0.04366813788489812,0.011711159280881954,0.0,-0.019620000000000002,-0.2943,9.760950000000001
124868685620,21.9,0.03515093113516579,0.012775810124598492,-0.003193952531149623,-0.04905,-0.31392000000000003,9.79038
124873736125,21.9,0.03515093113516579,0.0170518667919846,0.0,-0.0981,-0.30411,9.888480000000001
124878786630,21.9,0.03621558197888234,0.014905111812031574,0.0,-0.0981,-0.28449,9.83943
124883837135,21.9,0.04153883619746504,0.0,0.0,-0.12753,-0.28449,9.760950000000001
124888887640,21.9,0.04581489286485115,-0.021310470166850764,0.0,-0.05886,-0.28449,9.623610000000001
124893938145,21.9,0.04153883619746504,-0.022375121010567305,-0.002129301687433082,-0.009810000000000001,-0.32373,9.496080000000001
124898988650,21.9,0.02663372438543347,-0.01811651763570114,0.0,0.05886,-0.30411,9.623610000000001
124904039155,21.9,0.023439771854283843,-0.007452555906015787,0.0,0.06867000000000001,-0.30411,9.85905
124909089660,21.9,0.02663372438543347,-0.004258603374866164,-0.003193952531149623,0.039240000000000004,-0.32373,9.95715
124914140165,21.9,0.024504422698000388,-0.020245819323134222,0.0,0.02943,-0.3924,10.074869999999999
124919190670,21.9,0.02982767691658309,-0.028763026072866547,0.0,0.0981,-0.3924,10.05525
124924241175,21.9,0.02982767691658309,-0.014905111812031574,-0.002129301687433082,0.16677000000000003,-0.41202000000000005,9.92772
124929291680,21.9,0.03834488366631542,0.006387905062299246,0.001064650843716541,0.1962,-0.41202000000000005,9.83943
124934342185,21.9,0.02769837522915001,0.028763026072866547,-0.001064650843716541,0.12753,-0.3924,9.81
124939392690,21.9,0.02982767691658309,0.02663372438543347,-0.001064650843716541,0.07848000000000001,-0.38259000000000004,9.819809999999999
124944443195,21.9,0.03621558197888234,0.0170518667919846,0.0,0.02943,-0.41202000000000005,9.89829
124949493700,21.9,0.03728023282259888,0.003193952531149623,0.0,0.0,-0.40221,9.96696
124954544205,21.9,0.044732788728614664,-0.002129301687433082,-0.001064650843716541,0.02943,-0.38259000000000004,10.03563
124959594710,21.9,0.05113814708343386,-0.00958185759344887,-0.002129301687433082,0.009810000000000001,-0.36297,10.01601
124964645215,21.9,0.06604325889546543,-0.007452555906015787,-0.003193952531149623,0.04905,-0.33354000000000006,9.86886
124969695720,21.9,0.05965535383316618,-0.001064650843716541,-0.003193952531149623,0.07848000000000001,-0.32373,9.623610000000001
124974746225,21.9,0.05326744877086694,0.002129301687433082,0.0,0.07848000000000001,-0.30411,9.60399
124979796730,21.9,0.05646140130201656,0.008517206749732328,-0.003193952531149623,0.08829,-0.27468000000000004,9.65304
124984847235,21.9,0.05646140130201656,0.02769837522915001,-0.001064650843716541,0.05886,-0.24525000000000002,9.74133
124989897740,21.9,0.05859070298944965,0.03408628029144926,0.001064650843716541,-0.06867000000000001,-0.24525000000000002,9.82962
124994948245,21.9,0.054332099614583476,0.022375121010567305,0.0,-0.12753,-0.20601000000000003,9.85905
124999998750,21.9,0.05859070298944965,0.001064650843716541,0.0,-0.13734000000000002,-0.21582,9.751140000000001
125005049255,21.9,0.05007349623971732,-0.006387905062299246,0.0,-0.11772,-0.1962,9.68247
125010099760,21.9,0.04581489286485115,-0.004258603374866164,0.0,-0.06867000000000001,-0.18639,9.633420000000001
125015150265,21.9,0.04366813788489812,-0.014905111812031574,-0.002129301687433082,-0.04905,-0.21582,9.54513
125020200770,21.9,0.03621558197888234,-0.02556907354171693,-0.001064650843716541,0.009810000000000001,-0.20601000000000003,9.64323
125025251275,21.9,0.03089232776029963,-0.033021629447732716,0.003193952531149623,0.039240000000000004,-0.23544,9.770760000000001
125030301780,21.9,0.022375121010567305,-0.03089232776029963,0.001064650843716541,0.12753,-0.26487,9.87867
125035352285,21.9,0.020245819323134222,-0.021310470166850764,-0.003193952531149623,0.16677000000000003,-0.2943,10.06506
125040402790,21.9,0.02663372438543347,-0.005323254218582705,0.002129301687433082,0.17658,-0.34335000000000004,10.08468
125045453295,21.9,0.028763026072866547,0.008517206749732328,-0.001064650843716541,0.15696000000000002,-0.35316,9.94734
125050503800,21.9,0.02663372438543347,0.00958185759344887,-0.002129301687433082,0.17658,-0.36297,9.83943
125055554305,21.9,0.02663372438543347,0.008517206749732328,0.0,0.14715,-0.37278,9.770760000000001
125060604810,21.9,0.028763026072866547,0.022375121010567305,-0.002129301687433082,0.12753,-0.36297,9.73152
125065655315,21.9,0.04260348704118158,0.03089232776029963,-0.002129301687433082,0.02943,-0.37278,9.89829
125070705820,21.9,0.044732788728614664,0.02556907354171693,-0.001064650843716541,-0.05886,-0.35316,9.99639
125075756325,21.9,0.049008845396000776,0.00958185759344887,-0.003193952531149623,-0.04905,-0.34335000000000004,10.025820000000001
125080806830,21.9,0.05539675045830002,-0.006387905062299246,0.001064650843716541,-0.05886,-0.32373,9.99639
125085857335,21.9,0.05752605214573309,-0.006387905062299246,0.0,-0.02943,-0.28449,9.81
125090907840,21.9,0.05965535383316618,0.0,-0.002129301687433082,0.019620000000000002,-0.28449,9.66285
125095958345,21.9,0.06604325889546543,0.001064650843716541,0.0,0.009810000000000001,-0.22563,9.633420000000001
125101008850,21.9,0.07136651311404815,-0.003193952531149623,-0.001064650843716541,0.019620000000000002,-0.20601000000000003,9.66285
125106059355,21.9,0.06710790973918197,-0.00958185759344887,0.0,0.039240000000000004,-0.1962,9.68247
125111109860,21.9,0.060720004676882725,-0.01064650843716541,0.0,0.039240000000000004,-0.16677000000000003,9.82962
125116160365,21.9,0.05539675045830002,-0.007452555906015787,-0.002129301687433082,0.039240000000000004,-0.15696000000000002,9.85905
125121210870,21.9,0.05326744877086694,0.002129301687433082,0.001064650843716541,0.039240000000000004,-0.15696000000000002,9.85905
125126261375,21.9,0.04581489286485115,0.006387905062299246,-0.003193952531149623,0.019620000000000002,-0.14715,9.888480000000001
125131311880,21.9,0.04366813788489812,-0.003193952531149623,0.0,0.02943,-0.16677000000000003,9.81
125136362385,21.9,0.03834488366631542,-0.01064650843716541,0.0,0.04905,-0.17658,9.68247
125141412890,21.9,0.033021629447732716,-0.005323254218582705,-0.001064650843716541,0.11772,-0.1962,9.7119
125146463395,21.9,0.033021629447732716,0.002129301687433082,0.0,0.0981,-0.22563,9.751140000000001
125151513900,21.9,0.02663372438543347,0.008517206749732328,-0.003193952531149623,0.04905,-0.25506,9.87867
125156564405,21.9,0.02663372438543347,0.01064650843716541,-0.002129301687433082,0.02943,-0.27468000000000004,10.025820000000001
125161614910,21.9,0.028763026072866547,0.006387905062299246,0.0,0.019620000000000002,-0.2943,9.96696
125166665415,21.9,0.02982767691658309,0.003193952531149623,-0.001064650843716541,0.02943,-0.28449,9.81
125171715920,21.9,0.03408628029144926,0.006387905062299246,-0.003193952531149623,0.0,-0.27468000000000004,9.73152
125176766425,21.9,0.04581489286485115,0.002129301687433082,0.0,0.02943,-0.31392000000000003,9.66285
125181816930,21.9,0.04794419455228423,-0.008517206749732328,-0.002129301687433082,0.05886,-0.27468000000000004,9.69228
125186867435,21.9,0.049008845396000776,-0.01811651763570114,0.0,0.05886,-0.2943,9.78057
125191917940,21.9,0.054332099614583476,-0.013840460968315033,0.0,0.08829,-0.27468000000000004,9.82962
125196968445,21.9,0.05646140130201656,-0.01064650843716541,0.001064650843716541,0.11772,-0.24525000000000002,9.85905
125202018950,21.9,0.05859070298944965,0.001064650843716541,-0.001064650843716541,0.0981,-0.21582,9.888480000000001
125207069455,21.9,0.06497860805174888,0.008517206749732328,-0.001064650843716541,0.10791,-0.1962,9.819809999999999
125212119960,21.9,0.05965535383316618,0.004258603374866164,-0.001064650843716541,0.07848000000000001,-0.17658,9.79038
125217170465,21.9,0.06178465552059926,0.01064650843716541,-0.002129301687433082,0.06867000000000001,-0.14715,9.78057
125222220970,21.9,0.05646140130201656,0.01811651763570114,0.0,0.019620000000000002,-0.13734000000000002,9.74133
125227271475,21.9,0.044732788728614664,0.008517206749732328,0.0,-0.009810000000000001,-0.17658,9.819809999999999
125232321980,21.9,0.044732788728614664,0.0,-0.001064650843716541,0.0,-0.15696000000000002,9.94734
125237372485,21.9,0.04581489286485115,-0.005323254218582705,0.001064650843716541,-0.019620000000000002,-0.13734000000000002,9.98658
125242422990,21.9,0.0404741853537485,-0.008517206749732328,-0.001064650843716541,-0.02943,-0.1962,10.01601
125247473495,21.9,0.046879543708567686,-0.012775810124598492,-0.002129301687433082,0.02943,-0.18639,9.89829
125252524000,21.9,0.04260348704118158,-0.012775810124598492,0.0,0.0981,-0.20601000000000003,9.770760000000001
125257574505,21.9,0.039409534510031964,-0.013840460968315033,0.001064650843716541,0.08829,-0.18639,9.67266
125262625010,21.9,0.0404741853537485,-0.005323254218582705,-0.002129301687433082,0.13734000000000002,-0.1962,9.67266
125267675515,21.9,0.04260348704118158,-0.001064650843716541,-0.001064650843716541,0.13734000000000002,-0.20601000000000003,9.760950000000001
125272726020,21.9,0.044732788728614664,-0.001064650843716541,-0.003193952531149623,0.12753,-0.21582,9.87867
125277776525,21.9,0.05113814708343386,0.0,0.0,0.10791,-0.20601000000000003,9.888480000000001
125282827030,21.9,0.054332099614583476,0.002129301687433082,-0.001064650843716541,0.11772,-0.16677000000000003,9.84924
125287877535,21.9,0.05539675045830002,0.001064650843716541,-0.003193952531149623,0.14715,-0.15696000000000002,9.751140000000001
125292928040,21.9,0.06178465552059926,0.013840460968315033,0.0,0.10791,-0.13734000000000002,9.67266
125297978545,21.9,0.05859070298944965,0.022375121010567305,-0.001064650843716541,0.05886,-0.14715,9.67266
125303029050,21.9,0.05646140130201656,0.01918116847941768,0.0,0.0,-0.12753,9.74133
125308079555,21.9,0.05859070298944965,0.005323254218582705,0.0,-0.019620000000000002,-0.13734000000000002,9.79038
125313130060,21.9,0.05220279792715039,-0.011711159280881954,0.0,-0.02943,-0.13734000000000002,9.85905
125318180565,21.9,0.05326744877086694,-0.031956978604016174,0.003193952531149623,0.04905,-0.12753,9.95715
125323231070,21.9,0.05113814708343386,-0.01811651763570114,0.0,0.0981,-0.14715,9.97677
125328281575,21.9,0.04794419455228423,-0.003193952531149623,-0.004258603374866164,0.11772,-0.14715,9.92772
125333332080,21.9,0.044732788728614664,0.008517206749732328,-0.002129301687433082,0.0981,-0.15696000000000002,9.888480000000001
125338382585,21.9,0.04581489286485115,0.015987215948268057,0.0,0.06867000000000001,-0.15696000000000002,9.74133
125343433090,21.9,0.039409534510031964,0.003193952531149623,0.0,0.05886,-0.13734000000000002,9.65304
125348483595,21.9,0.046879543708567686,0.003193952531149623,0.0,0.07848000000000001,-0.16677000000000003,9.7119
125353534100,21.9,0.04794419455228423,0.011711159280881954,0.0,0.04905,-0.15696000000000002,9.85905
125358584605,21.9,0.05007349623971732,0.014905111812031574,0.0,0.019620000000000002,-0.16677000000000003,9.908100000000001
125363635110,21.9,0.05113814708343386,0.003193952531149623,0.0,-0.039240000000000004,-0.16677000000000003,9.92772
125368685615,21.9,0.05752605214573309,-0.008517206749732328,0.0,0.0,-0.13734000000000002,9.83943
125373736120,21.9,0.05326744877086694,-0.01918116847941768,0.0,0.04905,-0.14715,9.67266
125378786625,21.9,0.05646140130201656,-0.021310470166850764,0.0,0.10791,-0.11772,9.633420000000001
125383837130,21.9,0.06284930636431581,-0.014905111812031574,0.0,0.15696000000000002,-0.0981,9.623610000000001
125388887635,21.9,0.06391395720803235,-0.011711159280881954,0.0,0.18639,-0.08829,9.72171
125393938140,21.9,0.06284930636431581,0.0,0.0,0.14715,-0.07848000000000001,9.937529999999999
125398988645,21.9,0.05326744877086694,0.003193952531149623,0.0,0.12753,-0.0981,9.98658
125404039150,21.9,0.049008845396000776,0.0,0.0,0.11772,-0.08829,9.91791
125409089655,21.9,0.04581489286485115,0.002129301687433082,0.0,0.13734000000000002,-0.07848000000000001,9.86886
125414140160,21.9,0.05007349623971732,0.007452555906015787,0.0,0.11772,-0.08829,9.73152
125419190665,21.9,0.05326744877086694,0.0170518667919846,0.0,0.0981,-0.06867000000000001,9.7119
125424241170,21.9,0.054332099614583476,0.023439771854283843,0.0,0.04905,-0.08829,9.81
125429291675,21.9,0.04794419455228423,0.01811651763570114,0.0,0.009810000000000001,-0.08829,9.81
125434342180,21.9,0.04260348704118158,0.021310470166850764,0.0,-0.019620000000000002,-0.10791,9.82962
125439392685,21.9,0.0404741853537485,0.003193952531149623,0.0,-0.02943,-0.10791,9.82962
125444443190,21.9,0.046879543708567686,-0.012775810124598492,0.0,-0.04905,-0.08829,9.770760000000001
125449493695,21.9,0.05646140130201656,-0.023439771854283843,0.0,0.009810000000000001,-0.10791,9.79038
125454544200,21.9,0.06178465552059926,-0.02663372438543347,0.0,0.08829,-0.08829,9.83943
125459594705,21.9,0.06284930636431581,-0.00958185759344887,0.0,0.13734000000000002,-0.07848000000000001,9.80019
125464645210,21.9,0.05646140130201656,-0.002129301687433082,0.0,0.11772,-0.07848000000000001,9.770760000000001
125469695715,21.9,0.05007349623971732,0.0,0.0,0.11772,-0.05886,9.78057
125474746220,21.9,0.044732788728614664,-0.002129301687433082,0.0,0.12753,-0.06867000000000001,9.81
125479796725,21.9,0.049008845396000776,-0.011711159280881954,0.0,0.11772,-0.05886,9.82962
125484847230,21.9,0.05752605214573309,-0.013840460968315033,0.0,0.14715,-0.06867000000000001,9.92772
125489897735,21.9,0.06604325889546543,0.0,0.0,0.17658,-0.05886,9.95715
125494948240,21.9,0.06604325889546543,0.008517206749732328,0.0,0.17658,-0.06867000000000001,9.85905
125499998745,21.9,0.05859070298944965,0.020245819323134222,0.0,0.12753,-0.04905,9.78057
125505049250,21.9,0.05007349623971732,0.02769837522915001,0.0,0.0981,-0.06867000000000001,9.70209
125510099755,21.9,0.0404741853537485,0.02769837522915001,0.0,0.019620000000000002,-0.05886,9.64323
125515150260,21.9,0.046879543708567686,0.013840460968315033,0.0,-0.009810000000000001,-0.039240000000000004,9.69228
125520200765,21.9,0.060720004676882725,-0.008517206749732328,0.0,-0.009810000000000001,0.0,9.74133
125525251270,21.9,0.06817256058289851,-0.02556907354171693,0.0,0.0,-0.019620000000000002,9.83943
125530301775,21.9,0.07030186227033158,-0.02982767691658309,0.0,0.08829,0.0,9.97677
125535352280,21.9,0.060720004676882725,-0.012775810124598492,0.0,0.10791,-0.02943,9.819809999999999
125540402785,21.9,0.04153883619746504,0.007452555906015787,0.0,0.11772,-0.05886,9.770760000000001
125545453290,21.9,0.02982767691658309,0.0170518667919846,0.0,0.10791,-0.009810000000000001,9.68247
125550503795,21.9,0.04153883619746504,0.007452555906015787,0.0,0.06867000000000001,-0.009810000000000001,9.65304
125555554300,21.9,0.05007349623971732,-0.015987215948268057,0.0,0.08829,0.0,9.751140000000001
125560604805,21.9,0.06391395720803235,-0.039409534510031964,0.0,0.16677000000000003,-0.009810000000000001,9.97677
125565655310,21.9,0.05965535383316618,-0.03515093113516579,0.0,0.22563,-0.019620000000000002,10.05525
125570705815,21.9,0.05113814708343386,-0.006387905062299246,0.0,0.21582,-0.039240000000000004,10.08468
125575756320,21.9,0.04260348704118158,0.02663372438543347,0.0,0.20601000000000003,-0.05886,9.95715
125580806825,21.9,0.03621558197888234,0.04794419455228423,0.0,0.13734000000000002,-0.07848000000000001,9.751140000000001
125585857330,21.9,0.044732788728614664,0.039409534510031964,0.0,0.039240000000000004,-0.039240000000000004,9.64323
125590907835,21.9,0.05646140130201656,0.02769837522915001,0.0,-0.019620000000000002,-0.02943,9.633420000000001
125595958340,21.9,0.06817256058289851,0.012775810124598492,0.0,-0.02943,-0.039240000000000004,9.74133
125601008845,21.9,0.07777187146886733,-0.0170518667919846,0.0,-0.02943,0.0,9.86886
125606059350,21.9,0.06604325889546543,-0.03089232776029963,0.0,0.0,0.0,9.95715
125611109855,21.9,0.06391395720803235,-0.03515093113516579,0.0,0.10791,0.0,9.908100000000001
125616160360,21.9,0.05646140130201656,-0.024504422698000388,0.0,0.17658,0.0,9.85905
125621210865,21.9,0.05752605214573309,0.0,0.0,0.1962,0.019620000000000002,9.80019
125626261370,21.9,0.06604325889546543,0.02663372438543347,0.0,0.16677000000000003,0.039240000000000004,9.68247
125631311875,21.9,0.06391395720803235,0.03089232776029963,0.0,0.11772,0.04905,9.69228
125636362380,21.9,0.05752605214573309,0.011711159280881954,0.0,0.05886,0.04905,9.74133
125641412885,21.9,0.05220279792715039,-0.013840460968315033,0.0,0.02943,0.019620000000000002,9.760950000000001
125646463390,21.9,0.049008845396000776,-0.028763026072866547,0.0,0.10791,0.009810000000000001,9.95715
125651513895,21.9,0.05007349623971732,-0.03834488366631542,0.0,0.17658,0.009810000000000001,9.97677
125656564400,21.9,0.054332099614583476,-0.033021629447732716,0.0,0.25506,0.0,9.91791
125661614905,21.9,0.060720004676882725,-0.01811651763570114,0.0,0.31392000000000003,0.009810000000000001,9.82962
125666665410,21.9,0.05752605214573309,0.0,0.0,0.32373,0.039240000000000004,9.64323
125671715915,21.9,0.054332099614583476,0.03515093113516579,0.0,0.27468000000000004,0.04905,9.54513
125676766420,21.9,0.05220279792715039,0.06178465552059926,0.0,0.14715,0.019620000000000002,9.58437
125681816925,21.9,0.054332099614583476,0.06817256058289851,0.0,0.0,0.039240000000000004,9.819809999999999
125686867430,21.9,0.05859070298944965,0.05007349623971732,0.0,-0.15696000000000002,0.04905,9.95715
125691917935,21.9,0.05007349623971732,0.012775810124598492,0.0,-0.20601000000000003,0.05886,10.025820000000001
125696968440,21.9,0.05752605214573309,-0.023439771854283843,0.0,-0.16677000000000003,0.009810000000000001,9.94734
125702018945,21.9,0.05752605214573309,-0.05113814708343386,0.0,-0.02943,0.05886,9.80019
125707069450,21.9,0.06178465552059926,-0.06710790973918197,0.0,0.12753,0.07848000000000001,9.70209
125712119955,21.9,0.05965535383316618,-0.07030186227033158,0.0,0.27468000000000004,0.06867000000000001,9.70209
125717170460,21.9,0.05965535383316618,-0.05646140130201656,0.0,0.41202000000000005,0.05886,9.73152
125722220965,21.9,0.054332099614583476,-0.02982767691658309,0.0,0.43164,0.04905,9.888480000000001
125727271470,21.9,0.05539675045830002,0.011711159280881954,0.0,0.44145,0.039240000000000004,10.006200000000002
125732321975,21.9,0.05113814708343386,0.03834488366631542,0.0,0.35316,0.019620000000000002,9.98658
125737372480,21.9,0.05646140130201656,0.05539675045830002,0.0,0.24525000000000002,0.04905,9.92772
125742422985,21.9,0.05646140130201656,0.07243116395776468,0.0,0.0981,0.04905,9.81
125747473490,21.9,0.06497860805174888,0.07670722062515077,0.0,-0.009810000000000001,0.07848000000000001,9.64323
125752523995,21.9,0.06391395720803235,0.07243116395776468,0.0,-0.16677000000000003,0.0981,9.623610000000001
125757574500,21.9,0.06604325889546543,0.04260348704118158,0.0,-0.27468000000000004,0.11772,9.66285
125762625005,21.9,0.06284930636431581,-0.011711159280881954,0.0,-0.28449,0.13734000000000002,9.68247
125767675510,21.9,0.060720004676882725,-0.06284930636431581,0.0,-0.15696000000000002,0.12753,9.85905
125772726015,21.9,0.07030186227033158,-0.09587093581204853,0.0,-0.009810000000000001,0.14715,9.908100000000001
125777776520,21.9,0.06497860805174888,-0.10119419003063122,0.0,0.21582,0.13734000000000002,9.85905
125782827025,21.9,0.05752605214573309,-0.0852244273748831,0.0,0.42183,0.21582,9.888480000000001
125787877530,21.9,0.05965535383316618,-0.06817256058289851,0.0,0.60822,0.20601000000000003,9.80019
125792928035,21.9,0.046879543708567686,-0.021310470166850764,0.0,0.6768900000000001,0.11772,9.70209
125797978540,21.9,0.04260348704118158,0.021310470166850764,0.0,0.6278400000000001,0.05886,9.58437
125803029045,21.9,0.044732788728614664,0.05752605214573309,0.0,0.47088,0.06867000000000001,9.79038
125808079550,21.9,0.0404741853537485,0.10012953918691468,0.0,0.28449,0.05886,9.97677
125813130055,21.9,0.049008845396000776,0.11505210429146619,0.0,0.02943,0.02943,10.05525
125818180560,21.9,0.05646140130201656,0.10332349171806432,0.0,-0.20601000000000003,0.07848000000000001,9.937529999999999
125823231065,21.9,0.05752605214573309,0.07670722062515077,0.0,-0.34335000000000004,0.05886,9.751140000000001
125828281570,21.9,0.06710790973918197,0.044732788728614664,0.0,-0.43164,0.06867000000000001,9.6138
125833332075,21.9,0.07243116395776468,0.012775810124598492,0.0,-0.44145,0.12753,9.6138
125838382580,21.9,0.0756251164889143,-0.020245819323134222,0.0,-0.42183,0.15696000000000002,9.69228
125843433085,21.9,0.07456046564519776,-0.060720004676882725,0.0,-0.33354000000000006,0.16677000000000003,9.79038
125848483590,21.9,0.06497860805174888,-0.09374163412461543,0.0,-0.13734000000000002,0.18639,9.89829
125853534095,21.9,0.05859070298944965,-0.1097288500728835,0.0,0.05886,0.17658,9.92772
125858584600,21.9,0.06284930636431581,-0.09480628496833199,0.0,0.28449,0.33354000000000006,9.94734
125863635105,21.9,0.060720004676882725,-0.07456046564519776,0.0,0.5591700000000001,0.23544,9.95715
125868685610,21.9,0.05007349623971732,-0.03621558197888234,0.0,0.63765,0.20601000000000003,9.74133
125873736115,21.9,0.039409534510031964,0.0,0.0,0.60822,0.05886,9.58437
125878786620,21.9,0.046879543708567686,0.028763026072866547,0.0,0.51012,0.06867000000000001,9.6138
125883837125,21.9,0.03834488366631542,0.05113814708343386,0.0,0.42183,0.0981,9.79038
125888887630,21.9,0.05113814708343386,0.060720004676882725,0.0,0.26487,0.08829,9.908100000000001
125893938135,21.9,0.05859070298944965,0.06178465552059926,0.0,0.11772,0.11772,9.908100000000001
125898988640,21.9,0.06497860805174888,0.05752605214573309,0.0,0.02943,0.0981,9.819809999999999
125904039145,21.9,0.07777187146886733,0.05220279792715039,0.0,-0.06867000000000001,0.15696000000000002,9.751140000000001
125909089650,21.9,0.07883652231258387,0.04260348704118158,0.0,-0.16677000000000003,0.18639,9.68247
125914140155,21.9,0.07136651311404815,0.03408628029144926,0.0,-0.25506,0.21582,9.64323
125919190660,21.9,0.06710790973918197,0.0170518667919846,0.0,-0.26487,0.22563,9.68247
125924241165,21.9,0.06284930636431581,-0.01064650843716541,0.0,-0.30411,0.26487,9.79038
125929291670,21.9,0.05965535383316618,-0.03728023282259888,0.0,-0.21582,0.25506,9.937529999999999
125934342175,21.9,0.05859070298944965,-0.06178465552059926,0.0,-0.0981,0.2943,9.98658
125939392680,21.9,0.049008845396000776,-0.06817256058289851,0.0,0.039240000000000004,0.27468000000000004,10.025820000000001
125944443185,21.9,0.05007349623971732,-0.06604325889546543,0.0,0.20601000000000003,0.18639,9.908100000000001
125949493690,21.9,0.04153883619746504,-0.046879543708567686,0.0,0.28449,0.12753,9.760950000000001
125954544195,21.9,0.03834488366631542,-0.024504422698000388,0.0,0.38259000000000004,0.10791,9.69228
125959594700,21.9,0.03728023282259888,-0.003193952531149623,0.0,0.3924,0.08829,9.751140000000001
125964645205,21.9,0.049008845396000776,0.0170518667919846,0.0,0.34335000000000004,0.10791,9.81
125969695710,21.9,0.05859070298944965,0.039409534510031964,0.0,0.26487,0.12753,9.908100000000001
125974746215,21.9,0.07030186227033158,0.04153883619746504,0.0,0.16677000000000003,0.15696000000000002,9.888480000000001
125979796720,21.9,0.07349581480148122,0.03621558197888234,0.0,0.05886,0.15696000000000002,9.85905
125984847225,21.9,0.07136651311404815,0.023439771854283843,0.0,0.009810000000000001,0.17658,9.760950000000001
125989897730,21.9,0.07136651311404815,0.01811651763570114,0.0,0.009810000000000001,0.23544,9.7119
125994948235,21.9,0.07136651311404815,0.012775810124598492,0.0,-0.009810000000000001,0.34335000000000004,9.66285
125999998740,21.9,0.06923721142661506,-0.005323254218582705,0.0,0.0,0.47088,9.80019
126005049245,21.9,0.06178465552059926,-0.031956978604016174,0.0,0.07848000000000001,0.46107000000000004,9.92772
126010099750,21.9,0.04260348704118158,-0.046879543708567686,0.0,0.18639,0.30411,9.96696
126015150255,21.9,0.033021629447732716,-0.049008845396000776,0.0,0.24525000000000002,0.13734000000000002,9.94734
126020200760,21.9,0.031956978604016174,-0.046879543708567686,0.0,0.33354000000000006,0.10791,9.83943
126025251265,21.9,0.03621558197888234,-0.03089232776029963,0.0,0.41202000000000005,0.05886,9.82962
126030301770,21.9,0.049008845396000776,-0.0170518667919846,0.0,0.43164,0.06867000000000001,9.80019
126035352275,21.9,0.05752605214573309,0.004258603374866164,0.0,0.46107000000000004,0.0981,9.70209
126040402780,21.9,0.07883652231258387,0.023439771854283843,0.0,0.41202000000000005,0.14715,9.66285
126045453285,21.9,0.08203047484373349,0.05646140130201656,0.0,0.32373,0.1962,9.66285
126050503790,21.9,0.09054768159346581,0.07670722062515077,0.0,0.15696000000000002,0.28449,9.67266
126055554295,21.9,0.08841837990603273,0.09267698328089889,0.0,-0.019620000000000002,0.32373,9.78057
126060604800,21.9,0.08735372906231618,0.09800023749948161,0.0,-0.23544,0.37278,9.74133
126065655305,21.9,0.07883652231258387,0.08628907821859966,0.0,-0.44145,0.3924,9.7119
126070705810,21.9,0.07456046564519776,0.05007349623971732,0.0,-0.51993,0.41202000000000005,9.64323
126075756315,21.9,0.06604325889546543,0.014905111812031574,0.0,-0.56898,0.49050000000000005,9.64323
126080806820,21.9,0.05539675045830002,-0.02556907354171693,0.0,-0.50031,0.50031,9.72171
126085857325,21.9,0.04153883619746504,-0.06604325889546543,0.0,-0.37278,0.49050000000000005,9.770760000000001
126090907830,21.9,0.024504422698000388,-0.09800023749948161,0.0,-0.17658,0.34335000000000004,9.81
126095958335,21.9,0.014905111812031574,-0.11079350091660004,0.0,0.05886,0.22563,9.86886
126101008840,21.9,0.008517206749732328,-0.10866419922916695,0.0,0.25506,0.21582,9.82962
126106059345,21.9,0.014905111812031574,-0.09480628496833199,0.0,0.52974,0.14715,9.908100000000001
126111109850,21.9,0.024504422698000388,-0.07456046564519776,0.0,0.6867000000000001,0.14715,9.888480000000001
126116160355,21.9,0.03089232776029963,-0.03834488366631542,0.0,0.79461,0.02943,9.760950000000001
126121210860,21.9,0.046879543708567686,0.001064650843716541,0.0,0.7651800000000001,0.04905,9.7119
126126261365,21.9,0.06391395720803235,0.046879543708567686,0.0,0.65727,0.06867000000000001,9.80019
126131311870,21.9,0.08309512568745003,0.06497860805174888,0.0,0.44145,0.10791,9.908100000000001
126136362375,21.9,0.08948303074974927,0.07349581480148122,0.0,0.33354000000000006,0.1962,9.97677
126141412880,21.9,0.10332349171806432,0.07777187146886733,0.0,0.14715,0.32373,9.89829
126146463385,21.9,0.10866419922916695,0.08309512568745003,0.0,0.0,0.48069000000000006,9.89829
126151513890,21.9,0.10545279340549739,0.08203047484373349,0.0,-0.11772,0.5591700000000001,9.81
126156564395,21.9,0.0852244273748831,0.06817256058289851,0.0,-0.26487,0.56898,9.78057
126161614900,21.9,0.06604325889546543,0.03834488366631542,-0.005323254218582705,-0.34335000000000004,0.51012,9.68247
126166665405,21.9,0.04794419455228423,0.014905111812031574,-0.004258603374866164,-0.40221,0.44145,9.74133
126171715910,21.9,0.039409534510031964,-0.011711159280881954,0.003193952531149623,-0.38259000000000004,0.35316,9.81
126176766415,21.9,0.031956978604016174,-0.03834488366631542,0.0,-0.32373,0.25506,9.84924
126181816920,21.9,0.033021629447732716,-0.06178465552059926,0.001064650843716541,-0.21582,0.1962,9.86886
126186867425,21.9,0.0404741853537485,-0.07777187146886733,0.0,-0.07848000000000001,0.28449,9.80019
126191917930,21.9,0.05326744877086694,-0.07456046564519776,0.001064650843716541,0.13734000000000002,0.34335000000000004,9.74133
126196968435,21.9,0.05965535383316618,-0.05965535383316618,0.0,0.32373,0.3924,9.7119
126202018940,21.9,0.05007349623971732,-0.04260348704118158,-0.001064650843716541,0.49050000000000005,0.38259000000000004,9.64323
126207069445,21.9,0.0404741853537485,-0.02982767691658309,0.0,0.5395500000000001,0.34335000000000004,9.59418
126212119950,21.9,0.0404741853537485,-0.023439771854283843,0.0,0.5591700000000001,0.3924,9.633420000000001
126217170455,21.9,0.04260348704118158,-0.003193952531149623,-0.001064650843716541,0.5886,0.33354000000000006,9.770760000000001
126222220960,21.9,0.04794419455228423,0.021310470166850764,-0.001064650843716541,0.51012,0.18639,9.84924
126227271465,21.9,0.04794419455228423,0.04260348704118158,-0.003193952531149623,0.37278,0.13734000000000002,9.82962
126232321970,21.9,0.05965535383316618,0.05752605214573309,-0.003193952531149623,0.1962,0.13734000000000002,9.87867
126237372475,21.9,0.07349581480148122,0.06817256058289851,0.001064650843716541,0.039240000000000004,0.20601000000000003,9.908100000000001
126242422980,21.9,0.08415977653116657,0.08096582400001695,-0.002129301687433082,-0.10791,0.33354000000000006,9.81
126247473485,21.9,0.09587093581204853,0.08735372906231618,-0.002129301687433082,-0.24525000000000002,0.44145,9.80019
126252523990,21.9,0.09374163412461543,0.0756251164889143,-0.002129301687433082,-0.41202000000000005,0.5886,9.83943
126257574495,21.9,0.08841837990603273,0.046879543708567686,0.0,-0.49050000000000005,0.56898,9.82962
126262625000,21.9,0.06497860805174888,0.003193952531149623,0.001064650843716541,-0.5493600000000001,0.57879,9.78057
126267675505,21.9,0.05113814708343386,-0.05326744877086694,0.001064650843716541,-0.45126,0.56898,9.65304
126272726010,21.9,0.03408628029144926,-0.09906488834319814,-0.001064650843716541,-0.22563,0.6180300000000001,9.623610000000001
126277776515,21.9,0.02769837522915001,-0.1278279144160647,0.0,0.07848000000000001,0.74556,9.70209
126282827020,21.9,0.01918116847941768,-0.1278279144160647,0.001064650843716541,0.48069000000000006,0.5591700000000001,9.81
126287877525,21.9,0.001064650843716541,-0.10545279340549739,0.0,0.73575,0.2943,9.751140000000001
126292928030,21.9,-0.003193952531149623,-0.06178465552059926,-0.001064650843716541,0.7651800000000001,0.009810000000000001,9.60399
126297978535,21.9,0.0,-0.002129301687433082,-0.001064650843716541,0.6768900000000001,-0.02943,9.72171
126303029040,21.9,0.02769837522915001,0.07243116395776468,-0.003193952531149623,0.51993,-0.039240000000000004,9.888480000000001
126308079545,21.9,0.05007349623971732,0.12463396188491506,-0.001064650843716541,0.21582,0.039240000000000004,10.045440000000001
126313130050,21.9,0.07670722062515077,0.1374272253020335,-0.001064650843716541,-0.04905,0.07848000000000001,9.97677
126318180555,21.9,0.11505210429146619,0.11398745344774965,0.0,-0.27468000000000004,0.20601000000000003,9.78057
126323231060,21.9,0.12676326357234816,0.07349581480148122,-0.004258603374866164,-0.40221,0.33354000000000006,9.70209
126328281565,21.9,0.14381513036433274,0.023439771854283843,-0.002129301687433082,-0.49050000000000005,1.00062,9.68247
126333332070,21.9,0.13208651779093086,-0.022375121010567305,-0.001064650843716541,-0.30411,1.0791000000000002,10.08468
126338382575,21.9,0.0852244273748831,-0.05646140130201656,0.0,-0.14715,0.9908100000000001,9.86886
126343433080,21.9,0.020245819323134222,-0.07777187146886733,-0.001064650843716541,0.02943,0.74556,9.46665
126348483585,21.9,0.008517206749732328,-0.08628907821859966,-0.003193952531149623,0.14715,0.47088,9.48627
126353534090,21.9,-0.01064650843716541,-0.05539675045830002,0.001064650843716541,0.20601000000000003,0.24525000000000002,9.54513
126358584595,21.9,0.004258603374866164,-0.028763026072866547,0.001064650843716541,0.26487,0.04905,9.69228
126363635100,21.9,0.008517206749732328,-0.005323254218582705,0.0,0.22563,0.11772,9.81
126368685605,21.9,0.04153883619746504,0.004258603374866164,0.0,0.21582,0.06867000000000001,9.95715
126373736110,21.9,0.06391395720803235,0.005323254218582705,0.001064650843716541,0.18639,0.17658,9.85905
126378786615,21.9,0.07243116395776468,0.003193952531149623,-0.002129301687433082,0.16677000000000003,0.48069000000000006,9.81
126383837120,21.9,0.10438814256178083,-0.007452555906015787,-0.001064650843716541,0.27468000000000004,0.63765,9.95715
126388887625,21.9,0.09161233243718235,0.01064650843716541,0.0,0.33354000000000006,0.69651,9.96696
126393938130,21.9,0.07136651311404815,0.033021629447732716,-0.002129301687433082,0.22563,0.5493600000000001,9.64323
126398988635,21.9,0.05965535383316618,0.04794419455228423,-0.004258603374866164,0.07848000000000001,0.45126,9.52551
126404039140,21.9,0.04153883619746504,0.06923721142661506,0.001064650843716541,-0.04905,0.36297,9.6138
126409089645,21.9,0.0404741853537485,0.05859070298944965,0.0,-0.21582,0.36297,9.73152
126414140150,21.9,0.04794419455228423,0.031956978604016174,0.0,-0.31392000000000003,0.48069000000000006,9.85905
126419190655,21.9,0.060720004676882725,-0.006387905062299246,-0.001064650843716541,-0.30411,0.56898,9.95715
126424241160,21.9,0.06604325889546543,-0.05646140130201656,-0.002129301687433082,-0.15696000000000002,0.6670800000000001,9.92772
126429291665,21.9,0.05113814708343386,-0.07883652231258387,-0.002129301687433082,0.06867000000000001,0.6180300000000001,9.937529999999999
126434342170,21.9,0.04153883619746504,-0.06817256058289851,-0.001064650843716541,0.24525000000000002,0.47088,9.74133
126439392675,21.9,0.031956978604016174,-0.0404741853537485,-0.002129301687433082,0.34335000000000004,0.36297,9.496080000000001
126444443180,21.9,0.03089232776029963,-0.002129301687433082,0.001064650843716541,0.31392000000000003,0.26487,9.5157
126449493685,21.9,0.03408628029144926,0.01811651763570114,0.001064650843716541,0.22563,0.35316,9.57456
126454544190,21.9,0.05539675045830002,0.031956978604016174,-0.004258603374866164,0.18639,0.40221,9.770760000000001
126459594695,21.9,0.06497860805174888,0.028763026072866547,0.0,0.14715,0.5395500000000001,9.86886
126464645200,21.9,0.07243116395776468,0.011711159280881954,-0.002129301687433082,0.04905,0.6670800000000001,9.87867
126469695705,21.9,0.06710790973918197,0.0,-0.001064650843716541,0.13734000000000002,0.6278400000000001,9.91791
126474746210,21.9,0.05326744877086694,-0.003193952531149623,-0.001064650843716541,0.14715,0.50031,9.82962
126479796715,21.9,0.0404741853537485,0.004258603374866164,-0.001064650843716541,0.0981,0.41202000000000005,9.68247
126484847220,21.9,0.04366813788489812,0.033021629447732716,0.0,-0.019620000000000002,0.34335000000000004,9.72171
126489897725,21.9,0.05007349623971732,0.04260348704118158,0.0,-0.13734000000000002,0.35316,9.69228
126494948230,21.9,0.05859070298944965,0.031956978604016174,0.001064650843716541,-0.15696000000000002,0.5493600000000001,9.78057
126499998735,21.9,0.07030186227033158,0.004258603374866164,0.0,-0.14715,0.6867000000000001,9.86886
126505049240,21.9,0.06604325889546543,-0.031956978604016174,0.0,-0.05886,0.75537,9.908100000000001
126510099745,21.9,0.05220279792715039,-0.04794419455228423,0.0,0.07848000000000001,0.64746,9.87867
126515150250,21.9,0.03621558197888234,-0.03089232776029963,0.0,0.13734000000000002,0.48069000000000006,9.770760000000001
126520200755,21.9,0.023439771854283843,-0.024504422698000388,0.0,0.12753,0.31392000000000003,9.633420000000001
126525251260,21.9,0.03089232776029963,-0.011711159280881954,-0.001064650843716541,0.14715,0.34335000000000004,9.68247
126530301765,21.9,0.04581489286485115,0.002129301687433082,0.0,0.17658,0.38259000000000004,9.69228
126535352270,21.9,0.05539675045830002,0.004258603374866164,0.0,0.16677000000000003,0.51993,9.70209
126540402775,21.9,0.06817256058289851,0.003193952531149623,-0.004258603374866164,0.17658,0.6768900000000001,9.760950000000001
126545453280,21.9,0.06710790973918197,0.00958185759344887,-0.002129301687433082,0.21582,0.69651,9.78057
126550503785,21.9,0.049008845396000776,0.011711159280881954,-0.003193952531149623,0.16677000000000003,0.59841,9.79038
126555554290,21.9,0.04153883619746504,0.013840460968315033,-0.002129301687433082,0.07848000000000001,0.44145,9.79038
126560604795,21.9,0.031956978604016174,0.021310470166850764,-0.002129301687433082,0.019620000000000002,0.32373,9.73152
126565655300,21.9,0.03621558197888234,0.023439771854283843,-0.002129301687433082,-0.07848000000000001,0.36297,9.78057
126570705805,21.9,0.06604325889546543,0.023439771854283843,0.0,-0.0981,0.51012,9.78057
126575756310,21.9,0.07349581480148122,0.015987215948268057,0.0,-0.0981,0.64746,9.79038
126580806815,21.9,0.06604325889546543,-0.006387905062299246,-0.002129301687433082,-0.05886,0.7848,9.79038
126585857320,21.9,0.05752605214573309,-0.021310470166850764,-0.005323254218582705,0.04905,0.7848,9.79038
126590907825,21.9,0.03621558197888234,-0.013840460968315033,0.0,0.05886,0.59841,9.79038
126595958330,21.9,0.022375121010567305,-0.015987215948268057,-0.001064650843716541,0.019620000000000002,0.43164,9.68247
126601008835,21.9,0.022375121010567305,-0.021310470166850764,-0.002129301687433082,0.039240000000000004,0.3924,9.760950000000001
126606059340,21.9,0.02769837522915001,-0.015987215948268057,-0.002129301687433082,0.11772,0.36297,9.79038
126611109845,21.9,0.05220279792715039,-0.020245819323134222,0.001064650843716541,0.15696000000000002,0.52974,9.69228
126616160350,21.9,0.06178465552059926,-0.003193952531149623,0.0,0.22563,0.6278400000000001,9.72171
126621210855,21.9,0.06391395720803235,0.01811651763570114,-0.001064650843716541,0.21582,0.64746,9.70209
126626261360,21.9,0.054332099614583476,0.021310470166850764,-0.001064650843716541,0.13734000000000002,0.60822,9.623610000000001
126631311865,21.9,0.039409534510031964,0.023439771854283843,-0.002129301687433082,0.08829,0.59841,9.72171
126636362370,21.9,0.0404741853537485,0.023439771854283843,0.0,0.0,0.50031,9.78057
126641412875,21.9,0.04366813788489812,0.012775810124598492,0.0,-0.04905,0.52974,9.751140000000001
126646463380,21.9,0.04794419455228423,0.004258603374866164,-0.001064650843716541,-0.04905,0.6278400000000001,9.79038
126651513885,21.9,0.054332099614583476,0.006387905062299246,0.0,-0.039240000000000004,0.64746,9.78057
126656564390,21.9,0.054332099614583476,0.0,-0.001064650843716541,-0.05886,0.63765,9.73152
126661614895,21.9,0.04366813788489812,0.0,0.0,-0.04905,0.6278400000000001,9.7119
126666665400,21.9,0.031956978604016174,-0.008517206749732328,0.0,-0.009810000000000001,0.5886,9.74133
126671715905,21.9,0.02663372438543347,-0.02556907354171693,0.0,0.019620000000000002,0.5886,9.819809999999999
126676766410,21.9,0.03089232776029963,-0.03834488366631542,0.0,0.12753,0.5886,9.91791
126681816915,21.9,0.03408628029144926,-0.03515093113516579,-0.002129301687433082,0.20601000000000003,0.5395500000000001,9.91791
126686867420,21.9,0.04366813788489812,-0.01811651763570114,-0.002129301687433082,0.26487,0.44145,9.80019
126691917925,21.9,0.04794419455228423,0.008517206749732328,-0.002129301687433082,0.23544,0.43164,9.64323
126696968430,21.9,0.049008845396000776,0.02769837522915001,0.003193952531149623,0.12753,0.49050000000000005,9.59418
126702018935,21.9,0.05007349623971732,0.033021629447732716,0.0,0.07848000000000001,0.6180300000000001,9.64323
126707069440,21.9,0.05752605214573309,0.024504422698000388,-0.003193952531149623,0.07848000000000001,0.74556,9.770760000000001
126712119945,21.9,0.05326744877086694,0.01811651763570114,-0.001064650843716541,0.039240000000000004,0.7749900000000001,9.86886
126717170450,21.9,0.05646140130201656,0.007452555906015787,-0.004258603374866164,-0.009810000000000001,0.74556,9.80019
126722220955,21.9,0.05326744877086694,0.013840460968315033,-0.003193952531149623,-0.02943,0.64746,9.751140000000001
126727271460,21.9,0.04366813788489812,0.015987215948268057,0.0,-0.0981,0.50031,9.58437
126732321965,21.9,0.02982767691658309,0.007452555906015787,-0.003193952531149623,-0.12753,0.56898,9.5157
126737372470,21.9,0.03408628029144926,-0.008517206749732328,0.0,-0.08829,0.70632,9.6138
126742422975,21.9,0.039409534510031964,-0.01918116847941768,-0.001064650843716541,0.02943,0.8142300000000001,9.760950000000001
126747473480,21.9,0.039409534510031964,-0.01811651763570114,0.0,0.06867000000000001,0.7651800000000001,9.85905
126752523985,21.9,0.02982767691658309,-0.020245819323134222,-0.003193952531149623,0.08829,0.6278400000000001,9.85905
126757574490,21.9,0.024504422698000388,-0.01811651763570114,0.001064650843716541,0.05886,0.43164,9.770760000000001
126762624995,21.9,0.0170518667919846,-0.01064650843716541,-0.002129301687433082,0.039240000000000004,0.38259000000000004,9.73152
126767675500,21.9,0.02556907354171693,-0.006387905062299246,-0.003193952531149623,0.07848000000000001,0.45126,9.78057
126772726005,21.9,0.04794419455228423,0.003193952531149623,0.0,0.10791,0.5493600000000001,9.79038
126777776510,21.9,0.05752605214573309,0.00958185759344887,0.001064650843716541,0.12753,0.6867000000000001,9.83943
126782827015,21.9,0.060720004676882725,0.01064650843716541,-0.001064650843716541,0.12753,0.7848,9.81
126787877520,21.9,0.054332099614583476,0.006387905062299246,-0.001064650843716541,0.08829,0.80442,9.760950000000001
126792928025,21.9,0.044732788728614664,-0.006387905062299246,-0.001064650843716541,0.11772,0.72594,9.72171
126797978530,21.9,0.024504422698000388,-0.004258603374866164,-0.002129301687433082,0.13734000000000002,0.60822,9.7119
126803029035,21.9,0.020245819323134222,0.004258603374866164,0.0,0.07848000000000001,0.51012,9.69228
126808079540,21.9,0.03089232776029963,0.011711159280881954,-0.003193952531149623,0.0,0.48069000000000006,9.72171
126813130045,21.9,0.05220279792715039,0.011711159280881954,-0.001064650843716541,0.0,0.59841,9.751140000000001
126818180550,21.9,0.05326744877086694,0.01064650843716541,0.0,0.0,0.65727,9.7119
126823231055,21.9,0.05113814708343386,0.001064650843716541,0.0,0.019620000000000002,0.80442,9.67266
126828281560,21.9,0.05220279792715039,0.0,0.0,0.05886,0.8338500000000001,9.64323
126833332065,21.9,0.0404741853537485,0.005323254218582705,0.002129301687433082,0.02943,0.75537,9.65304
126838382570,21.9,0.031956978604016174,0.011711159280881954,0.0,0.0,0.6670800000000001,9.67266
126843433075,21.9,0.021310470166850764,0.0,0.0,-0.019620000000000002,0.63765,9.67266
126848483580,21.9,0.028763026072866547,-0.008517206749732328,0.0,-0.039240000000000004,0.63765,9.69228
126853534085,21.9,0.031956978604016174,-0.01064650843716541,0.0,0.019620000000000002,0.60822,9.73152
126858584590,21.9,0.02769837522915001,-0.006387905062299246,-0.002129301687433082,0.05886,0.6278400000000001,9.7119
126863635095,21.9,0.033021629447732716,-0.003193952531149623,-0.001064650843716541,0.05886,0.63765,9.73152
126868685600,21.9,0.03515093113516579,0.0,0.0,0.04905,0.6670800000000001,9.80019
126873736105,21.9,0.03089232776029963,0.0,-0.001064650843716541,0.05886,0.5886,9.83943
126878786610,21.9,0.02663372438543347,0.0,0.0,0.019620000000000002,0.5493600000000001,9.85905
126883837115,21.9,0.03089232776029963,-0.001064650843716541,-0.001064650843716541,-0.009810000000000001,0.60822,9.87867
126888887620,21.9,0.04366813788489812,0.008517206749732328,-0.002129301687433082,0.009810000000000001,0.60822,9.888480000000001
126893938125,21.9,0.04581489286485115,0.007452555906015787,0.0,0.02943,0.6768900000000001,9.78057
126898988630,21.9,0.039409534510031964,-0.006387905062299246,-0.003193952531149623,0.04905,0.75537,9.73152
126904039135,21.9,0.03728023282259888,-0.01064650843716541,-0.002129301687433082,0.08829,0.80442,9.7119
126909089640,21.9,0.03515093113516579,-0.004258603374866164,-0.003193952531149623,0.11772,0.7749900000000001,9.67266
126914140145,21.9,0.02769837522915001,0.005323254218582705,0.0,0.07848000000000001,0.72594,9.751140000000001
126919190650,21.9,0.02663372438543347,0.013840460968315033,0.0,0.039240000000000004,0.59841,9.80019
126924241155,21.9,0.02982767691658309,0.01064650843716541,0.0,-0.019620000000000002,0.48069000000000006,9.751140000000001
126929291660,21.9,0.028763026072866547,0.007452555906015787,-0.001064650843716541,-0.05886,0.5493600000000001,9.70209
126934342165,21.9,0.0404741853537485,0.005323254218582705,0.0,-0.04905,0.71613,9.633420000000001
126939392670,21.9,0.044732788728614664,0.007452555906015787,0.0,0.0,0.80442,9.7119
126944443175,21.9,0.046879543708567686,-0.004258603374866164,0.0,0.04905,0.89271,9.7119
126949493680,21.9,0.04366813788489812,0.0,-0.001064650843716541,0.05886,0.87309,9.67266
126954544185,21.9,0.02769837522915001,-0.006387905062299246,-0.002129301687433082,0.07848000000000001,0.7749900000000001,9.54513
126959594690,21.9,0.01064650843716541,-0.00958185759344887,-0.004258603374866164,0.039240000000000004,0.6768900000000001,9.58437
126964645195,21.9,0.01064650843716541,0.0,0.0,0.04905,0.56898,9.66285
126969695700,21.9,0.013840460968315033,0.006387905062299246,0.0,0.009810000000000001,0.5493600000000001,9.67266
126974746205,21.9,0.021310470166850764,0.01064650843716541,0.0,-0.019620000000000002,0.6670800000000001,9.78057
126979796710,21.9,0.03408628029144926,0.0,-0.004258603374866164,0.02943,0.72594,9.83943
126984847215,21.9,0.03621558197888234,-0.007452555906015787,0.0,0.06867000000000001,0.74556,9.81
126989897720,21.9,0.033021629447732716,-0.006387905062299246,0.0,0.04905,0.7651800000000001,9.74133
126994948225,21.9,0.02769837522915001,-0.003193952531149623,-0.001064650843716541,0.05886,0.74556,9.74133
126999998730,21.9,0.01918116847941768,0.004258603374866164,0.0,0.04905,0.63765,9.83943
127005049235,21.9,0.01918116847941768,0.008517206749732328,-0.001064650843716541,-0.009810000000000001,0.57879,9.84924
127010099740,21.9,0.024504422698000388,0.003193952531149623,0.0,-0.039240000000000004,0.60822,9.80019
127015150245,21.9,0.03408628029144926,-0.008517206749732328,0.0,-0.019620000000000002,0.74556,9.78057
127020200750,21.9,0.03834488366631542,-0.020245819323134222,0.0,0.0981,0.86328,9.819809999999999
127025251255,21.9,0.03621558197888234,-0.015987215948268057,0.002129301687433082,0.21582,0.8240400000000001,9.81
127030301760,21.9,0.02769837522915001,-0.00958185759344887,0.0,0.20601000000000003,0.6867000000000001,9.751140000000001
127035352265,21.9,0.014905111812031574,0.0,-0.001064650843716541,0.14715,0.5886,9.72171
127040402770,21.9,0.01811651763570114,0.01064650843716541,-0.004258603374866164,0.07848000000000001,0.5493600000000001,9.66285
127045453275,21.9,0.02556907354171693,0.03089232776029963,0.0,0.02943,0.5886,9.7119
127050503780,21.9,0.04581489286485115,0.05220279792715039,0.0,-0.08829,0.6670800000000001,9.770760000000001
127055554285,21.9,0.054332099614583476,0.05220279792715039,0.001064650843716541,-0.17658,0.75537,9.73152
127060604790,21.9,0.05220279792715039,0.02769837522915001,-0.002129301687433082,-0.25506,0.86328,9.67266
127065655295,21.9,0.04794419455228423,0.004258603374866164,-0.001064650843716541,-0.24525000000000002,0.9908100000000001,9.55494
127070705800,21.9,0.03621558197888234,-0.008517206749732328,0.002129301687433082,-0.13734000000000002,1.05948,9.54513
127075756305,21.9,0.015987215948268057,-0.022375121010567305,-0.001064650843716541,-0.06867000000000001,1.00062,9.60399
127080806810,21.9,0.0,-0.031956978604016174,-0.001064650843716541,0.0,0.7848,9.72171
127085857315,21.9,-0.007452555906015787,-0.03515093113516579,0.0,0.0,0.52974,9.68247
127090907820,21.9,-0.007452555906015787,-0.04366813788489812,0.0,0.039240000000000004,0.48069000000000006,9.60399
127095958325,21.9,0.001064650843716541,-0.03408628029144926,0.0,0.12753,0.57879,9.64323
127101008830,21.9,0.023439771854283843,-0.015987215948268057,0.0,0.24525000000000002,0.72594,9.72171
127106059335,21.9,0.02982767691658309,0.0,0.0,0.28449,0.7848,9.751140000000001
127111109840,21.9,0.033021629447732716,0.011711159280881954,0.0,0.23544,0.79461,9.770760000000001
127116160345,21.9,0.02556907354171693,0.01918116847941768,0.0,0.16677000000000003,0.6867000000000001,9.751140000000001
127121210850,21.9,0.01811651763570114,0.03089232776029963,0.0,0.06867000000000001,0.6278400000000001,9.73152
127126261355,21.9,0.020245819323134222,0.0404741853537485,0.0,-0.04905,0.63765,9.760950000000001
127131311860,21.9,0.024504422698000388,0.0404741853537485,0.0,-0.16677000000000003,0.70632,9.819809999999999
127136362365,21.9,0.02982767691658309,0.024504422698000388,0.0,-0.18639,0.7848,9.937529999999999
127141412870,21.9,0.02982767691658309,0.006387905062299246,0.0,-0.16677000000000003,0.79461,9.92772
127146463375,21.9,0.02982767691658309,-0.01064650843716541,0.0,-0.16677000000000003,0.7848,9.770760000000001
127151513880,21.9,0.01811651763570114,-0.023439771854283843,0.0,-0.10791,0.8338500000000001,9.7119
127156564385,21.9,0.013840460968315033,-0.02663372438543347,0.0,-0.039240000000000004,0.8240400000000001,9.78057
127161614890,21.9,0.012775810124598492,-0.02663372438543347,0.0,0.04905,0.72594,9.84924
127166665395,21.9,0.007452555906015787,-0.024504422698000388,0.0,0.05886,0.63765,9.819809999999999
127171715900,21.9,0.01064650843716541,-0.014905111812031574,0.0,0.10791,0.56898,9.760950000000001
127176766405,21.9,0.020245819323134222,-0.008517206749732328,0.0,0.08829,0.56898,9.67266
127181816910,21.9,0.02556907354171693,0.005323254218582705,0.0,0.08829,0.6768900000000001,9.65304
127186867415,21.9,0.03834488366631542,0.01064650843716541,0.0,0.0981,0.8338500000000001,9.74133
127191917920,21.9,0.04260348704118158,0.012775810124598492,0.0,0.11772,0.9123300000000001,9.751140000000001
127196968425,21.9,0.031956978604016174,0.012775810124598492,-0.006387905062299246,0.0981,0.84366,9.73152
127202018930,21.9,0.023439771854283843,0.021310470166850764,0.0,0.0,0.7651800000000001,9.64323
127207069435,21.9,0.014905111812031574,0.02982767691658309,0.0,-0.0981,0.6670800000000001,9.56475
127212119940,21.9,0.013840460968315033,0.022375121010567305,-0.001064650843716541,-0.20601000000000003,0.70632,9.57456
127217170445,21.9,0.0170518667919846,0.01064650843716541,0.002129301687433082,-0.17658,0.7651800000000001,9.633420000000001
127222220950,21.9,0.023439771854283843,-0.002129301687433082,0.0,-0.15696000000000002,0.9123300000000001,9.633420000000001
127227271455,21.9,0.02982767691658309,-0.014905111812031574,-0.002129301687433082,-0.05886,1.01043,9.69228
127232321960,21.9,0.021310470166850764,-0.01918116847941768,0.0,0.0,0.94176,9.66285
127237372465,21.9,0.003193952531149623,-0.02769837522915001,0.0,0.02943,0.79461,9.60399
127242422970,21.9,-0.014905111812031574,-0.023439771854283843,0.0,0.05886,0.6278400000000001,9.623610000000001
127247473475,21.9,-0.021310470166850764,-0.00958185759344887,0.0,0.039240000000000004,0.48069000000000006,9.68247
127252523980,21.9,-0.01064650843716541,0.0,0.002129301687433082,0.019620000000000002,0.51993,9.74133
127257574485,21.9,0.01064650843716541,0.002129301687433082,0.0,0.0,0.63765,9.86886
127262624990,21.9,0.03834488366631542,0.003193952531149623,0.001064650843716541,0.019620000000000002,0.8142300000000001,9.91791
127267675495,21.9,0.04260348704118158,0.0,-0.003193952531149623,0.06867000000000001,0.95157,9.84924
127272726000,21.9,0.03408628029144926,-0.001064650843716541,0.0,0.10791,0.9319500000000001,9.79038
127277776505,21.9,0.014905111812031574,0.013840460968315033,-0.001064650843716541,0.06867000000000001,0.75537,9.68247
127282827010,21.9,-0.004258603374866164,0.028763026072866547,-0.001064650843716541,-0.02943,0.59841,9.65304
127287877515,21.9,-0.006387905062299246,0.028763026072866547,-0.001064650843716541,-0.12753,0.5886,9.74133
127292928020,21.9,0.003193952531149623,0.011711159280881954,-0.001064650843716541,-0.20601000000000003,0.6867000000000001,9.908100000000001
127297978525,21.9,0.024504422698000388,-0.012775810124598492,-0.001064650843716541,-0.17658,0.8240400000000001,9.94734
127303029030,21.9,0.03834488366631542,-0.02663372438543347,-0.001064650843716541,-0.019620000000000002,0.9123300000000001,9.89829
127308079535,21.9,0.03621558197888234,-0.01918116847941768,-0.001064650843716541,0.08829,0.95157,9.70209
127313130040,21.9,0.020245819323134222,-0.006387905062299246,0.001064650843716541,0.07848000000000001,0.84366,9.48627
127318180545,21.9,0.0,0.00958185759344887,-0.001064650843716541,0.02943,0.7848,9.52551
127323231050,21.9,-0.008517206749732328,0.008517206749732328,0.002129301687433082,-0.019620000000000002,0.6867000000000001,9.6138
127328281555,21.9,-0.00958185759344887,0.0,0.003193952531149623,-0.039240000000000004,0.65727,9.74133
127333332060,21.9,0.0,-0.002129301687433082,0.0,-0.02943,0.71613,9.89829
127338382565,21.9,0.01811651763570114,0.001064650843716541,-0.002129301687433082,-0.039240000000000004,0.70632,9.91791
127343433070,21.9,0.02556907354171693,0.002129301687433082,0.0,-0.02943,0.7749900000000001,9.79038
127348483575,21.9,0.024504422698000388,-0.002129301687433082,-0.002129301687433082,-0.009810000000000001,0.84366,9.66285
127353534080,21.9,0.01811651763570114,-0.006387905062299246,0.0,0.0,0.86328,9.59418
127358584585,21.9,0.005323254218582705,-0.004258603374866164,0.0,0.05886,0.8829,9.57456
127363635090,21.9,0.002129301687433082,-0.001064650843716541,0.0,0.039240000000000004,0.90252,9.68247
127368685595,21.9,0.0,0.005323254218582705,0.0,0.039240000000000004,0.8240400000000001,9.760950000000001
127373736100,21.9,0.001064650843716541,0.004258603374866164,0.0,0.0,0.69651,9.81
127378786605,21.9,-0.003193952531149623,0.002129301687433082,-0.001064650843716541,-0.04905,0.56898,9.85905
127383837110,21.9,-0.003193952531149623,0.001064650843716541,0.001064650843716541,-0.06867000000000001,0.51993,9.770760000000001
127388887615,21.9,0.003193952531149623,-0.004258603374866164,-0.001064650843716541,-0.10791,0.6670800000000001,9.78057
127393938120,21.9,0.020245819323134222,-0.002129301687433082,0.001064650843716541,-0.02943,0.8338500000000001,9.81
127398988625,21.9,0.03089232776029963,0.0,-0.001064650843716541,0.0,0.95157,9.81
127404039130,21.9,0.02982767691658309,0.001064650843716541,0.0,0.02943,0.9613800000000001,9.770760000000001
127409089635,21.9,0.01811651763570114,0.006387905062299246,-0.005323254218582705,0.009810000000000001,0.89271,9.66285
127414140140,21.9,0.003193952531149623,0.015987215948268057,-0.002129301687433082,-0.04905,0.73575,9.5157
127419190645,21.9,-0.008517206749732328,0.011711159280881954,0.0,-0.07848000000000001,0.69651,9.50589
127424241150,21.9,-0.008517206749732328,0.003193952531149623,-0.001064650843716541,-0.0981,0.80442,9.633420000000001
127429291655,21.9,0.0,-0.003193952531149623,0.0,-0.06867000000000001,0.85347,9.770760000000001
127434342160,21.9,0.005323254218582705,-0.011711159280881954,0.0,-0.019620000000000002,0.86328,9.80019
127439392665,21.9,0.006387905062299246,-0.005323254218582705,0.001064650843716541,-0.009810000000000001,0.7651800000000001,9.819809999999999
127444443170,21.9,0.0,0.002129301687433082,0.0,-0.04905,0.6670800000000001,9.760950000000001
127449493675,21.9,-0.003193952531149623,0.0,0.003193952531149623,-0.0981,0.60822,9.7119
127454544180,21.9,-0.005323254218582705,-0.00958185759344887,0.0,-0.10791,0.6867000000000001,9.770760000000001
127459594685,21.9,0.004258603374866164,-0.0170518667919846,0.0,-0.02943,0.7749900000000001,9.78057
127464645190,21.9,0.011711159280881954,-0.01811651763570114,0.0,0.05886,0.89271,9.80019
127469695695,21.9,0.022375121010567305,-0.002129301687433082,-0.002129301687433082,0.10791,0.9221400000000001,9.760950000000001
127474746200,21.9,0.01811651763570114,0.012775810124598492,0.001064650843716541,0.04905,0.84366,9.65304
127479796705,21.9,0.0,0.012775810124598492,0.0,0.039240000000000004,0.74556,9.57456
127484847210,21.9,-0.007452555906015787,0.011711159280881954,0.002129301687433082,-0.039240000000000004,0.6670800000000001,9.59418
127489897715,21.9,-0.00958185759344887,0.00958185759344887,0.0,-0.06867000000000001,0.71613,9.6138
127494948220,21.9,0.0,0.004258603374866164,0.0,-0.05886,0.8142300000000001,9.751140000000001
127499998725,21.9,0.011711159280881954,0.0,0.0,-0.06867000000000001,0.87309,9.83943
127505049230,21.9,0.0170518667919846,-0.002129301687433082,-0.002129301687433082,-0.039240000000000004,0.89271,9.81
127510099735,21.9,0.008517206749732328,-0.005323254218582705,0.0,-0.019620000000000002,0.8338500000000001,9.69228
127515150240,21.9,-0.001064650843716541,0.00958185759344887,-0.001064650843716541,-0.05886,0.69651,9.6138
127520200745,21.9,-0.01064650843716541,0.01811651763570114,0.001064650843716541,-0.11772,0.64746,9.54513
127525251250,21.9,-0.013840460968315033,0.011711159280881954,0.0,-0.15696000000000002,0.72594,9.67266
127530301755,21.9,-0.007452555906015787,-0.0,-0.001064650843716541,-0.17658,0.84366,9.85905
127535352260,21.9,0.008517206749732328,-0.022375121010567305,0.002129301687433082,-0.08829,0.9319500000000001,9.94734
127540402765,21.9,0.01064650843716541,-0.028763026072866547,-0.001064650843716541,0.0,0.90252,9.95715
127545453270,21.9,0.002129301687433082,-0.007452555906015787,0.0,0.06867000000000001,0.6768900000000001,9.81
127550503775,21.9,-0.008517206749732328,0.011711159280881954,0.0,-0.04905,0.5591700000000001,9.64323
127555554280,21.9,-0.013840460968315033,0.01811651763570114,0.002129301687433082,-0.13734000000000002,0.5591700000000001,9.66285
127560604785,21.9,-0.01064650843716541,0.007452555906015787,0.001064650843716541,-0.16677000000000003,0.6867000000000001,9.79038
127565655290,21.9,0.008517206749732328,-0.01064650843716541,0.002129301687433082,-0.06867000000000001,0.8829,9.87867
127570705795,21.9,0.0170518667919846,-0.031956978604016174,0.0,0.04905,1.04967,9.94734
127575756300,21.9,0.015987215948268057,-0.03834488366631542,-0.001064650843716541,0.18639,1.03986,9.888480000000001
127580806805,21.9,0.003193952531149623,-0.024504422698000388,0.0,0.24525000000000002,0.8142300000000001,9.68247
127585857310,21.9,-0.0170518667919846,-0.006387905062299246,-0.004258603374866164,0.23544,0.5395500000000001,9.5157
127590907815,21.9,-0.023439771854283843,0.033021629447732716,-0.002129301687433082,0.05886,0.45126,9.5157
127595958320,21.9,-0.015987215948268057,0.06178465552059926,0.0,-0.11772,0.52974,9.60399
127601008825,21.9,0.011711159280881954,0.07349581480148122,-0.002129301687433082,-0.23544,0.6768900000000001,9.81
127606059330,21.9,0.03515093113516579,0.054332099614583476,0.002129301687433082,-0.34335000000000004,0.95157,9.82962
127611109835,21.9,0.04366813788489812,0.014905111812031574,0.0,-0.34335000000000004,1.21644,9.80019
127616160340,21.9,0.03408628029144926,-0.024504422698000388,-0.001064650843716541,-0.24525000000000002,1.22625,9.73152
127621210845,21.9,-0.001064650843716541,-0.046879543708567686,-0.002129301687433082,-0.07848000000000001,1.0987200000000001,9.59418
127626261350,21.9,-0.039409534510031964,-0.044732788728614664,0.0,0.009810000000000001,0.8240400000000001,9.46665
127631311855,21.9,-0.05326744877086694,-0.02982767691658309,-0.002129301687433082,0.0,0.57879,9.55494
127636362360,21.9,-0.04581489286485115,-0.003193952531149623,0.0,-0.02943,0.40221,9.64323
127641412865,21.9,-0.03089232776029963,0.01918116847941768,0.001064650843716541,-0.10791,0.41202000000000005,9.82962
127646463370,21.9,-0.006387905062299246,0.01918116847941768,0.001064650843716541,-0.18639,0.5591700000000001,9.96696
127651513875,21.9,0.013840460968315033,0.005323254218582705,0.0,-0.1962,0.71613,10.006200000000002
127656564380,21.9,0.020245819323134222,-0.01811651763570114,0.0,-0.0981,0.9221400000000001,9.94734
127661614885,21.9,0.015987215948268057,-0.04260348704118158,0.001064650843716541,0.019620000000000002,1.08891,9.94734
127666665390,21.9,0.00958185759344887,-0.05007349623971732,0.0,0.22563,1.02024,9.81
127671715895,21.9,-0.011711159280881954,-0.03515093113516579,-0.001064650843716541,0.34335000000000004,0.79461,9.73152
127676766400,21.9,-0.028763026072866547,-0.001064650843716541,-0.004258603374866164,0.25506,0.57879,9.54513
127681816905,21.9,-0.02556907354171693,0.04366813788489812,-0.002129301687433082,0.10791,0.41202000000000005,9.59418
127686867410,21.9,-0.007452555906015787,0.07136651311404815,0.002129301687433082,-0.07848000000000001,0.45126,9.623610000000001
127691917915,21.9,0.00958185759344887,0.07670722062515077,-0.002129301687433082,-0.25506,0.63765,9.79038
127696968420,21.9,0.033021629447732716,0.06497860805174888,0.0,-0.36297,0.8829,9.79038
127702018925,21.9,0.044732788728614664,0.04153883619746504,0.0,-0.41202000000000005,1.10853,9.770760000000001
127707069430,21.9,0.03089232776029963,0.013840460968315033,-0.001064650843716541,-0.42183,1.19682,9.751140000000001
127712119935,21.9,0.008517206749732328,-0.0170518667919846,0.0,-0.36297,1.0987200000000001,9.57456
127717170440,21.9,-0.0170518667919846,-0.04794419455228423,0.0,-0.28449,0.9810000000000001,9.34893
127722220945,21.9,-0.044732788728614664,-0.07030186227033158,0.002129301687433082,-0.11772,0.90252,9.3195
127727271450,21.9,-0.05752605214573309,-0.07990117315630041,0.0,0.04905,0.8338500000000001,9.38817
127732321955,21.9,-0.05752605214573309,-0.06497860805174888,0.002129301687433082,0.21582,0.75537,9.57456
127737372460,21.9,-0.04581489286485115,-0.05220279792715039,0.003193952531149623,0.31392000000000003,0.6768900000000001,9.70209
127742422965,21.9,-0.03621558197888234,-0.02982767691658309,-0.001064650843716541,0.37278,0.5493600000000001,9.82962
127747473470,21.9,-0.02982767691658309,-0.001064650843716541,-0.002129301687433082,0.2943,0.42183,9.84924
127752523975,21.9,-0.013840460968315033,0.028763026072866547,-0.005323254218582705,0.18639,0.38259000000000004,9.85905
127757574480,21.9,0.001064650843716541,0.07030186227033158,0.001064650843716541,0.0,0.43164,9.91791
127762624985,21.9,0.01811651763570114,0.09693558665576507,-0.001064650843716541,-0.18639,0.60822,9.89829
127767675490,21.9,0.03515093113516579,0.10119419003063122,0.0,-0.36297,0.85347,9.96696
127772725995,21.9,0.03834488366631542,0.07456046564519776,0.001064650843716541,-0.50031,1.06929,9.92772
127777776500,21.9,0.024504422698000388,0.028763026072866547,0.001064650843716541,-0.56898,1.1870100000000001,9.91791
127782827005,21.9,0.001064650843716541,-0.021310470166850764,0.0,-0.51993,1.06929,9.84924
127787877510,21.9,-0.02663372438543347,-0.06284930636431581,-0.002129301687433082,-0.35316,0.95157,9.760950000000001
127792928015,21.9,-0.05646140130201656,-0.08735372906231618,-0.003193952531149623,-0.22563,0.73575,9.760950000000001
127797978520,21.9,-0.05965535383316618,-0.10119419003063122,0.001064650843716541,-0.009810000000000001,0.64746,9.78057
127803029025,21.9,-0.04794419455228423,-0.10653489754173388,0.0,0.1962,0.60822,9.770760000000001
127808079530,21.9,-0.04260348704118158,-0.09054768159346581,0.001064650843716541,0.51012,0.56898,9.770760000000001
127813130035,21.9,-0.020245819323134222,-0.05646140130201656,-0.001064650843716541,0.6278400000000001,0.6278400000000001,9.53532
127818180540,21.9,-0.004258603374866164,-0.001064650843716541,0.001064650843716541,0.6768900000000001,0.65727,9.57456
127823231045,21.9,0.004258603374866164,0.04366813788489812,-0.002129301687433082,0.56898,0.64746,9.496080000000001
127828281550,21.9,0.004258603374866164,0.07990117315630041,-0.001064650843716541,0.33354000000000006,0.64746,9.60399
127833332055,21.9,0.008517206749732328,0.11505210429146619,-0.001064650843716541,0.0,0.63765,9.74133
127838382560,21.9,0.014905111812031574,0.12676326357234816,-0.003193952531149623,-0.26487,0.69651,9.80019
127843433065,21.9,0.023439771854283843,0.1097288500728835,0.0,-0.50031,0.85347,9.83943
127848483570,21.9,0.02982767691658309,0.08096582400001695,0.0,-0.64746,1.02024,9.74133
127853534075,21.9,0.021310470166850764,0.04260348704118158,0.003193952531149623,-0.74556,1.05948,9.68247
127858584580,21.9,-0.001064650843716541,0.0,0.0,-0.71613,1.0791000000000002,9.60399
127863635085,21.9,-0.023439771854283843,-0.033021629447732716,-0.001064650843716541,-0.64746,0.9711900000000001,9.6138
127868685590,21.9,-0.044732788728614664,-0.05859070298944965,0.002129301687433082,-0.51993,0.85347,9.69228
127873736095,21.9,-0.05965535383316618,-0.09374163412461543,0.001064650843716541,-0.37278,0.74556,9.770760000000001
127878786600,21.9,-0.05965535383316618,-0.12250466019748199,0.003193952531149623,-0.11772,0.69651,9.86886
127883837105,21.9,-0.05859070298944965,-0.12250466019748199,0.0,0.13734000000000002,0.64746,9.92772
127888887610,21.9,-0.046879543708567686,-0.10759954838545042,0.0,0.3924,0.5886,9.819809999999999
127893938115,21.9,-0.04794419455228423,-0.06604325889546543,0.0,0.59841,0.48069000000000006,9.81
127898988620,21.9,-0.03089232776029963,-0.031956978604016174,0.003193952531149623,0.63765,0.44145,9.73152
127904039125,21.9,-0.021310470166850764,0.005323254218582705,-0.001064650843716541,0.60822,0.47088,9.80019
127909089630,21.9,0.0,0.05007349623971732,-0.001064650843716541,0.48069000000000006,0.49050000000000005,9.87867
127914140135,21.9,0.01918116847941768,0.0852244273748831,0.0,0.27468000000000004,0.5886,9.86886
127919190640,21.9,0.033021629447732716,0.10759954838545042,0.0,0.04905,0.79461,9.84924
127924241145,21.9,0.0404741853537485,0.10545279340549739,-0.005323254218582705,-0.16677000000000003,0.9221400000000001,9.81
127929291650,21.9,0.03408628029144926,0.08628907821859966,-0.002129301687433082,-0.32373,1.03005,9.7119
127934342155,21.9,0.012775810124598492,0.060720004676882725,-0.003193952531149623,-0.43164,1.0987200000000001,9.64323
127939392660,21.9,-0.006387905062299246,0.02982767691658309,0.0,-0.48069000000000006,1.02024,9.623610000000001
127944443165,21.9,-0.03834488366631542,-0.002129301687433082,-0.001064650843716541,-0.50031,0.8338500000000001,9.69228
127949493670,21.9,-0.04794419455228423,-0.039409534510031964,0.0,-0.47088,0.71613,9.80019
127954544175,21.9,-0.054332099614583476,-0.07030186227033158,0.001064650843716541,-0.35316,0.5886,9.908100000000001
127959594680,21.9,-0.03728023282259888,-0.08841837990603273,0.002129301687433082,-0.18639,0.6278400000000001,9.84924
127964645185,21.9,-0.02556907354171693,-0.09693558665576507,0.0,0.04905,0.74556,9.74133
127969695690,21.9,-0.012775810124598492,-0.07883652231258387,0.0,0.33354000000000006,0.79461,9.59418
127974746195,21.9,-0.01811651763570114,-0.044732788728614664,0.0,0.51993,0.7848,9.48627
127979796700,21.9,-0.024504422698000388,-0.013840460968315033,0.0,0.5395500000000001,0.74556,9.39798
127984847205,21.9,-0.033021629447732716,0.015987215948268057,-0.002129301687433082,0.47088,0.64746,9.48627
127989897710,21.9,-0.02769837522915001,0.04260348704118158,0.0,0.30411,0.57879,9.6138
127994948215,21.9,-0.014905111812031574,0.06497860805174888,0.003193952531149623,0.10791,0.60822,9.770760000000001
127999998720,21.9,0.002129301687433082,0.06391395720803235,-0.002129301687433082,-0.039240000000000004,0.6867000000000001,9.770760000000001
128005049225,21.9,0.011711159280881954,0.05326744877086694,-0.002129301687433082,-0.14715,0.8338500000000001,9.74133
128010099730,21.9,0.00958185759344887,0.03621558197888234,-0.003193952531149623,-0.18639,1.00062,9.6138
128015150235,21.9,0.007452555906015787,0.03408628029144926,0.0,-0.18639,1.02024,9.55494
128020200740,21.9,-0.013840460968315033,0.039409534510031964,-0.001064650843716541,-0.27468000000000004,0.90252,9.496080000000001
128025251245,21.9,-0.03834488366631542,0.03089232776029963,0.003193952531149623,-0.3924,0.7749900000000001,9.496080000000001
128030301750,21.9,-0.05646140130201656,0.022375121010567305,0.0,-0.49050000000000005,0.64746,9.66285
128035352255,21.9,-0.05113814708343386,0.015987215948268057,0.002129301687433082,-0.52974,0.57879,9.83943
128040402760,21.9,-0.03728023282259888,0.005323254218582705,0.0,-0.5493600000000001,0.5886,9.92772
128045453265,21.9,-0.01811651763570114,-0.002129301687433082,0.001064650843716541,-0.5493600000000001,0.6180300000000001,9.937529999999999
128050503770,21.9,-0.01064650843716541,-0.00958185759344887,0.003193952531149623,-0.51012,0.65727,9.86886
128055554275,21.9,-0.0170518667919846,-0.022375121010567305,0.0,-0.45126,0.74556,9.78057
128060604780,21.9,-0.02556907354171693,-0.03408628029144926,0.001064650843716541,-0.35316,0.80442,9.819809999999999
128065655285,21.9,-0.039409534510031964,-0.054332099614583476,-0.001064650843716541,-0.22563,0.86328,9.86886
128070705790,21.9,-0.04260348704118158,-0.07777187146886733,0.0,-0.06867000000000001,0.85347,10.025820000000001
128075756295,21.9,-0.044732788728614664,-0.08948303074974927,0.002129301687433082,0.17658,0.7749900000000001,10.143540000000002
128080806800,21.9,-0.04794419455228423,-0.09906488834319814,0.0,0.37278,0.57879,10.006200000000002
128085857305,21.9,-0.060720004676882725,-0.0852244273748831,-0.001064650843716541,0.57879,0.41202000000000005,9.86886
128090907810,21.9,-0.049008845396000776,-0.05220279792715039,0.0,0.6867000000000001,0.34335000000000004,9.67266
128095958315,21.9,-0.039409534510031964,-0.011711159280881954,0.002129301687433082,0.6768900000000001,0.42183,9.65304
128101008820,21.9,-0.008517206749732328,0.022375121010567305,-0.002129301687433082,0.6867000000000001,0.60822,9.68247
128106059325,21.9,0.013840460968315033,0.05326744877086694,-0.004258603374866164,0.6180300000000001,0.69651,9.908100000000001
128111109830,21.9,0.022375121010567305,0.08203047484373349,-0.007452555906015787,0.38259000000000004,0.6867000000000001,9.85905
128116160335,21.9,0.024504422698000388,0.10653489754173388,-0.003193952531149623,0.10791,0.6768900000000001,9.65304
128121210840,21.9,0.023439771854283843,0.13849187614575004,-0.002129301687433082,-0.21582,0.71613,9.54513
128126261345,21.9,0.01918116847941768,0.150203035426632,0.0,-0.51012,0.84366,9.53532
128131311850,21.9,0.014905111812031574,0.1288925652597812,0.001064650843716541,-0.74556,0.9908100000000001,9.53532
128136362355,21.9,0.002129301687433082,0.06604325889546543,0.003193952531149623,-0.90252,1.0791000000000002,9.56475
128141412860,21.9,-0.014905111812031574,-0.001064650843716541,0.0,-0.8829,1.10853,9.5157
128146463365,21.9,-0.03621558197888234,-0.05007349623971732,0.001064650843716541,-0.75537,1.02024,9.59418
128151513870,21.9,-0.05539675045830002,-0.07990117315630041,0.0,-0.5886,0.87309,9.66285
128156564375,21.9,-0.07456046564519776,-0.10759954838545042,0.002129301687433082,-0.41202000000000005,0.64746,9.770760000000001
128161614880,21.9,-0.08415977653116657,-0.1374272253020335,0.002129301687433082,-0.16677000000000003,0.5395500000000001,9.770760000000001
128166665385,21.9,-0.0852244273748831,-0.13849187614575004,0.002129301687433082,0.11772,0.41202000000000005,9.83943
128171715890,21.9,-0.06604325889546543,-0.10545279340549739,0.0,0.36297,0.43164,9.819809999999999
128176766395,21.9,-0.046879543708567686,-0.05752605214573309,0.002129301687433082,0.56898,0.49050000000000005,9.770760000000001
128181816900,21.9,-0.02663372438543347,-0.008517206749732328,0.0,0.6278400000000001,0.56898,9.79038
128186867405,21.9,-0.01918116847941768,0.01811651763570114,0.0,0.5591700000000001,0.5591700000000001,9.819809999999999
128191917910,21.9,-0.0170518667919846,0.039409534510031964,-0.001064650843716541,0.41202000000000005,0.52974,9.888480000000001
128196968415,21.9,-0.011711159280881954,0.05752605214573309,-0.001064650843716541,0.23544,0.49050000000000005,9.92772
128202018920,21.9,-0.005323254218582705,0.07030186227033158,0.0,0.04905,0.60822,9.86886
128207069425,21.9,0.00958185759344887,0.06178465552059926,0.001064650843716541,-0.06867000000000001,0.80442,9.908100000000001
128212119930,21.9,0.0170518667919846,0.05326744877086694,0.0,-0.12753,0.9221400000000001,9.87867
128217170435,21.9,0.008517206749732328,0.03834488366631542,-0.002129301687433082,-0.17658,0.9123300000000001,9.74133
128222220940,21.9,-0.00958185759344887,0.028763026072866547,0.0,-0.21582,0.8240400000000001,9.56475
128227271445,21.9,-0.033021629447732716,0.028763026072866547,0.0,-0.31392000000000003,0.73575,9.48627
128232321950,21.9,-0.04581489286485115,0.02982767691658309,0.001064650843716541,-0.38259000000000004,0.63765,9.6138
128237372455,21.9,-0.04366813788489812,0.00958185759344887,0.001064650843716541,-0.45126,0.63765,9.78057
128242422960,21.9,-0.03408628029144926,-0.01064650843716541,-0.002129301687433082,-0.42183,0.63765,9.86886
128247473465,21.9,-0.024504422698000388,-0.023439771854283843,0.002129301687433082,-0.36297,0.6278400000000001,9.74133
128252523970,21.9,-0.0170518667919846,-0.033021629447732716,-0.002129301687433082,-0.30411,0.7749900000000001,9.60399
128257574475,21.9,-0.020245819323134222,-0.03515093113516579,0.002129301687433082,-0.14715,0.8142300000000001,9.60399
128262624980,21.9,-0.03515093113516579,-0.05646140130201656,0.002129301687433082,-0.02943,0.9319500000000001,9.52551
128267675485,21.9,-0.05326744877086694,-0.07777187146886733,-0.001064650843716541,0.21582,0.9123300000000001,9.60399
128272725990,21.9,-0.06817256058289851,-0.08203047484373349,-0.001064650843716541,0.41202000000000005,0.7749900000000001,9.72171
128277776495,21.9,-0.07456046564519776,-0.05752605214573309,0.0,0.51993,0.56898,9.74133
128282827000,21.9,-0.0756251164889143,-0.01918116847941768,0.0,0.50031,0.25506,9.80019
128287877505,21.9,-0.05859070298944965,0.012775810124598492,0.0,0.37278,0.11772,9.819809999999999
128292928010,21.9,-0.03515093113516579,0.0404741853537485,0.0,0.20601000000000003,0.16677000000000003,9.82962
128297978515,21.9,-0.008517206749732328,0.06923721142661506,-0.003193952531149623,0.08829,0.35316,9.91791
128303029020,21.9,0.021310470166850764,0.10545279340549739,-0.003193952531149623,-0.05886,0.60822,9.91791
128308079525,21.9,0.031956978604016174,0.1171814059788993,0.001064650843716541,-0.28449,0.85347,9.94734
128313130030,21.9,0.02982767691658309,0.08735372906231618,0.001064650843716541,-0.49050000000000005,1.06929,9.85905
128318180535,21.9,0.00958185759344887,0.046879543708567686,-0.001064650843716541,-0.5395500000000001,1.06929,9.83943
128323231040,21.9,-0.02556907354171693,-0.023439771854283843,0.0,-0.52974,0.9711900000000001,9.66285
128328281545,21.9,-0.05965535383316618,-0.06710790973918197,-0.001064650843716541,-0.36297,0.80442,9.6138
128333332050,21.9,-0.07243116395776468,-0.08203047484373349,0.003193952531149623,-0.20601000000000003,0.64746,9.65304
128338382555,21.9,-0.07670722062515077,-0.09054768159346581,0.002129301687433082,-0.039240000000000004,0.57879,9.6138
128343433060,21.9,-0.07456046564519776,-0.0756251164889143,-0.001064650843716541,0.14715,0.45126,9.81
128348483565,21.9,-0.06178465552059926,-0.05965535383316618,0.0,0.24525000000000002,0.35316,9.81
128353534070,21.9,-0.05113814708343386,-0.02769837522915001,0.0,0.28449,0.31392000000000003,9.73152
128358584575,21.9,-0.02663372438543347,0.006387905062299246,0.002129301687433082,0.28449,0.41202000000000005,9.73152
128363635080,21.9,-0.008517206749732328,0.03408628029144926,0.002129301687433082,0.22563,0.57879,9.751140000000001
128368685585,21.9,0.0,0.03834488366631542,0.001064650843716541,0.15696000000000002,0.75537,9.760950000000001
128373736090,21.9,0.008517206749732328,0.028763026072866547,0.0,0.14715,0.9221400000000001,9.70209
128378786595,21.9,0.0,0.023439771854283843,0.0,0.13734000000000002,0.95157,9.57456
128383837100,21.9,-0.024504422698000388,0.033021629447732716,0.0,0.04905,0.86328,9.496080000000001
128388887605,21.9,-0.04260348704118158,0.04260348704118158,-0.002129301687433082,-0.06867000000000001,0.71613,9.48627
128393938110,21.9,-0.05326744877086694,0.054332099614583476,0.0,-0.21582,0.57879,9.65304
128398988615,21.9,-0.05752605214573309,0.0404741853537485,-0.002129301687433082,-0.3924,0.48069000000000006,9.770760000000001
128404039120,21.9,-0.05965535383316618,0.01918116847941768,-0.001064650843716541,-0.46107000000000004,0.42183,9.888480000000001
128409089625,21.9,-0.046879543708567686,-0.01064650843716541,0.0,-0.45126,0.46107000000000004,10.01601
128414140130,21.9,-0.02663372438543347,-0.04260348704118158,0.003193952531149623,-0.37278,0.71613,9.94734
128419190635,21.9,-0.012775810124598492,-0.07349581480148122,0.0,-0.13734000000000002,0.8829,9.95715
128424241140,21.9,-0.02663372438543347,-0.08735372906231618,-0.001064650843716541,0.12753,0.8829,9.888480000000001
128429291645,21.9,-0.05326744877086694,-0.08415977653116657,-0.002129301687433082,0.34335000000000004,0.73575,9.7119
128434342150,21.9,-0.06923721142661506,-0.04366813788489812,-0.006387905062299246,0.45126,0.40221,9.67266
128439392655,21.9,-0.07136651311404815,0.0170518667919846,0.001064650843716541,0.2943,0.18639,9.60399
128444443160,21.9,-0.05965535383316618,0.04260348704118158,0.005323254218582705,0.07848000000000001,0.15696000000000002,9.751140000000001
128449493665,21.9,-0.03621558197888234,0.049008845396000776,0.0,-0.039240000000000004,0.34335000000000004,9.99639
128454544170,21.9,0.005323254218582705,0.03728023282259888,0.0,-0.06867000000000001,0.59841,10.025820000000001
128459594675,21.9,0.01918116847941768,0.020245819323134222,-0.001064650843716541,-0.05886,0.8829,9.89829
128464645180,21.9,0.011711159280881954,0.01064650843716541,-0.001064650843716541,0.0,0.9810000000000001,9.819809999999999
128469695685,21.9,-0.01064650843716541,0.011711159280881954,0.0,-0.02943,0.87309,9.633420000000001
128474746190,21.9,-0.03621558197888234,0.015987215948268057,-0.003193952531149623,-0.08829,0.72594,9.38817
128479796695,21.9,-0.05646140130201656,0.02556907354171693,0.0,-0.17658,0.59841,9.43722
128484847200,21.9,-0.06710790973918197,0.02556907354171693,0.0,-0.25506,0.47088,9.57456
128489897705,21.9,-0.05539675045830002,0.00958185759344887,0.001064650843716541,-0.28449,0.52974,9.67266
128494948210,21.9,-0.03515093113516579,-0.005323254218582705,0.0,-0.25506,0.6278400000000001,9.760950000000001
128499998715,21.9,-0.028763026072866547,-0.03621558197888234,0.003193952531149623,-0.18639,0.80442,9.73152
128505049220,21.9,-0.03089232776029963,-0.06497860805174888,0.003193952531149623,0.009810000000000001,0.85347,9.72171
128510099725,21.9,-0.05007349623971732,-0.06391395720803235,-0.002129301687433082,0.20601000000000003,0.70632,9.73152
128515150230,21.9,-0.07136651311404815,-0.03515093113516579,0.0,0.27468000000000004,0.43164,9.6138
128520200735,21.9,-0.08203047484373349,0.001064650843716541,0.0,0.15696000000000002,0.2943,9.65304
128525251240,21.9,-0.06604325889546543,0.022375121010567305,0.001064650843716541,0.039240000000000004,0.20601000000000003,9.819809999999999
128530301745,21.9,-0.04581489286485115,0.01918116847941768,0.002129301687433082,-0.009810000000000001,0.30411,9.95715
128535352250,21.9,-0.01811651763570114,0.006387905062299246,0.0,-0.02943,0.56898,9.94734
128540402755,21.9,-0.005323254218582705,0.0,0.0,0.04905,0.7749900000000001,9.97677
128545453260,21.9,-0.005323254218582705,0.003193952531149623,0.0,0.10791,0.8240400000000001,9.888480000000001
128550503765,21.9,-0.03089232776029963,0.012775810124598492,0.0,0.07848000000000001,0.6867000000000001,9.79038
128555554270,21.9,-0.046879543708567686,0.02556907354171693,-0.005323254218582705,-0.019620000000000002,0.49050000000000005,9.7119
128560604775,21.9,-0.05752605214573309,0.024504422698000388,0.0,-0.13734000000000002,0.33354000000000006,9.7119
128565655280,21.9,-0.05752605214573309,0.015987215948268057,0.0,-0.20601000000000003,0.40221,9.79038
128570705785,21.9,-0.03089232776029963,0.008517206749732328,0.002129301687433082,-0.20601000000000003,0.51993,9.86886
128575756290,21.9,-0.012775810124598492,0.0,0.002129301687433082,-0.14715,0.69651,9.79038
128580806795,21.9,-0.012775810124598492,-0.023439771854283843,0.0,-0.05886,0.87309,9.760950000000001
128585857300,21.9,-0.028763026072866547,-0.033021629447732716,0.0,0.07848000000000001,0.7749900000000001,9.7119
128590907805,21.9,-0.046879543708567686,-0.021310470166850764,-0.001064650843716541,0.0981,0.5591700000000001,9.55494
128595958310,21.9,-0.07136651311404815,-0.006387905062299246,-0.003193952531149623,0.04905,0.41202000000000005,9.50589
128601008815,21.9,-0.07136651311404815,-0.003193952531149623,0.002129301687433082,0.04905,0.40221,9.6138
128606059320,21.9,-0.05539675045830002,0.0,0.0,0.019620000000000002,0.44145,9.760950000000001
128611109825,21.9,-0.03621558197888234,-0.003193952531149623,0.0,0.039240000000000004,0.52974,9.79038
128616160330,21.9,-0.02556907354171693,0.001064650843716541,0.0,0.07848000000000001,0.5886,9.79038
128621210835,21.9,-0.02663372438543347,0.01064650843716541,-0.001064650843716541,0.039240000000000004,0.56898,9.68247
128626261340,21.9,-0.03834488366631542,0.014905111812031574,0.002129301687433082,0.0,0.5591700000000001,9.623610000000001
128631311845,21.9,-0.049008845396000776,0.013840460968315033,0.0,-0.02943,0.57879,9.70209
128636362350,21.9,-0.05220279792715039,0.011711159280881954,0.0,-0.08829,0.5493600000000001,9.81
128641412855,21.9,-0.04581489286485115,-0.001064650843716541,-0.003193952531149623,-0.07848000000000001,0.52974,9.888480000000001
128646463360,21.9,-0.04366813788489812,-0.001064650843716541,0.0,-0.0981,0.46107000000000004,9.91791
128651513865,21.9,-0.04260348704118158,0.01064650843716541,-0.001064650843716541,-0.0981,0.40221,9.770760000000001
128656564370,21.9,-0.04153883619746504,0.011711159280881954,0.002129301687433082,-0.18639,0.46107000000000004,9.7119
128661614875,21.9,-0.04366813788489812,0.0,0.0,-0.16677000000000003,0.57879,9.7119
128666665380,21.9,-0.046879543708567686,-0.020245819323134222,-0.001064650843716541,-0.07848000000000001,0.6670800000000001,9.81
128671715885,21.9,-0.04366813788489812,-0.03728023282259888,-0.001064650843716541,0.05886,0.6768900000000001,9.87867
128676766390,21.9,-0.05007349623971732,-0.02982767691658309,-0.002129301687433082,0.12753,0.56898,9.85905
128681816895,21.9,-0.05646140130201656,-0.01811651763570114,0.0,0.15696000000000002,0.3924,9.79038
128686867400,21.9,-0.05752605214573309,0.0,0.0,0.0981,0.28449,9.69228
128691917905,21.9,-0.05007349623971732,0.013840460968315033,-0.002129301687433082,0.02943,0.2943,9.64323
128696968410,21.9,-0.04260348704118158,0.0170518667919846,0.0,0.019620000000000002,0.43164,9.67266
128702018915,21.9,-0.03621558197888234,0.013840460968315033,-0.001064650843716541,0.019620000000000002,0.60822,9.80019
128707069420,21.9,-0.02982767691658309,0.005323254218582705,0.0,0.039240000000000004,0.6670800000000001,9.85905
128712119925,21.9,-0.02982767691658309,0.008517206749732328,0.0,0.019620000000000002,0.64746,9.83943
128717170430,21.9,-0.0404741853537485,0.006387905062299246,0.0,0.0,0.5395500000000001,9.82962
128722220935,21.9,-0.054332099614583476,0.002129301687433082,-0.001064650843716541,-0.06867000000000001,0.43164,9.7119
128727271440,21.9,-0.05965535383316618,0.0,0.001064650843716541,-0.06867000000000001,0.35316,9.72171
128732321945,21.9,-0.054332099614583476,-0.005323254218582705,0.002129301687433082,-0.07848000000000001,0.38259000000000004,9.751140000000001
128737372450,21.9,-0.04581489286485115,-0.012775810124598492,0.0,-0.019620000000000002,0.52974,9.73152
128742422955,21.9,-0.03515093113516579,-0.01064650843716541,0.0,0.04905,0.60822,9.760950000000001
128747473460,21.9,-0.03834488366631542,-0.0,-0.002129301687433082,0.05886,0.60822,9.81
128752523965,21.9,-0.04260348704118158,0.003193952531149623,0.0,0.039240000000000004,0.51012,9.7119
128757574470,21.9,-0.05752605214573309,0.007452555906015787,0.0,0.0,0.40221,9.70209
128762624975,21.9,-0.06391395720803235,0.005323254218582705,0.0,-0.05886,0.32373,9.69228
128767675480,21.9,-0.05965535383316618,0.006387905062299246,0.0,-0.07848000000000001,0.3924,9.74133
128772725985,21.9,-0.03515093113516579,0.012775810124598492,0.001064650843716541,-0.08829,0.48069000000000006,9.760950000000001
128777776490,21.9,-0.02769837522915001,0.006387905062299246,0.0,-0.08829,0.5886,9.81
128782826995,21.9,-0.02982767691658309,-0.003193952531149623,0.0,-0.05886,0.72594,9.770760000000001
128787877500,21.9,-0.04260348704118158,-0.012775810124598492,0.0,0.009810000000000001,0.60822,9.69228
128792928005,21.9,-0.06178465552059926,-0.024504422698000388,-0.001064650843716541,0.04905,0.49050000000000005,9.66285
128797978510,21.9,-0.07670722062515077,-0.023439771854283843,0.001064650843716541,0.05886,0.3924,9.7119
128803029015,21.9,-0.07777187146886733,-0.008517206749732328,0.001064650843716541,0.039240000000000004,0.24525000000000002,9.81
128808079520,21.9,-0.07030186227033158,0.0,0.002129301687433082,0.0,0.1962,9.91791
128813130025,21.9,-0.04581489286485115,-0.0,-0.001064650843716541,0.009810000000000001,0.34335000000000004,9.91791
128818180530,21.9,-0.028763026072866547,-0.004258603374866164,-0.001064650843716541,0.04905,0.42183,9.888480000000001
128823231035,21.9,-0.02982767691658309,-0.008517206749732328,-0.002129301687433082,0.10791,0.5395500000000001,9.79038
128828281540,21.9,-0.028763026072866547,0.001064650843716541,0.0,0.16677000000000003,0.57879,9.69228
128833332045,21.9,-0.04366813788489812,0.02663372438543347,0.001064650843716541,0.08829,0.45126,9.70209
128838382550,21.9,-0.054332099614583476,0.033021629447732716,0.001064650843716541,-0.04905,0.43164,9.69228
128843433055,21.9,-0.05220279792715039,0.023439771854283843,-0.003193952531149623,-0.10791,0.45126,9.79038
128848483560,21.9,-0.05220279792715039,0.004258603374866164,0.001064650843716541,-0.13734000000000002,0.42183,9.81
128853534065,21.9,-0.04581489286485115,-0.011711159280881954,-0.003193952531149623,-0.10791,0.52974,9.74133
128858584570,21.9,-0.03728023282259888,-0.01064650843716541,0.003193952531149623,-0.02943,0.51993,9.73152
128863635075,21.9,-0.04581489286485115,-0.003193952531149623,0.0,0.0,0.52974,9.6138
128868685580,21.9,-0.05752605214573309,-0.007452555906015787,-0.002129301687433082,0.0,0.48069000000000006,9.60399
128873736085,21.9,-0.06710790973918197,-0.011711159280881954,0.001064650843716541,0.02943,0.43164,9.67266
128878786590,21.9,-0.07456046564519776,-0.0170518667919846,0.0,0.019620000000000002,0.34335000000000004,9.760950000000001
128883837095,21.9,-0.06817256058289851,-0.01918116847941768,0.0,0.04905,0.31392000000000003,9.908100000000001
128888887600,21.9,-0.05539675045830002,-0.001064650843716541,0.003193952531149623,0.04905,0.25506,9.92772
128893938105,21.9,-0.04581489286485115,0.004258603374866164,0.0,0.02943,0.28449,9.83943
128898988610,21.9,-0.03728023282259888,0.001064650843716541,-0.001064650843716541,0.0,0.40221,9.78057
128904039115,21.9,-0.03728023282259888,0.006387905062299246,0.0,0.02943,0.47088,9.74133
128909089620,21.9,-0.04153883619746504,0.003193952531149623,-0.001064650843716541,0.05886,0.50031,9.70209
128914140125,21.9,-0.044732788728614664,0.006387905062299246,0.0,0.039240000000000004,0.52974,9.81
128919190630,21.9,-0.05113814708343386,0.008517206749732328,0.002129301687433082,0.039240000000000004,0.44145,9.83943
128924241135,21.9,-0.05752605214573309,0.001064650843716541,0.0,-0.02943,0.35316,9.81
128929291640,21.9,-0.06391395720803235,-0.001064650843716541,-0.001064650843716541,-0.05886,0.24525000000000002,9.84924
128934342145,21.9,-0.05859070298944965,-0.01064650843716541,0.0,-0.039240000000000004,0.25506,9.73152
128939392650,21.9,-0.05007349623971732,-0.01064650843716541,0.002129301687433082,0.0,0.3924,9.7119
128944443155,21.9,-0.04366813788489812,-0.001064650843716541,0.0,0.04905,0.46107000000000004,9.760950000000001
128949493660,21.9,-0.03834488366631542,0.0,0.0,0.05886,0.5493600000000001,9.72171
128954544165,21.9,-0.04794419455228423,-0.008517206749732328,0.001064650843716541,0.0981,0.47088,9.760950000000001
128959594670,21.9,-0.06710790973918197,-0.003193952531149623,-0.001064650843716541,0.06867000000000001,0.33354000000000006,9.751140000000001
128964645175,21.9,-0.07243116395776468,0.001064650843716541,0.0,0.009810000000000001,0.25506,9.7119
128969695680,21.9,-0.06391395720803235,0.008517206749732328,0.003193952531149623,0.0,0.22563,9.81
128974746185,21.9,-0.05113814708343386,0.007452555906015787,0.001064650843716541,-0.02943,0.23544,9.84924
128979796690,21.9,-0.044732788728614664,-0.001064650843716541,0.0,0.0,0.32373,9.83943
128984847195,21.9,-0.039409534510031964,-0.005323254218582705,0.001064650843716541,0.02943,0.45126,9.751140000000001
128989897700,21.9,-0.033021629447732716,-0.002129301687433082,-0.001064650843716541,0.05886,0.49050000000000005,9.73152
128994948205,21.9,-0.044732788728614664,0.007452555906015787,0.0,0.02943,0.47088,9.7119
128999998710,21.9,-0.05539675045830002,0.014905111812031574,0.004258603374866164,0.0,0.38259000000000004,9.69228
129005049215,21.9,-0.06178465552059926,0.004258603374866164,0.0,-0.07848000000000001,0.28449,9.751140000000001
129010099720,21.9,-0.07030186227033158,0.0,0.001064650843716541,-0.07848000000000001,0.23544,9.751140000000001
129015150225,21.9,-0.060720004676882725,-0.011711159280881954,0.0,-0.08829,0.32373,9.770760000000001
129020200730,21.9,-0.04581489286485115,-0.011711159280881954,0.0,-0.009810000000000001,0.43164,9.760950000000001
129025251235,21.9,-0.04153883619746504,-0.007452555906015787,0.0,0.05886,0.47088,9.79038
129030301740,21.9,-0.05007349623971732,-0.01064650843716541,0.002129301687433082,0.0981,0.44145,9.72171
129035352245,21.9,-0.07030186227033158,-0.007452555906015787,-0.001064650843716541,0.08829,0.28449,9.72171
129040402750,21.9,-0.07990117315630041,-0.001064650843716541,0.001064650843716541,0.05886,0.15696000000000002,9.7119
129045453255,21.9,-0.07349581480148122,0.002129301687433082,0.001064650843716541,-0.009810000000000001,0.15696000000000002,9.770760000000001
129050503760,21.9,-0.06391395720803235,0.00958185759344887,0.0,-0.009810000000000001,0.23544,9.97677
129055554265,21.9,-0.0404741853537485,0.001064650843716541,0.003193952531149623,-0.019620000000000002,0.34335000000000004,10.006200000000002
129060604770,21.9,-0.03621558197888234,-0.020245819323134222,0.0,0.05886,0.37278,9.89829
129065655275,21.9,-0.04153883619746504,-0.021310470166850764,0.0,0.12753,0.34335000000000004,9.80019
129070705780,21.9,-0.05007349623971732,-0.007452555906015787,0.0,0.15696000000000002,0.35316,9.58437
129075756285,21.9,-0.06178465552059926,0.007452555906015787,0.0,0.10791,0.35316,9.64323
129080806790,21.9,-0.06178465552059926,0.01918116847941768,0.0,0.0981,0.30411,9.82962
129085857295,21.9,-0.06391395720803235,0.01064650843716541,0.0,0.019620000000000002,0.20601000000000003,9.86886
129090907800,21.9,-0.06178465552059926,-0.007452555906015787,0.0,0.0,0.20601000000000003,9.83943
129095958305,21.9,-0.04581489286485115,-0.005323254218582705,0.0,0.039240000000000004,0.27468000000000004,9.81
129101008810,21.9,-0.04153883619746504,0.004258603374866164,0.0,0.04905,0.32373,9.72171
129106059315,21.9,-0.04366813788489812,0.020245819323134222,0.0,0.02943,0.40221,9.66285
129111109820,21.9,-0.04794419455228423,0.020245819323134222,0.0,-0.019620000000000002,0.35316,9.7119
129116160325,21.9,-0.06604325889546543,0.006387905062299246,0.0,-0.04905,0.31392000000000003,9.66285
129121210830,21.9,-0.06817256058289851,-0.003193952531149623,0.0,-0.06867000000000001,0.34335000000000004,9.78057
129126261335,21.9,-0.05859070298944965,-0.008517206749732328,0.0,-0.039240000000000004,0.32373,9.84924
129131311840,21.9,-0.05859070298944965,-0.00958185759344887,0.0,0.0,0.30411,9.888480000000001
129136362345,21.9,-0.05752605214573309,-0.01918116847941768,0.0,0.019620000000000002,0.25506,9.83943
129141412850,21.9,-0.06391395720803235,-0.01918116847941768,0.0,0.08829,0.1962,9.78057
129146463355,21.9,-0.06710790973918197,-0.01918116847941768,0.0,0.10791,0.1962,9.6138
129151513860,21.9,-0.060720004676882725,-0.01811651763570114,0.0,0.10791,0.2943,9.623610000000001
129156564365,21.9,-0.05539675045830002,-0.001064650843716541,0.0,0.1962,0.37278,9.78057
129161614870,21.9,-0.05752605214573309,0.001064650843716541,0.0,0.18639,0.30411,9.82962
129166665375,21.9,-0.06497860805174888,0.002129301687433082,0.0,0.16677000000000003,0.21582,9.85905
129171715880,21.9,-0.06178465552059926,0.005323254218582705,0.0,0.0981,0.10791,9.80019
129176766385,21.9,-0.05752605214573309,0.0170518667919846,0.0,0.019620000000000002,0.14715,9.67266
129181816890,21.9,-0.05326744877086694,0.020245819323134222,0.0,0.009810000000000001,0.26487,9.760950000000001
129186867395,21.9,-0.044732788728614664,0.008517206749732328,0.0,0.009810000000000001,0.35316,9.82962
129191917900,21.9,-0.049008845396000776,0.0,0.0,0.009810000000000001,0.36297,9.83943
129196968405,21.9,-0.05220279792715039,-0.012775810124598492,0.0,0.039240000000000004,0.33354000000000006,9.82962
129202018910,21.9,-0.06710790973918197,-0.005323254218582705,0.0,0.04905,0.23544,9.770760000000001
129207069415,21.9,-0.06923721142661506,0.0,0.0,0.02943,0.15696000000000002,9.819809999999999
129212119920,21.9,-0.06923721142661506,0.0,0.005323254218582705,0.0,0.11772,9.92772
129217170425,21.9,-0.060720004676882725,-0.005323254218582705,0.001064650843716541,-0.009810000000000001,0.07848000000000001,9.86886
129222220930,21.9,-0.05965535383316618,-0.002129301687433082,-0.002129301687433082,0.019620000000000002,0.10791,9.82962
129227271435,21.9,-0.049008845396000776,-0.001064650843716541,0.0,-0.009810000000000001,0.24525000000000002,9.751140000000001
129232321940,21.9,-0.033021629447732716,0.002129301687433082,-0.001064650843716541,0.02943,0.3924,9.760950000000001
129237372445,21.9,-0.039409534510031964,0.002129301687433082,0.0,0.05886,0.42183,9.78057
129242422950,21.9,-0.05859070298944965,-0.006387905062299246,0.0,0.06867000000000001,0.32373,9.78057
129247473455,21.9,-0.06817256058289851,-0.005323254218582705,0.0,0.07848000000000001,0.1962,9.72171
129252523960,21.9,-0.07349581480148122,0.002129301687433082,0.001064650843716541,0.009810000000000001,0.0981,9.67266
129257574465,21.9,-0.06923721142661506,0.005323254218582705,0.001064650843716541,-0.009810000000000001,0.08829,9.751140000000001
129262624970,21.9,-0.060720004676882725,0.004258603374866164,0.002129301687433082,-0.02943,0.13734000000000002,9.79038
129267675475,21.9,-0.054332099614583476,-0.012775810124598492,0.0,0.009810000000000001,0.27468000000000004,9.80019
129272725980,21.9,-0.04794419455228423,-0.021310470166850764,0.0,0.08829,0.30411,9.85905
129277776485,21.9,-0.054332099614583476,-0.011711159280881954,0.0,0.17658,0.24525000000000002,9.81
129282826990,21.9,-0.06710790973918197,0.001064650843716541,0.001064650843716541,0.10791,0.12753,9.72171
129287877495,21.9,-0.07030186227033158,0.0,0.001064650843716541,0.05886,0.11772,9.760950000000001
129292928000,21.9,-0.06710790973918197,-0.002129301687433082,0.001064650843716541,0.07848000000000001,0.10791,9.86886
129297978505,21.9,-0.05539675045830002,-0.012775810124598492,0.002129301687433082,0.0981,0.20601000000000003,9.82962
129303029010,21.9,-0.05007349623971732,-0.005323254218582705,0.0,0.16677000000000003,0.17658,9.83943
129308079515,21.9,-0.05007349623971732,0.011711159280881954,0.001064650843716541,0.13734000000000002,0.12753,9.73152
129313130020,21.9,-0.054332099614583476,0.01918116847941768,-0.001064650843716541,0.039240000000000004,0.13734000000000002,9.623610000000001
129318180525,21.9,-0.05859070298944965,0.015987215948268057,0.001064650843716541,0.0,0.21582,9.72171
129323231030,21.9,-0.05859070298944965,0.008517206749732328,-0.001064650843716541,0.009810000000000001,0.26487,9.73152
129328281535,21.9,-0.05646140130201656,-0.003193952531149623,0.0,0.02943,0.27468000000000004,9.85905
129333332040,21.9,-0.060720004676882725,0.0,0.0,0.009810000000000001,0.22563,9.87867
129338382545,21.9,-0.060720004676882725,0.005323254218582705,-0.001064650843716541,0.0,0.11772,9.770760000000001
129343433050,21.9,-0.06710790973918197,0.004258603374866164,0.0,-0.05886,0.039240000000000004,9.751140000000001
129348483555,21.9,-0.06497860805174888,-0.008517206749732328,0.0,-0.05886,0.10791,9.74133
129353534060,21.9,-0.06710790973918197,-0.015987215948268057,0.001064650843716541,0.0,0.17658,9.760950000000001
129358584565,21.9,-0.06604325889546543,-0.02769837522915001,0.002129301687433082,0.08829,0.22563,9.86886
129363635070,21.9,-0.060720004676882725,-0.02769837522915001,0.0,0.16677000000000003,0.21582,9.98658
129368685575,21.9,-0.05646140130201656,-0.012775810124598492,-0.002129301687433082,0.20601000000000003,0.08829,9.87867
129373736080,21.9,-0.060720004676882725,-0.003193952531149623,0.0,0.17658,0.019620000000000002,9.73152
129378786585,21.9,-0.06604325889546543,0.001064650843716541,0.0,0.14715,0.0,9.751140000000001
129383837090,21.9,-0.06497860805174888,0.011711159280881954,0.001064650843716541,0.10791,0.009810000000000001,9.68247
129388887595,21.9,-0.06178465552059926,0.021310470166850764,0.0,0.0981,0.07848000000000001,9.74133
129393938100,21.9,-0.04581489286485115,0.022375121010567305,0.0,0.04905,0.22563,9.79038
129398988605,21.9,-0.03728023282259888,0.014905111812031574,0.0,0.019620000000000002,0.34335000000000004,9.78057
129404039110,21.9,-0.039409534510031964,0.008517206749732328,-0.005323254218582705,0.02943,0.30411,9.85905
129409089615,21.9,-0.05752605214573309,-0.003193952531149623,0.0,0.019620000000000002,0.18639,9.819809999999999
129414140120,21.9,-0.07990117315630041,-0.005323254218582705,0.002129301687433082,0.019620000000000002,0.009810000000000001,9.70209
129419190625,21.9,-0.08628907821859966,-0.0170518667919846,0.0,0.009810000000000001,-0.019620000000000002,9.7119
129424241130,21.9,-0.07670722062515077,-0.023439771854283843,0.002129301687433082,0.05886,0.07848000000000001,9.80019
129429291635,21.9,-0.06178465552059926,-0.02556907354171693,0.0,0.13734000000000002,0.18639,9.86886
129434342140,21.9,-0.05113814708343386,-0.024504422698000388,-0.002129301687433082,0.25506,0.13734000000000002,9.97677
129439392645,21.9,-0.05646140130201656,-0.005323254218582705,0.0,0.25506,-0.009810000000000001,9.92772
129444443150,21.9,-0.06817256058289851,0.013840460968315033,0.0,0.15696000000000002,0.0,9.73152
129449493655,21.9,-0.07136651311404815,0.023439771854283843,-0.002129301687433082,0.0981,0.0,9.760950000000001
129454544160,21.9,-0.06923721142661506,0.03089232776029963,0.003193952531149623,0.04905,0.04905,9.89829
129459594665,21.9,-0.05220279792715039,0.01918116847941768,0.001064650843716541,0.019620000000000002,0.019620000000000002,9.69228
129464645170,21.9,-0.04366813788489812,0.011711159280881954,0.0,-0.02943,0.0981,9.81
129469695675,21.9,-0.03408628029144926,0.005323254218582705,0.0,-0.02943,0.16677000000000003,9.79038
129474746180,21.9,-0.02982767691658309,0.001064650843716541,0.0,-0.04905,0.20601000000000003,9.78057
129479796685,21.9,-0.054332099614583476,0.0,0.002129301687433082,-0.02943,0.15696000000000002,9.80019
129484847190,21.9,-0.06817256058289851,-0.011711159280881954,0.001064650843716541,0.0,0.10791,9.64323
129489897695,21.9,-0.07883652231258387,-0.02663372438543347,0.001064650843716541,0.02943,0.11772,9.68247
129494948200,21.9,-0.08309512568745003,-0.031956978604016174,0.001064650843716541,0.08829,0.13734000000000002,9.86886
129499998705,21.9,-0.06923721142661506,-0.033021629447732716,0.004258603374866164,0.16677000000000003,0.06867000000000001,9.97677
129505049210,21.9,-0.07243116395776468,-0.01918116847941768,-0.001064650843716541,0.23544,-0.06867000000000001,9.91791
129510099715,21.9,-0.07136651311404815,-0.01064650843716541,-0.003193952531149623,0.16677000000000003,-0.05886,9.82962
129515150220,21.9,-0.07349581480148122,0.003193952531149623,0.0,0.21582,-0.06867000000000001,9.89829
129520200725,21.9,-0.07136651311404815,0.01811651763570114,0.0,0.18639,-0.07848000000000001,9.73152
129525251230,21.9,-0.0756251164889143,0.02556907354171693,0.001064650843716541,0.16677000000000003,-0.019620000000000002,9.79038
129530301735,21.9,-0.054332099614583476,0.020245819323134222,0.001064650843716541,0.0981,0.0,9.79038
129535352240,21.9,-0.04366813788489812,0.008517206749732328,0.0,0.039240000000000004,0.039240000000000004,9.80019
129540402745,21.9,-0.03408628029144926,0.0,0.0,0.06867000000000001,0.009810000000000001,9.87867
129545453250,21.9,-0.03621558197888234,0.01064650843716541,-0.002129301687433082,0.02943,0.02943,9.81
129550503755,21.9,-0.04260348704118158,0.022375121010567305,0.003193952531149623,0.0,0.05886,9.770760000000001
129555554260,21.9,-0.05752605214573309,0.01918116847941768,0.0,-0.04905,0.07848000000000001,9.7119
129560604765,21.9,-0.060720004676882725,0.004258603374866164,-0.001064650843716541,-0.05886,0.08829,9.67266
129565655270,21.9,-0.05752605214573309,-0.02663372438543347,0.002129301687433082,0.0,0.15696000000000002,9.69228
129570705775,21.9,-0.05007349623971732,-0.054332099614583476,0.0,0.10791,0.2943,9.85905
129575756280,21.9,-0.06497860805174888,-0.05007349623971732,0.0,0.25506,0.13734000000000002,10.074869999999999
129580806785,21.9,-0.08415977653116657,-0.028763026072866547,0.001064650843716541,0.27468000000000004,-0.06867000000000001,9.78057
129585857290,21.9,-0.08841837990603273,-0.006387905062299246,0.0,0.23544,-0.0981,9.751140000000001
129590907795,21.9,-0.10119419003063122,0.0170518667919846,0.002129301687433082,0.22563,-0.0981,9.98658
129595958300,21.9,-0.08841837990603273,0.02769837522915001,-0.002129301687433082,0.18639,-0.18639,9.69228
129601008805,21.9,-0.07990117315630041,0.04260348704118158,0.0,0.0981,-0.12753,9.770760000000001
129606059310,21.9,-0.05752605214573309,0.031956978604016174,0.0,0.06867000000000001,-0.10791,9.68247
129611109815,21.9,-0.04366813788489812,0.007452555906015787,0.0,0.0,-0.07848000000000001,9.751140000000001
129616160320,21.9,-0.03728023282259888,-0.014905111812031574,0.0,0.009810000000000001,-0.04905,9.85905
129621210825,21.9,-0.03621558197888234,-0.02982767691658309,0.0,0.07848000000000001,-0.02943,9.87867
129626261330,21.9,-0.04366813788489812,-0.020245819323134222,-0.001064650843716541,0.10791,0.0,9.83943
129631311835,21.9,-0.0404741853537485,0.005323254218582705,0.0,0.12753,0.02943,9.819809999999999
129636362340,21.9,-0.03834488366631542,0.02556907354171693,0.0,0.08829,0.06867000000000001,9.68247
129641412845,21.9,-0.04260348704118158,0.020245819323134222,0.002129301687433082,0.039240000000000004,0.07848000000000001,9.70209
129646463350,21.9,-0.04794419455228423,0.002129301687433082,-0.002129301687433082,-0.009810000000000001,0.08829,9.760950000000001
129651513855,21.9,-0.054332099614583476,-0.020245819323134222,0.001064650843716541,0.0,0.10791,9.81
129656564360,21.9,-0.06604325889546543,-0.03408628029144926,0.001064650843716541,0.08829,0.07848000000000001,9.937529999999999
129661614865,21.9,-0.0756251164889143,-0.04366813788489812,0.001064650843716541,0.17658,0.0,10.03563
129666665370,21.9,-0.08309512568745003,-0.04260348704118158,-0.002129301687433082,0.27468000000000004,-0.02943,9.99639
129671715875,21.9,-0.0756251164889143,-0.03515093113516579,0.0,0.32373,-0.07848000000000001,9.91791
129676766380,21.9,-0.07243116395776468,-0.006387905062299246,0.0,0.38259000000000004,-0.11772,9.83943
129681816885,21.9,-0.07136651311404815,0.031956978604016174,0.0,0.34335000000000004,-0.11772,9.69228
129686867390,21.9,-0.07456046564519776,0.06391395720803235,0.002129301687433082,0.24525000000000002,-0.15696000000000002,9.70209
129691917895,21.9,-0.06923721142661506,0.06497860805174888,0.0,0.06867000000000001,-0.12753,9.770760000000001
129696968400,21.9,-0.06178465552059926,0.04794419455228423,0.0,-0.04905,-0.10791,9.79038
129702018905,21.9,-0.05539675045830002,0.02556907354171693,-0.001064650843716541,-0.12753,-0.12753,9.91791
129707069410,21.9,-0.039409534510031964,-0.011711159280881954,0.0,-0.13734000000000002,-0.08829,9.94734
129712119915,21.9,-0.0404741853537485,-0.03728023282259888,0.0,-0.039240000000000004,-0.08829,9.82962
129717170420,21.9,-0.03834488366631542,-0.05326744877086694,0.0,0.06867000000000001,-0.05886,9.72171
129722220925,21.9,-0.039409534510031964,-0.054332099614583476,0.001064650843716541,0.20601000000000003,-0.019620000000000002,9.65304
129727271430,21.9,-0.04153883619746504,-0.03728023282259888,0.002129301687433082,0.32373,0.009810000000000001,9.66285
129732321935,21.9,-0.05113814708343386,-0.012775810124598492,0.0,0.35316,-0.019620000000000002,9.760950000000001
129737372440,21.9,-0.054332099614583476,0.008517206749732328,0.001064650843716541,0.2943,-0.02943,9.95715
129742422945,21.9,-0.05539675045830002,0.023439771854283843,0.001064650843716541,0.22563,-0.04905,10.006200000000002
129747473450,21.9,-0.060720004676882725,0.03728023282259888,-0.002129301687433082,0.15696000000000002,-0.07848000000000001,9.97677
129752523955,21.9,-0.060720004676882725,0.05646140130201656,0.002129301687433082,0.05886,-0.05886,9.83943
129757574460,21.9,-0.06710790973918197,0.06284930636431581,-0.001064650843716541,-0.04905,-0.06867000000000001,9.72171
129762624965,21.9,-0.06391395720803235,0.05539675045830002,-0.002129301687433082,-0.17658,-0.07848000000000001,9.6138
129767675470,21.9,-0.06923721142661506,0.028763026072866547,0.0,-0.23544,-0.08829,9.623610000000001
129772725975,21.9,-0.06497860805174888,-0.012775810124598492,0.0,-0.25506,-0.0981,9.70209
129777776480,21.9,-0.06391395720803235,-0.054332099614583476,0.002129301687433082,-0.12753,-0.0981,9.760950000000001
129782826985,21.9,-0.05965535383316618,-0.07777187146886733,0.0,-0.009810000000000001,-0.10791,9.888480000000001
129787877490,21.9,-0.05539675045830002,-0.08841837990603273,0.0,0.20601000000000003,-0.08829,9.91791
129792927995,21.9,-0.05646140130201656,-0.0852244273748831,0.0,0.41202000000000005,-0.15696000000000002,9.95715
129797978500,21.9,-0.05859070298944965,-0.06710790973918197,-0.003193952531149623,0.5493600000000001,-0.13734000000000002,9.87867
129803029005,21.9,-0.06178465552059926,-0.03728023282259888,-0.001064650843716541,0.64746,-0.14715,9.760950000000001
129808079510,21.9,-0.060720004676882725,0.008517206749732328,0.003193952531149623,0.6278400000000001,-0.14715,9.84924
129813130015,21.9,-0.05539675045830002,0.04260348704118158,-0.001064650843716541,0.5493600000000001,-0.16677000000000003,9.89829
129818180520,21.9,-0.05220279792715039,0.07670722062515077,0.0,0.38259000000000004,-0.16677000000000003,9.97677
129823231025,21.9,-0.05752605214573309,0.10332349171806432,-0.004258603374866164,0.15696000000000002,-0.1962,10.06506
129828281530,21.9,-0.05220279792715039,0.10438814256178083,-0.001064650843716541,-0.06867000000000001,-0.15696000000000002,10.03563
129833332035,21.9,-0.05220279792715039,0.09693558665576507,0.0,-0.25506,-0.14715,9.86886
129838382540,21.9,-0.054332099614583476,0.07883652231258387,-0.001064650843716541,-0.41202000000000005,-0.15696000000000002,9.70209
129843433045,21.9,-0.05007349623971732,0.04794419455228423,0.001064650843716541,-0.49050000000000005,-0.12753,9.54513
129848483550,21.9,-0.046879543708567686,0.006387905062299246,0.001064650843716541,-0.48069000000000006,-0.12753,9.57456
129853534055,21.9,-0.04366813788489812,-0.04366813788489812,-0.001064650843716541,-0.42183,-0.11772,9.633420000000001
129858584560,21.9,-0.044732788728614664,-0.08203047484373349,0.0,-0.30411,-0.10791,9.79038
129863635065,21.9,-0.04794419455228423,-0.10332349171806432,0.003193952531149623,-0.0981,-0.08829,9.87867
129868685570,21.9,-0.049008845396000776,-0.11292280260403312,0.0,0.13734000000000002,-0.10791,9.83943
129873736075,21.9,-0.05752605214573309,-0.09480628496833199,-0.002129301687433082,0.36297,-0.11772,9.84924
129878786580,21.9,-0.05646140130201656,-0.07243116395776468,0.001064650843716541,0.50031,-0.15696000000000002,9.819809999999999
129883837085,21.9,-0.05859070298944965,-0.044732788728614664,-0.004258603374866164,0.6180300000000001,-0.13734000000000002,9.770760000000001
129888887590,21.9,-0.060720004676882725,-0.008517206749732328,0.001064650843716541,0.63765,-0.14715,9.79038
129893938095,21.9,-0.05859070298944965,0.021310470166850764,0.0,0.60822,-0.16677000000000003,9.83943
129898988600,21.9,-0.060720004676882725,0.04366813788489812,-0.001064650843716541,0.51012,-0.16677000000000003,9.937529999999999
129904039105,21.9,-0.06178465552059926,0.049008845396000776,0.0,0.37278,-0.1962,10.01601
129909089610,21.9,-0.05859070298944965,0.060720004676882725,0.0,0.22563,-0.22563,9.97677
129914140115,21.9,-0.05646140130201656,0.0756251164889143,0.0,0.05886,-0.23544,9.96696
129919190620,21.9,-0.05113814708343386,0.07243116395776468,0.0,-0.08829,-0.20601000000000003,9.83943
129924241125,21.9,-0.05220279792715039,0.06391395720803235,0.0,-0.17658,-0.22563,9.70209
129929291630,21.9,-0.05326744877086694,0.04366813788489812,0.0,-0.27468000000000004,-0.20601000000000003,9.74133
129934342135,21.9,-0.05326744877086694,0.012775810124598492,0.0,-0.33354000000000006,-0.17658,9.751140000000001
129939392640,21.9,-0.04366813788489812,-0.006387905062299246,0.0,-0.30411,-0.21582,9.78057
129944443145,21.9,-0.04153883619746504,-0.02769837522915001,0.0,-0.27468000000000004,-0.1962,9.83943
129949493650,21.9,-0.03728023282259888,-0.05539675045830002,0.0,-0.1962,-0.1962,9.83943
129954544155,21.9,-0.0404741853537485,-0.06923721142661506,0.0,-0.009810000000000001,-0.20601000000000003,9.85905
129959594660,21.9,-0.04260348704118158,-0.07243116395776468,0.0,0.13734000000000002,-0.1962,9.770760000000001
129964645165,21.9,-0.04366813788489812,-0.05220279792715039,0.0,0.28449,-0.16677000000000003,9.73152
129969695670,21.9,-0.04581489286485115,-0.028763026072866547,0.0,0.34335000000000004,-0.15696000000000002,9.70209
129974746175,21.9,-0.04366813788489812,-0.014905111812031574,0.0,0.3924,-0.15696000000000002,9.73152
129979796680,21.9,-0.044732788728614664,0.004258603374866164,0.0,0.37278,-0.16677000000000003,9.83943
129984847185,21.9,-0.05113814708343386,0.01811651763570114,0.0,0.30411,-0.20601000000000003,9.94734
129989897690,21.9,-0.05539675045830002,0.03408628029144926,0.0,0.20601000000000003,-0.20601000000000003,9.89829
129994948195,21.9,-0.05752605214573309,0.04581489286485115,0.0,0.13734000000000002,-0.20601000000000003,9.82962
129999998700,21.9,-0.05539675045830002,0.04581489286485115,0.0,0.039240000000000004,-0.20601000000000003,9.74133
130005049205,21.9,-0.054332099614583476,0.024504422698000388,0.0,0.0,-0.1962,9.67266
130010099710,21.9,-0.05007349623971732,0.008517206749732328,0.0,0.0,-0.20601000000000003,9.67266
130015150215,21.9,-0.046879543708567686,-0.006387905062299246,0.0,-0.019620000000000002,-0.20601000000000003,9.7119
130020200720,21.9,-0.054332099614583476,-0.011711159280881954,0.0,0.0,-0.22563,9.770760000000001
130025251225,21.9,-0.05220279792715039,-0.024504422698000388,0.0,0.039240000000000004,-0.22563,9.79038
130030301730,21.9,-0.05859070298944965,-0.05007349623971732,0.0,0.10791,-0.21582,9.79038
130035352235,21.9,-0.054332099614583476,-0.06923721142661506,0.0,0.27468000000000004,-0.24525000000000002,9.81
130040402740,21.9,-0.049008845396000776,-0.06817256058289851,0.0,0.42183,-0.27468000000000004,9.819809999999999
130045453245,21.9,-0.04794419455228423,-0.05007349623971732,0.0,0.5493600000000001,-0.24525000000000002,9.87867
130050503750,21.9,-0.05007349623971732,-0.022375121010567305,0.0,0.57879,-0.27468000000000004,9.96696
130055554255,21.9,-0.054332099614583476,0.013840460968315033,0.0,0.5591700000000001,-0.28449,10.01601
130060604760,21.9,-0.06284930636431581,0.04366813788489812,0.0,0.48069000000000006,-0.31392000000000003,10.11411
130065655265,21.9,-0.060720004676882725,0.07777187146886733,0.0,0.33354000000000006,-0.32373,10.05525
130070705770,21.9,-0.05326744877086694,0.10332349171806432,0.0,0.10791,-0.2943,10.01601
130075756275,21.9,-0.046879543708567686,0.11931070766633237,0.0,-0.14715,-0.33354000000000006,10.01601
130080806780,21.9,-0.044732788728614664,0.10332349171806432,0.0,-0.35316,-0.30411,9.92772
130085857285,21.9,-0.04581489286485115,0.06923721142661506,0.0,-0.46107000000000004,-0.31392000000000003,9.819809999999999
130090907790,21.9,-0.046879543708567686,0.02769837522915001,0.0,-0.51993,-0.31392000000000003,9.770760000000001
130095958295,21.9,-0.044732788728614664,0.001064650843716541,0.0,-0.5493600000000001,-0.2943,9.74133
130101008800,21.9,-0.03834488366631542,-0.031956978604016174,0.0,-0.47088,-0.30411,9.770760000000001
130106059305,21.9,-0.039409534510031964,-0.07456046564519776,0.0,-0.33354000000000006,-0.30411,9.78057
130111109810,21.9,-0.02982767691658309,-0.10866419922916695,0.0,-0.11772,-0.2943,9.73152
130116160315,21.9,-0.020245819323134222,-0.12463396188491506,0.0,0.13734000000000002,-0.24525000000000002,9.65304
130121210820,21.9,-0.020245819323134222,-0.12250466019748199,0.0,0.41202000000000005,-0.25506,9.54513
130126261325,21.9,-0.01811651763570114,-0.10012953918691468,0.0,0.63765,-0.22563,9.56475
130131311830,21.9,-0.024504422698000388,-0.07030186227033158,0.0,0.79461,-0.15696000000000002,9.623610000000001
130136362335,21.9,-0.02982767691658309,-0.031956978604016174,0.0,0.8240400000000001,-0.17658,9.78057
130141412840,21.9,-0.03834488366631542,0.007452555906015787,0.0,0.8142300000000001,-0.18639,9.85905
130146463345,21.9,-0.04581489286485115,0.049008845396000776,0.0,0.6867000000000001,-0.1962,9.908100000000001
130151513850,21.9,-0.049008845396000776,0.08309512568745003,0.0,0.51993,-0.20601000000000003,9.87867
130156564355,21.9,-0.05539675045830002,0.10438814256178083,0.0,0.2943,-0.22563,9.89829
130161614860,21.9,-0.05859070298944965,0.1097288500728835,0.0,0.04905,-0.22563,9.86886
130166665365,21.9,-0.05965535383316618,0.10653489754173388,0.0,-0.16677000000000003,-0.27468000000000004,9.86886
130171715870,21.9,-0.06923721142661506,0.08841837990603273,0.0,-0.36297,-0.31392000000000003,9.888480000000001
130176766375,21.9,-0.0756251164889143,0.05539675045830002,0.0,-0.47088,-0.32373,9.908100000000001
130181816880,21.9,-0.07243116395776468,0.028763026072866547,0.0,-0.52974,-0.34335000000000004,9.96696
130186867385,21.9,-0.06817256058289851,-0.003193952531149623,0.0,-0.5591700000000001,-0.3924,10.025820000000001
130191917890,21.9,-0.06604325889546543,-0.03089232776029963,0.0,-0.46107000000000004,-0.42183,9.99639
130196968395,21.9,-0.05113814708343386,-0.054332099614583476,0.0,-0.34335000000000004,-0.47088,9.937529999999999
130202018900,21.9,-0.05326744877086694,-0.07777187146886733,0.0,-0.18639,-0.45126,9.819809999999999
130207069405,21.9,-0.04794419455228423,-0.09054768159346581,0.0,-0.009810000000000001,-0.43164,9.73152
130212119910,21.9,-0.031956978604016174,-0.10012953918691468,0.0,0.21582,-0.43164,9.69228
130217170415,21.9,-0.020245819323134222,-0.10545279340549739,0.0,0.42183,-0.40221,9.70209
130222220920,21.9,-0.01064650843716541,-0.09374163412461543,0.0,0.6278400000000001,-0.33354000000000006,9.82962
130227271425,21.9,-0.005323254218582705,-0.07030186227033158,0.0,0.7848,-0.31392000000000003,9.86886
130232321930,21.9,0.002129301687433082,-0.03834488366631542,0.0,0.85347,-0.27468000000000004,9.908100000000001
130237372435,21.9,-0.002129301687433082,-0.001064650843716541,0.0,0.85347,-0.23544,9.819809999999999
130242422940,21.9,-0.011711159280881954,0.04153883619746504,0.0,0.80442,-0.20601000000000003,9.70209
130247473445,21.9,-0.01811651763570114,0.08309512568745003,0.0,0.6180300000000001,-0.17658,9.7119
130252523950,21.9,-0.01811651763570114,0.1278279144160647,0.0,0.38259000000000004,-0.17658,9.751140000000001
130257574455,21.9,-0.02982767691658309,0.15765559133264778,0.0,0.0,-0.17658,9.888480000000001
130262624960,21.9,-0.04260348704118158,0.16084954386379738,0.0,-0.34335000000000004,-0.1962,9.937529999999999
130267675465,21.9,-0.054332099614583476,0.13849187614575004,0.0,-0.60822,-0.20601000000000003,9.908100000000001
130272725970,21.9,-0.060720004676882725,0.09161233243718235,0.0,-0.79461,-0.24525000000000002,9.79038
130277776475,21.9,-0.07670722062515077,0.02663372438543347,0.0,-0.90252,-0.30411,9.770760000000001
130282826980,21.9,-0.06923721142661506,-0.04260348704118158,0.0,-0.80442,-0.32373,9.7119
130287877485,21.9,-0.07030186227033158,-0.10866419922916695,0.0,-0.5886,-0.40221,9.73152
130292927990,21.9,-0.06710790973918197,-0.17364280728091586,0.0,-0.28449,-0.42183,9.760950000000001
130297978495,21.9,-0.06178465552059926,-0.2162462943220974,0.0,0.15696000000000002,-0.47088,9.79038
130303029000,21.9,-0.05326744877086694,-0.2162462943220974,0.0,0.59841,-0.51993,9.86886
130308079505,21.9,-0.04581489286485115,-0.16510814723866357,0.0,0.95157,-0.49050000000000005,9.92772
130313130010,21.9,-0.03728023282259888,-0.07990117315630041,0.0,1.15758,-0.50031,9.98658
130318180515,21.9,-0.021310470166850764,0.013840460968315033,0.0,1.15758,-0.50031,9.94734
130323231020,21.9,-0.020245819323134222,0.09906488834319814,0.0,0.9908100000000001,-0.42183,9.80019
130328281525,21.9,-0.01811651763570114,0.15978489302008084,0.0,0.6278400000000001,-0.37278,9.80019
130333332030,21.9,-0.014905111812031574,0.18961256993666398,0.0,0.26487,-0.35316,9.79038
130338382535,21.9,-0.005323254218582705,0.17896606149949854,0.0,-0.13734000000000002,-0.2943,9.84924
130343433040,21.9,-0.004258603374866164,0.14381513036433274,0.0,-0.44145,-0.25506,9.908100000000001
130348483545,21.9,-0.020245819323134222,0.08948303074974927,0.0,-0.6768900000000001,-0.28449,9.95715
130353534050,21.9,-0.024504422698000388,0.01918116847941768,0.0,-0.70632,-0.24525000000000002,9.937529999999999
130358584555,21.9,-0.02982767691658309,-0.03515093113516579,0.0,-0.6670800000000001,-0.27468000000000004,9.82962
130363635060,21.9,-0.03408628029144926,-0.06817256058289851,0.0,-0.47088,-0.30411,9.70209
130368685565,21.9,-0.04260348704118158,-0.09054768159346581,0.0,-0.31392000000000003,-0.32373,9.7119
130373736070,21.9,-0.04260348704118158,-0.10332349171806432,0.0,-0.06867000000000001,-0.36297,9.7119
130378786575,21.9,-0.04366813788489812,-0.09800023749948161,0.0,0.10791,-0.37278,9.73152
130383837080,21.9,-0.05220279792715039,-0.09161233243718235,0.0,0.26487,-0.40221,9.819809999999999
130388887585,21.9,-0.05220279792715039,-0.08735372906231618,0.0,0.45126,-0.44145,9.937529999999999
130393938090,21.9,-0.04581489286485115,-0.06923721142661506,0.0,0.59841,-0.44145,9.87867
130398988595,21.9,-0.03834488366631542,-0.03834488366631542,0.0,0.70632,-0.43164,9.81
130404039100,21.9,-0.03089232776029963,0.008517206749732328,-0.006387905062299246,0.71613,-0.44145,9.85905
130409089605,21.9,-0.024504422698000388,0.05539675045830002,0.0,0.60822,-0.45126,9.770760000000001
130414140110,21.9,-0.028763026072866547,0.10012953918691468,-0.003193952531149623,0.43164,-0.41202000000000005,9.819809999999999
130419190615,21.9,-0.02556907354171693,0.13421581947836395,0.0,0.11772,-0.40221,9.760950000000001
130424241120,21.9,-0.03621558197888234,0.13955652698946658,0.0,-0.14715,-0.38259000000000004,9.7119
130429291625,21.9,-0.033021629447732716,0.09906488834319814,0.003193952531149623,-0.37278,-0.38259000000000004,9.760950000000001
130434342130,21.9,-0.03408628029144926,0.044732788728614664,0.0,-0.50031,-0.35316,9.82962
130439392635,21.9,-0.015987215948268057,-0.008517206749732328,0.0,-0.47088,-0.34335000000000004,9.819809999999999
130444443140,21.9,-0.015987215948268057,-0.04581489286485115,-0.001064650843716541,-0.3924,-0.36297,9.84924
130449493645,21.9,-0.02556907354171693,-0.07777187146886733,-0.002129301687433082,-0.24525000000000002,-0.37278,9.89829
130454544150,21.9,-0.03621558197888234,-0.07777187146886733,-0.001064650843716541,-0.0981,-0.40221,9.78057
130459594655,21.9,-0.044732788728614664,-0.06391395720803235,-0.001064650843716541,0.0981,-0.41202000000000005,9.7119
130464645160,21.9,-0.05007349623971732,-0.046879543708567686,-0.001064650843716541,0.1962,-0.40221,9.79038
130469695665,21.9,-0.044732788728614664,-0.046879543708567686,0.0,0.26487,-0.42183,9.86886
130474746170,21.9,-0.039409534510031964,-0.044732788728614664,-0.002129301687433082,0.35316,-0.43164,10.025820000000001
130479796675,21.9,-0.02769837522915001,-0.031956978604016174,0.0,0.42183,-0.44145,10.05525
130484847180,21.9,-0.02769837522915001,-0.007452555906015787,-0.002129301687433082,0.45126,-0.46107000000000004,10.006200000000002
130489897685,21.9,-0.031956978604016174,0.023439771854283843,-0.001064650843716541,0.3924,-0.48069000000000006,9.95715
130494948190,21.9,-0.03408628029144926,0.06284930636431581,0.0,0.28449,-0.50031,9.89829
130499998695,21.9,-0.02982767691658309,0.08096582400001695,0.002129301687433082,0.16677000000000003,-0.46107000000000004,9.73152
130505049200,21.9,-0.03408628029144926,0.07990117315630041,0.001064650843716541,-0.019620000000000002,-0.41202000000000005,9.65304
130510099705,21.9,-0.01918116847941768,0.060720004676882725,0.001064650843716541,-0.15696000000000002,-0.43164,9.7119
130515150210,21.9,-0.011711159280881954,0.028763026072866547,0.002129301687433082,-0.22563,-0.43164,9.760950000000001
130520200715,21.9,-0.012775810124598492,-0.012775810124598492,0.0,-0.22563,-0.41202000000000005,9.86886
130525251220,21.9,-0.013840460968315033,-0.04260348704118158,0.0,-0.15696000000000002,-0.41202000000000005,9.89829
130530301725,21.9,-0.01918116847941768,-0.04366813788489812,-0.003193952531149623,-0.019620000000000002,-0.3924,9.81
130535352230,21.9,-0.0170518667919846,-0.028763026072866547,0.001064650843716541,0.05886,-0.3924,9.74133
130540402735,21.9,-0.021310470166850764,-0.015987215948268057,0.0,0.10791,-0.3924,9.69228
130545453240,21.9,-0.023439771854283843,-0.015987215948268057,0.0,0.14715,-0.3924,9.60399
130550503745,21.9,-0.028763026072866547,-0.015987215948268057,-0.001064650843716541,0.18639,-0.37278,9.633420000000001
130555554250,21.9,-0.020245819323134222,-0.012775810124598492,-0.002129301687433082,0.20601000000000003,-0.38259000000000004,9.7119
130560604755,21.9,-0.0170518667919846,-0.01064650843716541,0.0,0.21582,-0.41202000000000005,9.80019
130565655260,21.9,-0.028763026072866547,-0.00958185759344887,-0.002129301687433082,0.1962,-0.41202000000000005,9.98658
130570705765,21.9,-0.03089232776029963,0.0,0.0,0.1962,-0.41202000000000005,10.025820000000001
130575756270,21.9,-0.03834488366631542,0.021310470166850764,-0.003193952531149623,0.20601000000000003,-0.42183,9.83943
130580806775,21.9,-0.03728023282259888,0.03834488366631542,0.0,0.11772,-0.44145,9.74133
130585857280,21.9,-0.03515093113516579,0.03728023282259888,0.002129301687433082,0.039240000000000004,-0.43164,9.60399
130590907785,21.9,-0.03621558197888234,0.022375121010567305,0.003193952531149623,0.0,-0.44145,9.69228
130595958290,21.9,-0.03408628029144926,0.003193952531149623,0.0,-0.02943,-0.47088,9.87867
130601008795,21.9,-0.03621558197888234,-0.002129301687433082,-0.001064650843716541,-0.039240000000000004,-0.48069000000000006,10.05525
130606059300,21.9,-0.02982767691658309,0.003193952531149623,0.0,-0.07848000000000001,-0.47088,10.074869999999999
130611109805,21.9,-0.033021629447732716,-0.002129301687433082,0.0,-0.06867000000000001,-0.51012,10.074869999999999
130616160310,21.9,-0.03515093113516579,-0.01918116847941768,0.0,-0.019620000000000002,-0.51993,9.96696
130621210815,21.9,-0.031956978604016174,-0.03089232776029963,0.0,0.04905,-0.51993,9.819809999999999
130626261320,21.9,-0.021310470166850764,-0.02769837522915001,0.0,0.16677000000000003,-0.5395500000000001,9.78057
130631311825,21.9,-0.011711159280881954,-0.006387905062299246,0.0,0.18639,-0.51012,9.81
130636362330,21.9,-0.007452555906015787,0.008517206749732328,0.0,0.15696000000000002,-0.48069000000000006,9.85905
130641412835,21.9,-0.012775810124598492,0.006387905062299246,0.0,0.0981,-0.49050000000000005,10.045440000000001
130646463340,21.9,-0.012775810124598492,-0.002129301687433082,0.0,0.0981,-0.50031,10.045440000000001
130651513845,21.9,-0.012775810124598492,-0.005323254218582705,0.001064650843716541,0.13734000000000002,-0.45126,9.83943
130656564350,21.9,-0.004258603374866164,0.0,0.001064650843716541,0.1962,-0.45126,9.70209
130661614855,21.9,0.001064650843716541,0.015987215948268057,0.0,0.14715,-0.3924,9.59418
130666665360,21.9,0.007452555906015787,0.02556907354171693,-0.002129301687433082,0.0981,-0.38259000000000004,9.53532
130671715865,21.9,0.004258603374866164,0.02556907354171693,0.003193952531149623,0.02943,-0.38259000000000004,9.67266
130676766370,21.9,-0.00958185759344887,0.007452555906015787,-0.002129301687433082,-0.009810000000000001,-0.37278,9.770760000000001
130681816875,21.9,-0.022375121010567305,-0.005323254218582705,-0.002129301687433082,0.0,-0.36297,9.819809999999999
130686867380,21.9,-0.02556907354171693,-0.013840460968315033,0.0,0.019620000000000002,-0.3924,9.82962
130691917885,21.9,-0.021310470166850764,-0.01918116847941768,0.0,0.04905,-0.3924,9.81
130696968390,21.9,-0.014905111812031574,-0.01918116847941768,0.003193952531149623,0.0981,-0.40221,9.78057
130702018895,21.9,-0.0170518667919846,-0.0170518667919846,0.001064650843716541,0.10791,-0.42183,9.760950000000001
130707069400,21.9,-0.02556907354171693,0.0,0.0,0.14715,-0.44145,9.70209
130712119905,21.9,-0.03728023282259888,0.01811651763570114,0.0,0.10791,-0.46107000000000004,9.69228
130717170410,21.9,-0.046879543708567686,0.021310470166850764,0.0,0.05886,-0.47088,9.78057
130722220915,21.9,-0.04581489286485115,0.01811651763570114,0.001064650843716541,0.0,-0.49050000000000005,9.91791
130727271420,21.9,-0.03621558197888234,0.006387905062299246,0.0,-0.019620000000000002,-0.51993,9.92772
130732321925,21.9,-0.02556907354171693,-0.0,-0.003193952531149623,-0.02943,-0.56898,10.006200000000002
130737372430,21.9,-0.012775810124598492,-0.00958185759344887,0.0,-0.039240000000000004,-0.5395500000000001,9.937529999999999
130742422935,21.9,-0.01918116847941768,-0.013840460968315033,0.0,0.019620000000000002,-0.51993,9.819809999999999
130747473440,21.9,-0.022375121010567305,-0.015987215948268057,0.0,0.07848000000000001,-0.5591700000000001,9.751140000000001
130752523945,21.9,-0.02769837522915001,-0.01064650843716541,0.0,0.10791,-0.5395500000000001,9.751140000000001
130757574450,21.9,-0.02556907354171693,-0.001064650843716541,-0.001064650843716541,0.0981,-0.5395500000000001,9.81
130762624955,21.9,-0.0170518667919846,0.0,0.0,0.07848000000000001,-0.51993,10.025820000000001
130767675460,21.9,-0.003193952531149623,-0.004258603374866164,0.0,0.08829,-0.48069000000000006,10.01601
130772725965,21.9,0.003193952531149623,-0.011711159280881954,0.0,0.11772,-0.47088,9.95715
130777776470,21.9,0.004258603374866164,-0.005323254218582705,0.0,0.12753,-0.49050000000000005,9.84924
130782826975,21.9,0.002129301687433082,0.0170518667919846,0.0,0.13734000000000002,-0.47088,9.7119
130787877480,21.9,-0.012775810124598492,0.033021629447732716,0.0,0.06867000000000001,-0.45126,9.633420000000001
130792927985,21.9,-0.012775810124598492,0.031956978604016174,0.003193952531149623,0.0,-0.42183,9.73152
130797978490,21.9,-0.014905111812031574,0.01811651763570114,0.0,-0.0981,-0.42183,9.81
130803028995,21.9,-0.007452555906015787,-0.011711159280881954,0.0,-0.05886,-0.42183,9.87867
130808079500,21.9,-0.003193952531149623,-0.033021629447732716,-0.003193952531149623,-0.019620000000000002,-0.44145,9.94734
130813130005,21.9,-0.005323254218582705,-0.02982767691658309,-0.001064650843716541,0.06867000000000001,-0.41202000000000005,9.86886
130818180510,21.9,-0.007452555906015787,-0.011711159280881954,0.001064650843716541,0.14715,-0.45126,9.83943
130823231015,21.9,-0.022375121010567305,0.007452555906015787,0.0,0.14715,-0.47088,9.80019
130828281520,21.9,-0.02769837522915001,0.011711159280881954,0.0,0.11772,-0.46107000000000004,9.69228
130833332025,21.9,-0.03515093113516579,0.004258603374866164,0.001064650843716541,0.10791,-0.49050000000000005,9.69228
130838382530,21.9,-0.02556907354171693,-0.0,-0.002129301687433082,0.05886,-0.49050000000000005,9.84924
130843433035,21.9,-0.0170518667919846,0.002129301687433082,0.0,0.05886,-0.51993,9.98658
130848483540,21.9,-0.012775810124598492,0.006387905062299246,0.0,0.009810000000000001,-0.52974,10.045440000000001
130853534045,21.9,-0.012775810124598492,0.004258603374866164,0.0,0.009810000000000001,-0.51012,9.99639
130858584550,21.9,-0.021310470166850764,0.006387905062299246,-0.001064650843716541,0.0,-0.52974,9.760950000000001
130863635055,21.9,-0.023439771854283843,0.005323254218582705,0.0,0.04905,-0.52974,9.58437
130868685560,21.9,-0.015987215948268057,0.00958185759344887,0.002129301687433082,0.04905,-0.51012,9.58437
130873736065,21.9,-0.002129301687433082,0.00958185759344887,0.0,0.019620000000000002,-0.51012,9.65304
130878786570,21.9,0.005323254218582705,0.002129301687433082,0.0,-0.019620000000000002,-0.50031,9.84924
130883837075,21.9,0.004258603374866164,-0.0170518667919846,-0.001064650843716541,0.009810000000000001,-0.46107000000000004,9.98658
130888887580,21.9,-0.004258603374866164,-0.020245819323134222,-0.001064650843716541,0.0,-0.47088,9.95715
130893938085,21.9,-0.014905111812031574,-0.014905111812031574,-0.002129301687433082,0.07848000000000001,-0.47088,9.85905
130898988590,21.9,-0.01064650843716541,0.001064650843716541,0.0,0.14715,-0.48069000000000006,9.819809999999999
130904039095,21.9,-0.007452555906015787,0.015987215948268057,-0.001064650843716541,0.0981,-0.46107000000000004,9.72171
130909089600,21.9,0.001064650843716541,0.007452555906015787,0.0,0.05886,-0.43164,9.67266
130914140105,21.9,-0.001064650843716541,-0.004258603374866164,0.0,0.06867000000000001,-0.47088,9.67266
130919190610,21.9,-0.002129301687433082,-0.015987215948268057,0.0,0.0981,-0.44145,9.72171
130924241115,21.9,-0.015987215948268057,-0.00958185759344887,0.0,0.0981,-0.45126,9.80019
130929291620,21.9,-0.013840460968315033,-0.001064650843716541,0.0,0.11772,-0.47088,9.95715
130934342125,21.9,-0.013840460968315033,0.006387905062299246,0.0,0.08829,-0.49050000000000005,9.92772
130939392630,21.9,-0.012775810124598492,0.005323254218582705,0.0,0.06867000000000001,-0.48069000000000006,9.888480000000001
130944443135,21.9,-0.015987215948268057,0.005323254218582705,0.0,0.04905,-0.50031,9.81
130949493640,21.9,-0.015987215948268057,0.007452555906015787,0.005323254218582705,0.04905,-0.52974,9.770760000000001
130954544145,21.9,-0.015987215948268057,0.011711159280881954,0.0,0.009810000000000001,-0.5493600000000001,9.819809999999999
130959594650,21.9,-0.01918116847941768,0.0170518667919846,0.0,-0.039240000000000004,-0.5395500000000001,9.97677
130964645155,21.9,-0.01918116847941768,0.007452555906015787,-0.001064650843716541,-0.039240000000000004,-0.56898,10.006200000000002
130969695660,21.9,-0.02663372438543347,-0.00958185759344887,0.0,-0.039240000000000004,-0.5395500000000001,10.01601
130974746165,21.9,-0.01811651763570114,-0.015987215948268057,-0.002129301687433082,-0.019620000000000002,-0.57879,9.95715
130979796670,21.9,-0.005323254218582705,-0.0170518667919846,0.0,0.019620000000000002,-0.5493600000000001,9.84924
130984847175,21.9,0.0,-0.011711159280881954,0.0,0.08829,-0.56898,9.79038
130989897680,21.9,0.006387905062299246,-0.005323254218582705,-0.002129301687433082,0.11772,-0.52974,9.7119
130994948185,21.9,0.006387905062299246,-0.002129301687433082,-0.001064650843716541,0.10791,-0.52974,9.633420000000001
130999998690,21.9,0.003193952531149623,0.003193952531149623,-0.001064650843716541,0.0981,-0.50031,9.69228
131005049195,21.9,0.007452555906015787,0.015987215948268057,-0.001064650843716541,0.06867000000000001,-0.47088,9.751140000000001
131010099700,21.9,0.007452555906015787,0.02663372438543347,-0.001064650843716541,0.0,-0.43164,9.83943
131015150205,21.9,0.011711159280881954,0.01811651763570114,0.0,-0.04905,-0.45126,9.87867
131020200710,21.9,0.00958185759344887,0.004258603374866164,-0.002129301687433082,-0.08829,-0.42183,9.79038
131025251215,21.9,0.004258603374866164,-0.002129301687433082,0.0,-0.039240000000000004,-0.42183,9.623610000000001
131030301720,21.9,-0.003193952531149623,-0.013840460968315033,0.001064650843716541,0.0,-0.41202000000000005,9.6138
131035352225,21.9,-0.008517206749732328,-0.01811651763570114,0.0,0.0,-0.41202000000000005,9.69228
131040402730,21.9,-0.013840460968315033,-0.022375121010567305,0.0,0.05886,-0.46107000000000004,9.84924
131045453235,21.9,-0.015987215948268057,-0.03515093113516579,0.0,0.08829,-0.47088,9.94734
131050503740,21.9,-0.013840460968315033,-0.03728023282259888,0.0,0.14715,-0.49050000000000005,9.99639
131055554245,21.9,-0.0170518667919846,-0.022375121010567305,0.0,0.1962,-0.51993,9.96696
131060604750,21.9,-0.023439771854283843,0.003193952531149623,0.0,0.24525000000000002,-0.56898,9.89829
131065655255,21.9,-0.01918116847941768,0.031956978604016174,0.001064650843716541,0.1962,-0.5591700000000001,9.87867
131070705760,21.9,-0.022375121010567305,0.04581489286485115,-0.002129301687433082,0.11772,-0.57879,9.82962
131075756265,21.9,-0.01811651763570114,0.04260348704118158,0.004258603374866164,0.009810000000000001,-0.5886,9.81
131080806770,21.9,-0.0170518667919846,0.033021629447732716,0.0,-0.08829,-0.59841,9.84924
131085857275,21.9,-0.008517206749732328,0.01918116847941768,0.001064650843716541,-0.11772,-0.59841,9.85905
131090907780,21.9,-0.004258603374866164,0.011711159280881954,-0.003193952531149623,-0.15696000000000002,-0.5886,9.98658
131095958285,21.9,0.008517206749732328,0.003193952531149623,0.0,-0.16677000000000003,-0.5886,9.98658
131101008790,21.9,0.008517206749732328,-0.008517206749732328,0.001064650843716541,-0.13734000000000002,-0.57879,9.85905
131106059295,21.9,0.00958185759344887,-0.02556907354171693,-0.003193952531149623,-0.0981,-0.5493600000000001,9.72171
131111109800,21.9,0.011711159280881954,-0.02769837522915001,0.0,0.009810000000000001,-0.51993,9.6138
131116160305,21.9,0.012775810124598492,-0.02663372438543347,0.001064650843716541,0.06867000000000001,-0.48069000000000006,9.6138
131121210810,21.9,0.01918116847941768,-0.028763026072866547,-0.001064650843716541,0.11772,-0.46107000000000004,9.7119
131126261315,21.9,0.023439771854283843,-0.024504422698000388,0.0,0.13734000000000002,-0.45126,9.85905
131131311820,21.9,0.021310470166850764,-0.020245819323134222,0.0,0.1962,-0.41202000000000005,9.819809999999999
131136362325,21.9,0.011711159280881954,-0.01064650843716541,0.0,0.1962,-0.41202000000000005,9.81
131141412830,21.9,0.005323254218582705,0.012775810124598492,-0.002129301687433082,0.21582,-0.41202000000000005,9.70209
131146463335,21.9,0.0,0.02769837522915001,0.001064650843716541,0.16677000000000003,-0.41202000000000005,9.58437
131151513840,21.9,0.0,0.031956978604016174,-0.001064650843716541,0.08829,-0.40221,9.59418
131156564345,21.9,0.0,0.033021629447732716,-0.002129301687433082,0.02943,-0.40221,9.66285
131161614850,21.9,-0.006387905062299246,0.022375121010567305,0.0,-0.02943,-0.3924,9.7119
131166665355,21.9,-0.013840460968315033,0.008517206749732328,-0.001064650843716541,-0.05886,-0.43164,9.80019
131171715860,21.9,-0.014905111812031574,0.01064650843716541,0.0,-0.10791,-0.46107000000000004,9.86886
131176766365,21.9,-0.020245819323134222,0.005323254218582705,-0.002129301687433082,-0.11772,-0.50031,9.86886
131181816870,21.9,-0.024504422698000388,-0.004258603374866164,-0.001064650843716541,-0.10791,-0.51012,9.908100000000001
131186867375,21.9,-0.023439771854283843,-0.008517206749732328,0.0,-0.07848000000000001,-0.52974,9.82962
131191917880,21.9,-0.022375121010567305,-0.00958185759344887,0.0,-0.05886,-0.56898,9.760950000000001
131196968385,21.9,-0.01811651763570114,-0.01918116847941768,0.002129301687433082,-0.009810000000000001,-0.6180300000000001,9.83943
131202018890,21.9,-0.00958185759344887,-0.01918116847941768,0.004258603374866164,0.0,-0.60822,9.888480000000001
131207069395,21.9,-0.00958185759344887,-0.020245819323134222,0.0,0.039240000000000004,-0.6278400000000001,10.03563
131212119900,21.9,-0.005323254218582705,-0.021310470166850764,0.002129301687433082,0.06867000000000001,-0.6278400000000001,10.15335
131217170405,21.9,-0.004258603374866164,-0.006387905062299246,-0.001064650843716541,0.0981,-0.6278400000000001,10.1043
131222220910,21.9,0.003193952531149623,0.0,0.0,0.12753,-0.6278400000000001,9.98658
131227271415,21.9,0.006387905062299246,0.006387905062299246,0.001064650843716541,0.13734000000000002,-0.60822,9.908100000000001
131232321920,21.9,0.013840460968315033,0.011711159280881954,0.0,0.11772,-0.5886,9.83943
131237372425,21.9,0.01811651763570114,0.011711159280881954,0.001064650843716541,0.0981,-0.5493600000000001,9.83943
131242422930,21.9,0.023439771854283843,0.014905111812031574,-0.002129301687433082,0.02943,-0.5395500000000001,9.87867
131247473435,21.9,0.02556907354171693,0.012775810124598492,-0.003193952531149623,-0.009810000000000001,-0.51012,9.89829
131252523940,21.9,0.024504422698000388,0.008517206749732328,0.0,-0.04905,-0.49050000000000005,9.86886
131257574445,21.9,0.02769837522915001,0.006387905062299246,-0.001064650843716541,0.0,-0.49050000000000005,9.87867
131262624950,21.9,0.02769837522915001,0.01811651763570114,0.002129301687433082,-0.039240000000000004,-0.43164,9.85905
131267675455,21.9,0.023439771854283843,0.01918116847941768,0.0,-0.0981,-0.45126,9.760950000000001
131272725960,21.9,0.01811651763570114,0.012775810124598492,0.001064650843716541,-0.12753,-0.43164,9.7119
131277776465,21.9,0.011711159280881954,0.0,0.0,-0.13734000000000002,-0.41202000000000005,9.6138
131282826970,21.9,0.008517206749732328,-0.022375121010567305,0.0,-0.06867000000000001,-0.43164,9.66285
131287877475,21.9,0.003193952531149623,-0.031956978604016174,0.0,-0.019620000000000002,-0.44145,9.83943
131292927980,21.9,0.006387905062299246,-0.02556907354171693,-0.001064650843716541,0.019620000000000002,-0.46107000000000004,9.96696
131297978485,21.9,-0.001064650843716541,-0.023439771854283843,-0.002129301687433082,0.06867000000000001,-0.49050000000000005,9.98658
131303028990,21.9,-0.006387905062299246,-0.022375121010567305,0.0,0.0981,-0.51012,9.86886
131308079495,21.9,-0.008517206749732328,-0.015987215948268057,0.002129301687433082,0.16677000000000003,-0.51993,9.7119
131313130000,21.9,-0.007452555906015787,-0.006387905062299246,0.002129301687433082,0.1962,-0.5395500000000001,9.633420000000001
131318180505,21.9,-0.001064650843716541,0.01064650843716541,0.0,0.1962,-0.52974,9.623610000000001
131323231010,21.9,0.008517206749732328,0.05007349623971732,0.0,0.0981,-0.51012,9.70209
131328281515,21.9,0.01064650843716541,0.0852244273748831,-0.002129301687433082,-0.07848000000000001,-0.52974,9.79038
131333332020,21.9,0.01064650843716541,0.10866419922916695,-0.002129301687433082,-0.2943,-0.51993,9.83943
131338382525,21.9,0.006387905062299246,0.12144000935376545,-0.004258603374866164,-0.52974,-0.49050000000000005,9.83943
131343433030,21.9,0.002129301687433082,0.12676326357234816,0.0,-0.7749900000000001,-0.49050000000000005,9.770760000000001
131348483535,21.9,0.002129301687433082,0.11824605682261582,0.001064650843716541,-1.00062,-0.50031,9.7119
131353534040,21.9,0.01064650843716541,0.08841837990603273,0.001064650843716541,-1.1772,-0.48069000000000006,9.67266
131358584545,21.9,0.003193952531149623,0.03515093113516579,-0.002129301687433082,-1.24587,-0.44145,9.72171
131363635050,21.9,0.006387905062299246,-0.03621558197888234,0.002129301687433082,-1.22625,-0.48069000000000006,9.82962
131368685555,21.9,0.001064650843716541,-0.10759954838545042,0.0,-1.04967,-0.51012,9.91791
131373736060,21.9,-0.002129301687433082,-0.16938420390604966,0.001064650843716541,-0.70632,-0.52974,9.98658
131378786565,21.9,-0.005323254218582705,-0.20134118251006583,0.0,-0.2943,-0.5591700000000001,9.95715
131383837070,21.9,0.0,-0.20666443672864854,0.001064650843716541,0.14715,-0.56898,9.908100000000001
131388887575,21.9,0.006387905062299246,-0.18854791909294744,0.002129301687433082,0.52974,-0.5886,9.81
131393938080,21.9,0.0170518667919846,-0.1331511686346474,-0.002129301687433082,0.86328,-0.5886,9.74133
131398988585,21.9,0.023439771854283843,-0.03834488366631542,-0.001064650843716541,0.94176,-0.52974,9.78057
131404039090,21.9,0.02663372438543347,0.05965535383316618,-0.001064650843716541,0.85347,-0.50031,9.819809999999999
131409089595,21.9,0.023439771854283843,0.14700908289548237,-0.001064650843716541,0.5886,-0.49050000000000005,9.86886
131414140100,21.9,0.021310470166850764,0.22476350107182977,-0.002129301687433082,0.13734000000000002,-0.46107000000000004,9.888480000000001
131419190605,21.9,0.022375121010567305,0.2599318854995155,0.0,-0.38259000000000004,-0.41202000000000005,9.91791
131424241110,21.9,0.021310470166850764,0.2556558288321294,-0.001064650843716541,-0.89271,-0.41202000000000005,9.85905
131429291615,21.9,0.01918116847941768,0.19921188082263275,0.001064650843716541,-1.31454,-0.38259000000000004,9.79038
131434342120,21.9,0.015987215948268057,0.09054768159346581,0.001064650843716541,-1.5303600000000002,-0.41202000000000005,9.623610000000001
131439392625,21.9,0.006387905062299246,-0.05007349623971732,0.001064650843716541,-1.42245,-0.38259000000000004,9.496080000000001
131444443130,21.9,-0.001064650843716541,-0.19174187162409706,0.0,-1.10853,-0.40221,9.46665
131449493635,21.9,-0.006387905062299246,-0.28122490237384634,0.001064650843716541,-0.59841,-0.46107000000000004,9.56475
131454544140,21.9,-0.003193952531149623,-0.30998792844671286,0.0,0.019620000000000002,-0.51993,9.751140000000001
131459594645,21.9,-0.002129301687433082,-0.2705783939366809,0.0,0.59841,-0.5493600000000001,9.888480000000001
131464645150,21.9,0.001064650843716541,-0.1832246648743647,0.0,1.03005,-0.56898,9.86886
131469695655,21.9,0.007452555906015787,-0.06710790973918197,0.0,1.1772,-0.56898,9.819809999999999
131474746160,21.9,0.006387905062299246,0.04366813788489812,0.0,1.1477700000000002,-0.5395500000000001,9.751140000000001
131479796665,21.9,0.003193952531149623,0.11079350091660004,0.0,0.8829,-0.51993,9.7119
131484847170,21.9,0.008517206749732328,0.13102186694721432,0.0,0.57879,-0.48069000000000006,9.770760000000001
131489897675,21.9,0.00958185759344887,0.1097288500728835,0.0,0.32373,-0.48069000000000006,9.86886
131494948180,21.9,0.01811651763570114,0.0756251164889143,0.0,0.15696000000000002,-0.48069000000000006,9.94734
131499998685,21.9,0.01811651763570114,0.05539675045830002,0.0,0.0,-0.44145,10.006200000000002
131505049190,21.9,0.014905111812031574,0.05965535383316618,0.0,-0.0981,-0.44145,10.025820000000001
131510099695,21.9,0.008517206749732328,0.08309512568745003,0.0,-0.27468000000000004,-0.49050000000000005,9.98658
131515150200,21.9,-0.001064650843716541,0.10653489754173388,0.0,-0.45126,-0.47088,9.91791
131520200705,21.9,-0.011711159280881954,0.10012953918691468,0.0,-0.6180300000000001,-0.48069000000000006,9.81
131525251210,21.9,-0.01064650843716541,0.06178465552059926,0.0,-0.7848,-0.49050000000000005,9.81
131530301715,21.9,-0.002129301687433082,-0.007452555906015787,0.0,-0.80442,-0.51993,9.72171
131535352220,21.9,0.002129301687433082,-0.09374163412461543,0.0,-0.6278400000000001,-0.51993,9.69228
131540402725,21.9,0.004258603374866164,-0.17151350559348277,0.0,-0.28449,-0.57879,9.69228
131545453230,21.9,0.013840460968315033,-0.2162462943220974,0.0,0.13734000000000002,-0.56898,9.80019
131550503735,21.9,0.015987215948268057,-0.20559978588493202,0.0,0.57879,-0.56898,9.81
131555554240,21.9,0.02663372438543347,-0.14594443205176583,-0.005323254218582705,0.9319500000000001,-0.5493600000000001,9.83943
131560604745,21.9,0.02663372438543347,-0.03408628029144926,-0.002129301687433082,1.03986,-0.51012,9.79038
131565655250,21.9,0.024504422698000388,0.09054768159346581,0.001064650843716541,0.89271,-0.49050000000000005,9.89829
131570705755,21.9,0.024504422698000388,0.15339698795778162,0.003193952531149623,0.57879,-0.48069000000000006,9.98658
131575756260,21.9,0.02556907354171693,0.150203035426632,0.002129301687433082,0.20601000000000003,-0.43164,9.97677
131580806765,21.9,0.02769837522915001,0.1331511686346474,0.002129301687433082,-0.11772,-0.42183,9.83943
131585857270,21.9,0.01918116847941768,0.09267698328089889,-0.001064650843716541,-0.34335000000000004,-0.37278,9.69228
131590907775,21.9,0.02663372438543347,0.03089232776029963,-0.001064650843716541,-0.37278,-0.38259000000000004,9.58437
131595958280,21.9,0.023439771854283843,-0.01918116847941768,-0.001064650843716541,-0.28449,-0.38259000000000004,9.60399
131601008785,21.9,0.020245819323134222,-0.039409534510031964,-0.003193952531149623,-0.22563,-0.3924,9.60399
131606059290,21.9,0.011711159280881954,-0.031956978604016174,-0.004258603374866164,-0.17658,-0.36297,9.60399
131611109795,21.9,0.005323254218582705,-0.008517206749732328,0.0,-0.13734000000000002,-0.41202000000000005,9.633420000000001
131616160300,21.9,-0.002129301687433082,0.05007349623971732,0.002129301687433082,-0.13734000000000002,-0.44145,9.70209
131621210805,21.9,-0.01064650843716541,0.03728023282259888,0.004258603374866164,-0.27468000000000004,-0.41202000000000005,9.78057
131626261310,21.9,-0.00958185759344887,-0.0404741853537485,0.0,-0.2943,-0.41202000000000005,9.751140000000001
131631311815,21.9,-0.006387905062299246,-0.09374163412461543,-0.001064650843716541,-0.14715,-0.46107000000000004,9.86886
131636362320,21.9,0.004258603374866164,-0.10438814256178083,-0.002129301687433082,0.08829,-0.49050000000000005,9.760950000000001
131641412825,21.9,0.01064650843716541,-0.09906488834319814,0.0,0.34335000000000004,-0.52974,9.760950000000001
131646463330,21.9,0.003193952531149623,-0.08203047484373349,-0.001064650843716541,0.5395500000000001,-0.51012,9.82962
131651513835,21.9,-0.001064650843716541,-0.03621558197888234,0.0,0.60822,-0.5493600000000001,9.888480000000001
131656564340,21.9,-0.011711159280881954,0.02769837522915001,-0.001064650843716541,0.52974,-0.5395500000000001,9.92772
131661614845,21.9,-0.006387905062299246,0.0852244273748831,-0.002129301687433082,0.42183,-0.5395500000000001,9.888480000000001
131666665350,21.9,0.007452555906015787,0.11824605682261582,0.0,0.12753,-0.48069000000000006,9.819809999999999
131671715855,21.9,0.0170518667919846,0.11185815176031658,0.001064650843716541,-0.08829,-0.50031,9.74133
131676766360,21.9,0.020245819323134222,0.06497860805174888,0.0,-0.23544,-0.49050000000000005,9.81
131681816865,21.9,0.02556907354171693,0.008517206749732328,0.0,-0.30411,-0.45126,9.84924
131686867370,21.9,0.01918116847941768,-0.0170518667919846,0.0,-0.24525000000000002,-0.45126,9.82962
131691917875,21.9,0.013840460968315033,-0.024504422698000388,0.0,-0.20601000000000003,-0.46107000000000004,9.79038
131696968380,21.9,0.012775810124598492,-0.02982767691658309,0.001064650843716541,-0.15696000000000002,-0.44145,9.751140000000001
131702018885,21.9,0.0170518667919846,-0.03089232776029963,-0.003193952531149623,-0.02943,-0.45126,9.69228
131707069390,21.9,0.013840460968315033,-0.02663372438543347,-0.003193952531149623,0.0,-0.42183,9.79038
131712119895,21.9,0.021310470166850764,-0.015987215948268057,0.0,0.039240000000000004,-0.43164,9.83943
131717170400,21.9,0.013840460968315033,-0.003193952531149623,-0.002129301687433082,0.0,-0.42183,9.94734
131722220905,21.9,0.012775810124598492,0.0,0.001064650843716541,0.009810000000000001,-0.42183,9.908100000000001
131727271410,21.9,0.001064650843716541,-0.014905111812031574,0.005323254218582705,0.019620000000000002,-0.46107000000000004,9.85905
131732321915,21.9,0.0,-0.044732788728614664,0.002129301687433082,0.11772,-0.45126,9.770760000000001
131737372420,21.9,0.004258603374866164,-0.05220279792715039,0.0,0.25506,-0.48069000000000006,9.66285
131742422925,21.9,0.00958185759344887,-0.02663372438543347,-0.001064650843716541,0.37278,-0.46107000000000004,9.633420000000001
131747473430,21.9,0.023439771854283843,0.001064650843716541,-0.002129301687433082,0.35316,-0.45126,9.65304
131752523935,21.9,0.02663372438543347,0.02982767691658309,-0.002129301687433082,0.31392000000000003,-0.42183,9.64323
131757574440,21.9,0.01811651763570114,0.06817256058289851,0.0,0.20601000000000003,-0.44145,9.7119
131762624945,21.9,0.005323254218582705,0.0852244273748831,0.001064650843716541,-0.009810000000000001,-0.41202000000000005,9.79038
131767675450,21.9,0.001064650843716541,0.07990117315630041,0.002129301687433082,-0.20601000000000003,-0.40221,9.81
131772725955,21.9,0.003193952531149623,0.05113814708343386,0.003193952531149623,-0.28449,-0.40221,9.760950000000001
131777776460,21.9,0.005323254218582705,0.004258603374866164,0.001064650843716541,-0.35316,-0.41202000000000005,9.78057
131782826965,21.9,0.015987215948268057,-0.05113814708343386,0.001064650843716541,-0.28449,-0.41202000000000005,9.751140000000001
131787877470,21.9,0.01064650843716541,-0.08203047484373349,-0.001064650843716541,-0.08829,-0.43164,9.73152
131792927975,21.9,0.0,-0.07349581480148122,-0.002129301687433082,0.08829,-0.47088,9.760950000000001
131797978480,21.9,-0.011711159280881954,-0.03515093113516579,-0.001064650843716541,0.15696000000000002,-0.50031,9.7119
131803028985,21.9,-0.012775810124598492,-0.008517206749732328,0.0,0.18639,-0.48069000000000006,9.65304
131808079490,21.9,0.001064650843716541,0.0170518667919846,0.001064650843716541,0.17658,-0.46107000000000004,9.496080000000001
131813129995,21.9,0.012775810124598492,0.023439771854283843,0.001064650843716541,0.13734000000000002,-0.41202000000000005,9.43722
131818180500,21.9,0.023439771854283843,0.013840460968315033,0.0,0.12753,-0.40221,9.40779
131823231005,21.9,0.02556907354171693,-0.00958185759344887,-0.002129301687433082,0.12753,-0.37278,9.38817
131828281510,21.9,0.01918116847941768,-0.008517206749732328,-0.003193952531149623,0.12753,-0.34335000000000004,9.52551
131833332015,21.9,0.006387905062299246,0.007452555906015787,0.0,0.07848000000000001,-0.34335000000000004,9.64323
131838382520,21.9,0.003193952531149623,0.008517206749732328,0.0,0.06867000000000001,-0.35316,9.67266
131843433025,21.9,-0.006387905062299246,0.011711159280881954,-0.001064650843716541,0.02943,-0.33354000000000006,9.760950000000001
131848483530,21.9,-0.01064650843716541,0.020245819323134222,-0.002129301687433082,-0.019620000000000002,-0.35316,9.908100000000001
131853534035,21.9,-0.01064650843716541,0.03089232776029963,0.0,-0.04905,-0.38259000000000004,10.006200000000002
131858584540,21.9,-0.012775810124598492,0.02769837522915001,0.0,-0.16677000000000003,-0.43164,10.01601
131863635045,21.9,-0.02663372438543347,0.003193952531149623,0.002129301687433082,-0.1962,-0.46107000000000004,9.94734
131868685550,21.9,-0.039409534510031964,-0.022375121010567305,-0.002129301687433082,-0.14715,-0.51993,9.98658
131873736055,21.9,-0.04153883619746504,-0.049008845396000776,0.0,-0.06867000000000001,-0.57879,10.1043
131878786560,21.9,-0.028763026072866547,-0.05859070298944965,0.0,0.05886,-0.60822,10.163160000000001
131883837065,21.9,-0.0170518667919846,-0.04581489286485115,0.0,0.16677000000000003,-0.60822,10.19259
131888887570,21.9,-0.003193952531149623,-0.03621558197888234,0.0,0.24525000000000002,-0.63765,10.1043
131893938075,21.9,0.003193952531149623,-0.011711159280881954,0.001064650843716541,0.30411,-0.60822,9.84924
131898988580,21.9,0.005323254218582705,0.023439771854283843,0.0,0.28449,-0.6278400000000001,9.6138
131904039085,21.9,0.00958185759344887,0.04260348704118158,0.0,0.21582,-0.57879,9.52551
131909089590,21.9,0.022375121010567305,0.05007349623971732,-0.004258603374866164,0.11772,-0.49050000000000005,9.5157
131914140095,21.9,0.039409534510031964,0.04794419455228423,0.001064650843716541,-0.009810000000000001,-0.43164,9.5157
131919190600,21.9,0.04581489286485115,0.02556907354171693,0.001064650843716541,-0.04905,-0.40221,9.54513
131924241105,21.9,0.04794419455228423,-0.003193952531149623,-0.002129301687433082,-0.08829,-0.33354000000000006,9.6138
131929291610,21.9,0.0404741853537485,-0.011711159280881954,-0.003193952531149623,-0.04905,-0.2943,9.57456
131934342115,21.9,0.028763026072866547,-0.001064650843716541,-0.001064650843716541,0.0,-0.24525000000000002,9.53532
131939392620,21.9,0.014905111812031574,0.012775810124598492,0.0,-0.06867000000000001,-0.26487,9.53532
131944443125,21.9,0.007452555906015787,0.008517206749732328,0.001064650843716541,-0.0981,-0.22563,9.57456
131949493630,21.9,0.0,-0.001064650843716541,0.0,-0.0981,-0.24525000000000002,9.7119
131954544135,21.9,-0.013840460968315033,-0.00958185759344887,-0.001064650843716541,-0.11772,-0.28449,9.92772
131959594640,21.9,-0.024504422698000388,-0.014905111812031574,0.0,-0.0981,-0.35316,10.074869999999999
131964645145,21.9,-0.04260348704118158,-0.03089232776029963,0.002129301687433082,-0.07848000000000001,-0.41202000000000005,10.08468
131969695650,21.9,-0.05220279792715039,-0.046879543708567686,0.001064650843716541,0.019620000000000002,-0.47088,10.045440000000001
131974746155,21.9,-0.05326744877086694,-0.05859070298944965,-0.001064650843716541,0.15696000000000002,-0.5591700000000001,10.025820000000001
131979796660,21.9,-0.04581489286485115,-0.05007349623971732,-0.003193952531149623,0.27468000000000004,-0.6180300000000001,10.01601
131984847165,21.9,-0.02663372438543347,-0.0170518667919846,-0.001064650843716541,0.38259000000000004,-0.6670800000000001,10.025820000000001
131989897670,21.9,-0.021310470166850764,0.023439771854283843,0.0,0.31392000000000003,-0.6670800000000001,10.006200000000002
131994948175,21.9,-0.020245819323134222,0.05752605214573309,0.0,0.20601000000000003,-0.6867000000000001,9.94734
131999998680,21.9,-0.00958185759344887,0.05965535383316618,0.001064650843716541,0.08829,-0.63765,9.819809999999999
132005049185,21.9,0.001064650843716541,0.05113814708343386,0.001064650843716541,-0.019620000000000002,-0.59841,9.69228
132010099690,21.9,0.0170518667919846,0.033021629447732716,0.0,-0.06867000000000001,-0.56898,9.66285
132015150195,21.9,0.03834488366631542,0.011711159280881954,-0.002129301687433082,-0.0981,-0.50031,9.60399
132020200700,21.9,0.05539675045830002,-0.003193952531149623,-0.004258603374866164,-0.08829,-0.45126,9.5157
132025251205,21.9,0.05859070298944965,-0.013840460968315033,-0.004258603374866164,-0.06867000000000001,-0.3924,9.53532
132030301710,21.9,0.04794419455228423,-0.014905111812031574,0.0,-0.019620000000000002,-0.32373,9.53532
132035352215,21.9,0.033021629447732716,0.004258603374866164,0.0,-0.039240000000000004,-0.2943,9.53532
132040402720,21.9,0.020245819323134222,0.01918116847941768,0.0,-0.06867000000000001,-0.23544,9.6138
132045453225,21.9,0.015987215948268057,0.011711159280881954,0.0,-0.13734000000000002,-0.22563,9.65304
132050503730,21.9,0.015987215948268057,-0.015987215948268057,-0.001064650843716541,-0.13734000000000002,-0.24525000000000002,9.70209
132055554235,21.9,0.007452555906015787,-0.04581489286485115,-0.001064650843716541,-0.039240000000000004,-0.28449,9.819809999999999
132060604740,21.9,-0.01064650843716541,-0.054332099614583476,-0.002129301687433082,0.04905,-0.28449,9.91791
132065655245,21.9,-0.028763026072866547,-0.046879543708567686,0.0,0.15696000000000002,-0.37278,9.98658
132070705750,21.9,-0.04794419455228423,-0.02663372438543347,-0.001064650843716541,0.20601000000000003,-0.44145,9.98658
132075756255,21.9,-0.054332099614583476,-0.013840460968315033,0.001064650843716541,0.24525000000000002,-0.49050000000000005,9.99639
132080806760,21.9,-0.05007349623971732,0.0,0.0,0.25506,-0.5395500000000001,9.98658
132085857265,21.9,-0.03515093113516579,0.014905111812031574,0.0,0.22563,-0.5886,10.025820000000001
132090907770,21.9,-0.02769837522915001,0.03408628029144926,0.0,0.15696000000000002,-0.6278400000000001,10.01601
132095958275,21.9,-0.023439771854283843,0.05113814708343386,-0.003193952531149623,0.05886,-0.63765,9.99639
132101008780,21.9,-0.020245819323134222,0.04260348704118158,-0.001064650843716541,-0.02943,-0.63765,9.82962
132106059285,21.9,-0.01064650843716541,0.022375121010567305,0.001064650843716541,-0.07848000000000001,-0.6180300000000001,9.68247
132111109790,21.9,0.001064650843716541,0.002129301687433082,0.0,-0.05886,-0.59841,9.64323
132116160295,21.9,0.0170518667919846,-0.008517206749732328,-0.001064650843716541,-0.02943,-0.5591700000000001,9.67266
132121210800,21.9,0.03834488366631542,-0.005323254218582705,0.0,-0.019620000000000002,-0.51012,9.72171
132126261305,21.9,0.049008845396000776,-0.004258603374866164,0.001064650843716541,-0.039240000000000004,-0.44145,9.67266
132131311810,21.9,0.04581489286485115,-0.003193952531149623,-0.003193952531149623,0.0,-0.40221,9.623610000000001
132136362315,21.9,0.03728023282259888,0.001064650843716541,0.001064650843716541,0.0,-0.35316,9.55494
132141412820,21.9,0.028763026072866547,0.012775810124598492,-0.001064650843716541,-0.02943,-0.31392000000000003,9.58437
132146463325,21.9,0.023439771854283843,0.00958185759344887,0.002129301687433082,-0.06867000000000001,-0.27468000000000004,9.58437
132151513830,21.9,0.022375121010567305,-0.011711159280881954,0.0,-0.07848000000000001,-0.27468000000000004,9.70209
132156564335,21.9,0.0170518667919846,-0.04260348704118158,0.0,0.0,-0.30411,9.80019
132161614840,21.9,0.007452555906015787,-0.054332099614583476,-0.003193952531149623,0.0981,-0.2943,9.87867
132166665345,21.9,-0.008517206749732328,-0.039409534510031964,0.0,0.20601000000000003,-0.33354000000000006,9.92772
132171715850,21.9,-0.02769837522915001,-0.00958185759344887,-0.001064650843716541,0.21582,-0.38259000000000004,9.95715
132176766355,21.9,-0.0404741853537485,0.015987215948268057,0.001064650843716541,0.20601000000000003,-0.40221,9.94734
132181816860,21.9,-0.039409534510031964,0.02769837522915001,0.001064650843716541,0.13734000000000002,-0.46107000000000004,9.937529999999999
132186867365,21.9,-0.03515093113516579,0.028763026072866547,0.001064650843716541,0.06867000000000001,-0.52974,9.908100000000001
132191917870,21.9,-0.031956978604016174,0.023439771854283843,0.0,0.02943,-0.5591700000000001,9.94734
132196968375,21.9,-0.024504422698000388,0.01811651763570114,0.001064650843716541,0.0,-0.5886,9.91791
132202018880,21.9,-0.021310470166850764,0.006387905062299246,-0.001064650843716541,-0.04905,-0.60822,9.86886
132207069385,21.9,-0.0170518667919846,-0.005323254218582705,0.0,-0.039240000000000004,-0.6180300000000001,9.79038
132212119890,21.9,-0.008517206749732328,-0.015987215948268057,0.001064650843716541,0.02943,-0.6180300000000001,9.80019
132217170395,21.9,0.001064650843716541,-0.01064650843716541,0.0,0.06867000000000001,-0.57879,9.74133
132222220900,21.9,0.01918116847941768,0.01064650843716541,0.001064650843716541,0.06867000000000001,-0.5493600000000001,9.73152
132227271405,21.9,0.03515093113516579,0.021310470166850764,0.002129301687433082,0.019620000000000002,-0.51993,9.66285
132232321910,21.9,0.031956978604016174,0.01811651763570114,0.0,-0.019620000000000002,-0.44145,9.6138
132237372415,21.9,0.028763026072866547,0.008517206749732328,0.0,-0.05886,-0.42183,9.60399
132242422920,21.9,0.02769837522915001,-0.004258603374866164,0.0,-0.04905,-0.38259000000000004,9.65304
132247473425,21.9,0.02556907354171693,-0.014905111812031574,0.0,-0.02943,-0.34335000000000004,9.67266
132252523930,21.9,0.023439771854283843,-0.021310470166850764,0.0,-0.009810000000000001,-0.34335000000000004,9.751140000000001
132257574435,21.9,0.021310470166850764,-0.031956978604016174,0.0,0.05886,-0.31392000000000003,9.81
132262624940,21.9,0.012775810124598492,-0.028763026072866547,0.0,0.11772,-0.32373,9.85905
132267675445,21.9,-0.001064650843716541,-0.014905111812031574,0.0,0.15696000000000002,-0.32373,9.84924
132272725950,21.9,-0.015987215948268057,0.00958185759344887,0.0,0.12753,-0.36297,9.819809999999999
132277776455,21.9,-0.024504422698000388,0.02663372438543347,0.0,0.08829,-0.38259000000000004,9.82962
132282826960,21.9,-0.02663372438543347,0.023439771854283843,0.0,0.02943,-0.42183,9.89829
132287877465,21.9,-0.02769837522915001,0.013840460968315033,0.0,-0.019620000000000002,-0.47088,9.95715
132292927970,21.9,-0.02769837522915001,0.0,0.0,0.0,-0.51993,9.94734
132297978475,21.9,-0.02556907354171693,-0.008517206749732328,0.0,0.02943,-0.5493600000000001,9.908100000000001
132303028980,21.9,-0.02556907354171693,-0.01064650843716541,0.0,0.06867000000000001,-0.56898,9.86886
132308079485,21.9,-0.024504422698000388,-0.005323254218582705,0.0,0.06867000000000001,-0.5886,9.819809999999999
132313129990,21.9,-0.013840460968315033,-0.003193952531149623,0.0,0.0981,-0.5886,9.78057
132318180495,21.9,-0.003193952531149623,0.001064650843716541,0.0,0.07848000000000001,-0.56898,9.760950000000001
132323231000,21.9,0.007452555906015787,0.020245819323134222,0.0,0.06867000000000001,-0.5493600000000001,9.751140000000001
132328281505,21.9,0.01811651763570114,0.028763026072866547,0.0,0.0,-0.52974,9.74133
132333332010,21.9,0.01811651763570114,0.023439771854283843,0.0,-0.04905,-0.49050000000000005,9.70209
132338382515,21.9,0.014905111812031574,0.006387905062299246,0.0,-0.06867000000000001,-0.45126,9.70209
132343433020,21.9,0.01811651763570114,-0.013840460968315033,0.0,-0.039240000000000004,-0.40221,9.66285
132348483525,21.9,0.024504422698000388,-0.021310470166850764,0.0,0.009810000000000001,-0.38259000000000004,9.64323
132353534030,21.9,0.02982767691658309,-0.022375121010567305,0.0,0.07848000000000001,-0.34335000000000004,9.67266
132358584535,21.9,0.02663372438543347,-0.0170518667919846,0.0,0.0981,-0.33354000000000006,9.81
132363635040,21.9,0.01811651763570114,-0.005323254218582705,0.0,0.07848000000000001,-0.33354000000000006,9.87867
132368685545,21.9,0.007452555906015787,0.00958185759344887,0.0,0.07848000000000001,-0.35316,9.819809999999999
132373736050,21.9,-0.01064650843716541,0.022375121010567305,0.0,0.02943,-0.33354000000000006,9.80019
132378786555,21.9,-0.013840460968315033,0.0170518667919846,0.0,0.0,-0.34335000000000004,9.79038
132383837060,21.9,-0.015987215948268057,0.002129301687433082,0.0,-0.02943,-0.40221,9.819809999999999
132388887565,21.9,-0.015987215948268057,-0.0170518667919846,0.0,0.0,-0.44145,9.908100000000001
132393938070,21.9,-0.01918116847941768,-0.02556907354171693,0.0,0.039240000000000004,-0.48069000000000006,9.96696
132398988575,21.9,-0.020245819323134222,-0.022375121010567305,0.0,0.10791,-0.51993,9.937529999999999
132404039080,21.9,-0.022375121010567305,-0.01064650843716541,0.0,0.17658,-0.52974,9.888480000000001
132409089585,21.9,-0.02663372438543347,0.00958185759344887,0.0,0.14715,-0.5395500000000001,9.84924
132414140090,21.9,-0.01918116847941768,0.022375121010567305,0.0,0.0981,-0.5493600000000001,9.81
132419190595,21.9,-0.006387905062299246,0.023439771854283843,0.0,0.05886,-0.56898,9.74133
132424241100,21.9,0.0,0.023439771854283843,0.0,0.0,-0.56898,9.751140000000001
132429291605,21.9,0.012775810124598492,0.013840460968315033,0.0,0.0,-0.51993,9.7119
132434342110,21.9,0.015987215948268057,0.003193952531149623,0.0,0.0,-0.51993,9.74133
132439392615,21.9,0.0170518667919846,-0.007452555906015787,0.0,-0.019620000000000002,-0.49050000000000005,9.73152
132444443120,21.9,0.012775810124598492,-0.012775810124598492,0.0,0.039240000000000004,-0.46107000000000004,9.70209
132449493625,21.9,0.01918116847941768,-0.00958185759344887,0.0,0.02943,-0.42183,9.69228
132454544130,21.9,0.022375121010567305,-0.003193952531149623,0.0,0.04905,-0.37278,9.66285
132459594635,21.9,0.02556907354171693,0.0,0.0,0.05886,-0.37278,9.7119
132464645140,21.9,0.0170518667919846,0.004258603374866164,0.0,0.019620000000000002,-0.35316,9.760950000000001
132469695645,21.9,0.007452555906015787,0.008517206749732328,0.0,0.009810000000000001,-0.35316,9.78057
132474746150,21.9,0.0,0.007452555906015787,0.0,0.0,-0.38259000000000004,9.79038
132479796655,21.9,-0.011711159280881954,0.0,0.0,-0.019620000000000002,-0.3924,9.83943
132484847160,21.9,-0.013840460968315033,-0.014905111812031574,0.0,-0.009810000000000001,-0.38259000000000004,9.888480000000001
132489897665,21.9,-0.011711159280881954,-0.02769837522915001,0.0,0.02943,-0.41202000000000005,9.91791
132494948170,21.9,-0.011711159280881954,-0.028763026072866547,0.0,0.0981,-0.45126,9.92772
132499998675,21.9,-0.013840460968315033,-0.012775810124598492,0.0,0.13734000000000002,-0.50031,9.89829
132505049180,21.9,-0.01918116847941768,0.001064650843716541,0.0,0.15696000000000002,-0.49050000000000005,9.86886
132510099685,21.9,-0.021310470166850764,0.020245819323134222,0.0,0.11772,-0.51993,9.85905
132515150190,21.9,-0.014905111812031574,0.02982767691658309,0.0,0.04905,-0.5493600000000001,9.819809999999999
132520200695,21.9,-0.012775810124598492,0.02663372438543347,0.0,0.0,-0.5591700000000001,9.819809999999999
132525251200,21.9,-0.002129301687433082,0.013840460968315033,0.0,-0.02943,-0.52974,9.760950000000001
132530301705,21.9,0.011711159280881954,-0.004258603374866164,0.0,-0.039240000000000004,-0.49050000000000005,9.770760000000001
132535352210,21.9,0.014905111812031574,-0.015987215948268057,0.0,-0.009810000000000001,-0.50031,9.73152
132540402715,21.9,0.014905111812031574,-0.014905111812031574,0.0,0.02943,-0.50031,9.67266
132545453220,21.9,0.012775810124598492,-0.003193952531149623,0.0,0.07848000000000001,-0.47088,9.67266
132550503725,21.9,0.012775810124598492,0.006387905062299246,0.0,0.06867000000000001,-0.42183,9.67266
132555554230,21.9,0.01811651763570114,0.015987215948268057,0.0,0.02943,-0.41202000000000005,9.70209
132560604735,21.9,0.015987215948268057,0.014905111812031574,0.0,0.0,-0.40221,9.751140000000001
132565655240,21.9,0.013840460968315033,0.00958185759344887,0.0,-0.02943,-0.37278,9.80019
132570705745,21.9,0.012775810124598492,0.0,0.0,-0.019620000000000002,-0.36297,9.78057
132575756250,21.9,0.004258603374866164,-0.01064650843716541,0.0,0.0,-0.35316,9.79038
132580806755,21.9,-0.001064650843716541,-0.01811651763570114,0.0,0.0,-0.38259000000000004,9.78057
132585857260,21.9,-0.007452555906015787,-0.023439771854283843,0.0,0.08829,-0.40221,9.82962
132590907765,21.9,-0.011711159280881954,-0.021310470166850764,0.0,0.10791,-0.42183,9.86886
132595958270,21.9,-0.012775810124598492,-0.003193952531149623,0.0,0.13734000000000002,-0.45126,9.92772
132601008775,21.9,-0.012775810124598492,0.006387905062299246,0.0,0.12753,-0.47088,9.94734
132606059280,21.9,-0.0170518667919846,0.014905111812031574,0.0,0.06867000000000001,-0.51993,9.87867
132611109785,21.9,-0.01811651763570114,0.014905111812031574,0.0,0.039240000000000004,-0.51993,9.84924
132616160290,21.9,-0.013840460968315033,0.013840460968315033,0.0,0.02943,-0.52974,9.83943
132621210795,21.9,-0.007452555906015787,0.00958185759344887,0.0,0.0,-0.51012,9.82962
132626261300,21.9,-0.004258603374866164,0.0,0.0,-0.019620000000000002,-0.59841,9.82962
132631311805,21.9,0.0,0.008517206749732328,0.0,0.04905,-0.52974,9.819809999999999
132636362310,21.9,-0.002129301687433082,0.02769837522915001,-0.006387905062299246,-0.06867000000000001,-0.40221,9.87867
132641412815,21.9,0.006387905062299246,0.0756251164889143,-0.001064650843716541,-0.23544,-0.45126,9.92772
132646463320,21.9,0.011711159280881954,0.07456046564519776,0.0,-0.36297,-0.45126,9.89829
132651513825,21.9,0.007452555906015787,0.031956978604016174,0.002129301687433082,-0.47088,-0.43164,9.86886
132656564330,21.9,0.011711159280881954,-0.008517206749732328,0.0,-0.37278,-0.49050000000000005,9.81
132661614835,21.9,0.01918116847941768,-0.060720004676882725,0.002129301687433082,-0.26487,-0.42183,9.7119
132666665340,21.9,0.013840460968315033,-0.10332349171806432,0.0,-0.11772,-0.45126,9.760950000000001
132671715845,21.9,0.03515093113516579,-0.150203035426632,0.0,0.15696000000000002,-0.48069000000000006,9.770760000000001
132676766350,21.9,0.021310470166850764,-0.14487978120804929,-0.003193952531149623,0.47088,-0.42183,9.7119
132681816855,21.9,0.024504422698000388,-0.11824605682261582,-0.001064650843716541,0.64746,-0.42183,9.770760000000001
132686867360,21.9,0.02769837522915001,-0.06178465552059926,0.001064650843716541,0.89271,-0.41202000000000005,9.73152
132691917865,21.9,0.013840460968315033,0.007452555906015787,0.002129301687433082,0.9221400000000001,-0.35316,9.67266
132696968370,21.9,0.007452555906015787,0.06923721142661506,0.0,0.7651800000000001,-0.31392000000000003,9.6138
132702018875,21.9,0.004258603374866164,0.11931070766633237,0.0,0.48069000000000006,-0.32373,9.59418
132707069380,21.9,0.00958185759344887,0.1352804703220805,-0.002129301687433082,0.1962,-0.28449,9.623610000000001
132712119885,21.9,-0.001064650843716541,0.1352804703220805,-0.003193952531149623,-0.04905,-0.40221,9.65304
132717170390,21.9,-0.00958185759344887,0.11505210429146619,0.0,-0.35316,-0.36297,9.86886
132722220895,21.9,-0.015987215948268057,0.07990117315630041,0.0,-0.51993,-0.37278,9.85905
132727271400,21.9,-0.02769837522915001,0.03728023282259888,0.0,-0.60822,-0.40221,9.84924
132732321905,21.9,-0.02663372438543347,-0.013840460968315033,0.003193952531149623,-0.59841,-0.43164,9.770760000000001
132737372410,21.9,-0.03621558197888234,-0.054332099614583476,0.0,-0.50031,-0.51993,9.81
132742422915,21.9,-0.028763026072866547,-0.07349581480148122,-0.002129301687433082,-0.36297,-0.51993,9.819809999999999
132747473420,21.9,-0.01918116847941768,-0.07777187146886733,0.001064650843716541,-0.17658,-0.5591700000000001,9.86886
132752523925,21.9,-0.013840460968315033,-0.07243116395776468,-0.001064650843716541,-0.05886,-0.5886,9.95715
132757574430,21.9,-0.01064650843716541,-0.05646140130201656,-0.001064650843716541,0.13734000000000002,-0.60822,9.96696
132762624935,21.9,-0.015987215948268057,-0.024504422698000388,-0.001064650843716541,0.18639,-0.57879,10.045440000000001
132767675440,21.9,-0.002129301687433082,-0.0,-0.001064650843716541,0.20601000000000003,-0.6180300000000001,9.94734
132772725945,21.9,0.005323254218582705,0.0170518667919846,-0.002129301687433082,0.13734000000000002,-0.56898,9.87867
132777776450,21.9,0.021310470166850764,0.011711159280881954,0.002129301687433082,0.13734000000000002,-0.5591700000000001,9.82962
132782826955,21.9,0.02982767691658309,0.001064650843716541,-0.002129301687433082,0.12753,-0.50031,9.81
132787877460,21.9,0.03834488366631542,-0.00958185759344887,-0.001064650843716541,0.13734000000000002,-0.42183,9.79038
132792927965,21.9,0.039409534510031964,-0.01811651763570114,-0.003193952531149623,0.16677000000000003,-0.46107000000000004,9.84924
132797978470,21.9,0.03089232776029963,-0.00958185759344887,0.0,0.18639,-0.40221,9.908100000000001
132803028975,21.9,0.03089232776029963,0.002129301687433082,0.001064650843716541,0.18639,-0.36297,9.819809999999999
132808079480,21.9,0.02663372438543347,-0.003193952531149623,0.0,0.17658,-0.34335000000000004,9.770760000000001
132813129985,21.9,0.024504422698000388,-0.001064650843716541,0.0,0.18639,-0.33354000000000006,9.68247
132818180490,21.9,0.02663372438543347,0.008517206749732328,0.0,0.20601000000000003,-0.2943,9.633420000000001
132823230995,21.9,0.01811651763570114,0.020245819323134222,0.0,0.17658,-0.2943,9.65304
132828281500,21.9,0.00958185759344887,0.03089232776029963,0.001064650843716541,0.08829,-0.30411,9.65304
132833332005,21.9,-0.003193952531149623,0.03408628029144926,0.0,0.0,-0.34335000000000004,9.70209
132838382510,21.9,-0.014905111812031574,0.031956978604016174,0.001064650843716541,-0.08829,-0.40221,9.80019
132843433015,21.9,-0.0170518667919846,0.02982767691658309,0.0,-0.14715,-0.3924,9.81
132848483520,21.9,-0.0170518667919846,0.020245819323134222,-0.001064650843716541,-0.16677000000000003,-0.41202000000000005,9.74133
132853534025,21.9,-0.01918116847941768,0.013840460968315033,-0.001064650843716541,-0.20601000000000003,-0.45126,9.73152
132858584530,21.9,-0.013840460968315033,-0.005323254218582705,0.0,-0.16677000000000003,-0.49050000000000005,9.70209
132863635035,21.9,-0.011711159280881954,-0.012775810124598492,0.0,-0.13734000000000002,-0.49050000000000005,9.751140000000001
132868685540,21.9,-0.014905111812031574,-0.0170518667919846,-0.002129301687433082,-0.10791,-0.5493600000000001,9.74133
132873736045,21.9,-0.014905111812031574,-0.021310470166850764,0.0,-0.05886,-0.5395500000000001,9.81
132878786550,21.9,-0.005323254218582705,-0.02769837522915001,0.0,-0.02943,-0.52974,9.84924
132883837055,21.9,-0.003193952531149623,-0.02663372438543347,-0.002129301687433082,0.039240000000000004,-0.5591700000000001,9.85905
132888887560,21.9,0.00958185759344887,-0.02663372438543347,-0.001064650843716541,0.10791,-0.52974,9.937529999999999
132893938065,21.9,0.014905111812031574,-0.02769837522915001,0.0,0.14715,-0.51993,9.78057
132898988570,21.9,0.021310470166850764,-0.015987215948268057,-0.001064650843716541,0.1962,-0.48069000000000006,9.74133
132904039075,21.9,0.022375121010567305,0.003193952531149623,-0.002129301687433082,0.21582,-0.49050000000000005,9.760950000000001
132909089580,21.9,0.01918116847941768,0.0170518667919846,0.001064650843716541,0.17658,-0.44145,9.79038
132914140085,21.9,0.021310470166850764,0.021310470166850764,0.0,0.12753,-0.41202000000000005,9.80019
132919190590,21.9,0.013840460968315033,0.0170518667919846,-0.001064650843716541,0.07848000000000001,-0.41202000000000005,9.86886
132924241095,21.9,0.015987215948268057,0.014905111812031574,-0.001064650843716541,0.02943,-0.38259000000000004,9.86886
132929291600,21.9,0.012775810124598492,0.001064650843716541,-0.002129301687433082,0.0,-0.3924,9.819809999999999
132934342105,21.9,0.012775810124598492,-0.008517206749732328,0.001064650843716541,0.04905,-0.35316,9.79038
132939392610,21.9,0.006387905062299246,-0.01811651763570114,-0.001064650843716541,0.06867000000000001,-0.38259000000000004,9.751140000000001
132944443115,21.9,-0.002129301687433082,-0.0170518667919846,-0.001064650843716541,0.08829,-0.40221,9.80019
132949493620,21.9,0.002129301687433082,-0.005323254218582705,-0.001064650843716541,0.13734000000000002,-0.40221,9.770760000000001
132954544125,21.9,-0.003193952531149623,0.01064650843716541,-0.001064650843716541,0.14715,-0.41202000000000005,9.80019
132959594630,21.9,-0.008517206749732328,0.01811651763570114,-0.001064650843716541,0.06867000000000001,-0.44145,9.87867
132964645135,21.9,-0.01064650843716541,0.023439771854283843,0.0,0.009810000000000001,-0.44145,9.86886
132969695640,21.9,-0.011711159280881954,0.033021629447732716,-0.002129301687433082,-0.02943,-0.47088,9.87867
132974746145,21.9,-0.004258603374866164,0.04153883619746504,0.0,-0.13734000000000002,-0.47088,9.83943
132979796650,21.9,-0.005323254218582705,0.03621558197888234,0.0,-0.1962,-0.49050000000000005,9.819809999999999
132984847155,21.9,-0.003193952531149623,0.024504422698000388,0.0,-0.24525000000000002,-0.49050000000000005,9.85905
132989897660,21.9,-0.003193952531149623,0.012775810124598492,0.001064650843716541,-0.27468000000000004,-0.51993,9.888480000000001
132994948165,21.9,-0.002129301687433082,-0.01064650843716541,-0.002129301687433082,-0.25506,-0.5395500000000001,9.908100000000001
132999998670,21.9,0.004258603374866164,-0.03834488366631542,0.0,-0.20601000000000003,-0.51993,9.86886
133005049175,21.9,0.007452555906015787,-0.06391395720803235,0.0,-0.05886,-0.51012,9.82962
133010099680,21.9,0.011711159280881954,-0.07883652231258387,-0.002129301687433082,0.0981,-0.48069000000000006,9.82962
133015150185,21.9,0.024504422698000388,-0.08309512568745003,0.0,0.2943,-0.48069000000000006,9.80019
133020200690,21.9,0.031956978604016174,-0.07670722062515077,0.002129301687433082,0.44145,-0.46107000000000004,9.7119
133025251195,21.9,0.028763026072866547,-0.04366813788489812,0.0,0.5591700000000001,-0.45126,9.72171
133030301700,21.9,0.02982767691658309,-0.005323254218582705,0.0,0.57879,-0.38259000000000004,9.72171
133035352205,21.9,0.02769837522915001,0.0404741853537485,0.0,0.50031,-0.36297,9.68247
133040402710,21.9,0.024504422698000388,0.0756251164889143,-0.001064650843716541,0.32373,-0.36297,9.67266
133045453215,21.9,0.01918116847941768,0.09800023749948161,-0.002129301687433082,0.14715,-0.31392000000000003,9.68247
133050503720,21.9,0.012775810124598492,0.10332349171806432,0.0,-0.039240000000000004,-0.31392000000000003,9.70209
133055554225,21.9,0.011711159280881954,0.09054768159346581,-0.001064650843716541,-0.25506,-0.32373,9.7119
133060604730,21.9,0.006387905062299246,0.07349581480148122,0.001064650843716541,-0.40221,-0.32373,9.72171
133065655235,21.9,-0.002129301687433082,0.03834488366631542,-0.001064650843716541,-0.50031,-0.35316,9.81
133070705740,21.9,-0.013840460968315033,-0.003193952531149623,0.0,-0.51993,-0.36297,9.82962
133075756245,21.9,-0.014905111812031574,-0.04260348704118158,0.002129301687433082,-0.49050000000000005,-0.3924,9.85905
133080806750,21.9,-0.020245819323134222,-0.07243116395776468,-0.001064650843716541,-0.2943,-0.45126,9.86886
133085857255,21.9,-0.01918116847941768,-0.09693558665576507,0.001064650843716541,-0.0981,-0.48069000000000006,9.85905
133090907760,21.9,-0.014905111812031574,-0.09587093581204853,0.0,0.11772,-0.51993,9.888480000000001
133095958265,21.9,-0.011711159280881954,-0.07990117315630041,0.0,0.2943,-0.56898,9.89829
133101008770,21.9,-0.01064650843716541,-0.049008845396000776,-0.003193952531149623,0.41202000000000005,-0.5493600000000001,9.937529999999999
133106059275,21.9,-0.003193952531149623,-0.01918116847941768,0.0,0.46107000000000004,-0.5591700000000001,9.92772
133111109780,21.9,0.0,0.00958185759344887,0.0,0.42183,-0.56898,9.92772
133116160285,21.9,0.006387905062299246,0.03515093113516579,0.0,0.38259000000000004,-0.56898,9.87867
133121210790,21.9,0.01918116847941768,0.046879543708567686,0.0,0.27468000000000004,-0.51012,9.87867
133126261295,21.9,0.02769837522915001,0.05220279792715039,0.0,0.17658,-0.50031,9.819809999999999
133131311800,21.9,0.03408628029144926,0.05113814708343386,0.0,0.04905,-0.48069000000000006,9.79038
133136362305,21.9,0.03515093113516579,0.046879543708567686,-0.001064650843716541,-0.009810000000000001,-0.42183,9.770760000000001
133141412810,21.9,0.03621558197888234,0.0404741853537485,0.0,-0.10791,-0.3924,9.70209
133146463315,21.9,0.03621558197888234,0.033021629447732716,0.0,-0.1962,-0.35316,9.623610000000001
133151513820,21.9,0.02556907354171693,0.02663372438543347,0.0,-0.23544,-0.34335000000000004,9.64323
133156564325,21.9,0.02769837522915001,0.013840460968315033,0.0,-0.26487,-0.2943,9.60399
133161614830,21.9,0.021310470166850764,-0.003193952531149623,0.0,-0.27468000000000004,-0.2943,9.633420000000001
133166665335,21.9,0.015987215948268057,-0.024504422698000388,0.0,-0.21582,-0.30411,9.633420000000001
133171715840,21.9,0.007452555906015787,-0.04366813788489812,0.0,-0.14715,-0.2943,9.72171
133176766345,21.9,0.0,-0.05965535383316618,0.0,-0.019620000000000002,-0.34335000000000004,9.78057
133181816850,21.9,-0.006387905062299246,-0.06284930636431581,0.0,0.07848000000000001,-0.34335000000000004,9.81
133186867355,21.9,-0.012775810124598492,-0.05220279792715039,0.0,0.21582,-0.41202000000000005,9.86886
133191917860,21.9,-0.012775810124598492,-0.04260348704118158,0.0,0.2943,-0.43164,9.92772
133196968365,21.9,-0.01811651763570114,-0.0170518667919846,0.0,0.34335000000000004,-0.47088,9.908100000000001
133202018870,21.9,-0.015987215948268057,0.008517206749732328,0.0,0.37278,-0.47088,9.91791
133207069375,21.9,-0.012775810124598492,0.03089232776029963,0.0,0.28449,-0.51993,9.92772
133212119880,21.9,-0.014905111812031574,0.04794419455228423,0.0,0.18639,-0.52974,9.87867
133217170385,21.9,-0.007452555906015787,0.05326744877086694,0.0,0.05886,-0.5493600000000001,9.86886
133222220890,21.9,0.0,0.05326744877086694,0.0,-0.039240000000000004,-0.51993,9.85905
133227271395,21.9,0.006387905062299246,0.03621558197888234,0.0,-0.11772,-0.51993,9.84924
133232321900,21.9,0.014905111812031574,0.013840460968315033,0.0,-0.16677000000000003,-0.49050000000000005,9.81
133237372405,21.9,0.022375121010567305,-0.001064650843716541,0.0,-0.16677000000000003,-0.49050000000000005,9.760950000000001
133242422910,21.9,0.02769837522915001,-0.01064650843716541,0.0,-0.11772,-0.45126,9.74133
133247473415,21.9,0.03089232776029963,-0.01811651763570114,0.0,-0.08829,-0.41202000000000005,9.69228
133252523920,21.9,0.03408628029144926,-0.020245819323134222,0.0,-0.019620000000000002,-0.3924,9.66285
133257574425,21.9,0.03515093113516579,-0.01811651763570114,0.0,0.0,-0.36297,9.7119
133262624930,21.9,0.02556907354171693,-0.01811651763570114,0.0,0.02943,-0.35316,9.73152
133267675435,21.9,0.02556907354171693,-0.014905111812031574,0.0,0.04905,-0.34335000000000004,9.770760000000001
133272725940,21.9,0.021310470166850764,-0.0170518667919846,0.0,0.07848000000000001,-0.33354000000000006,9.82962
133277776445,21.9,0.01918116847941768,-0.021310470166850764,0.0,0.10791,-0.31392000000000003,9.87867
133282826950,21.9,0.01064650843716541,-0.01811651763570114,0.0,0.15696000000000002,-0.31392000000000003,9.87867
133287877455,21.9,0.003193952531149623,-0.012775810124598492,0.0,0.16677000000000003,-0.38259000000000004,9.89829
133292927960,21.9,-0.005323254218582705,0.001064650843716541,0.0,0.1962,-0.3924,9.888480000000001
133297978465,21.9,-0.007452555906015787,0.012775810124598492,0.0,0.18639,-0.43164,9.86886
133303028970,21.9,-0.007452555906015787,0.02769837522915001,0.0,0.13734000000000002,-0.43164,9.80019
133308079475,21.9,-0.005323254218582705,0.03728023282259888,0.0,0.04905,-0.47088,9.80019
133313129980,21.9,-0.008517206749732328,0.03621558197888234,0.0,-0.019620000000000002,-0.47088,9.760950000000001
133318180485,21.9,-0.005323254218582705,0.02982767691658309,0.0,-0.07848000000000001,-0.47088,9.751140000000001
133323230990,21.9,0.003193952531149623,0.022375121010567305,0.0,-0.14715,-0.47088,9.73152
133328281495,21.9,0.01064650843716541,0.005323254218582705,0.0,-0.16677000000000003,-0.48069000000000006,9.7119
133333332000,21.9,0.011711159280881954,-0.00958185759344887,0.0,-0.12753,-0.46107000000000004,9.74133
133338382505,21.9,0.014905111812031574,-0.022375121010567305,0.0,-0.08829,-0.45126,9.760950000000001
133343433010,21.9,0.0170518667919846,-0.028763026072866547,0.0,-0.009810000000000001,-0.43164,9.819809999999999
133348483515,21.9,0.023439771854283843,-0.024504422698000388,0.0,0.019620000000000002,-0.42183,9.83943
133353534020,21.9,0.022375121010567305,-0.02556907354171693,0.0,0.05886,-0.41202000000000005,9.85905
133358584525,21.9,0.0170518667919846,-0.01918116847941768,0.0,0.10791,-0.40221,9.89829
133363635030,21.9,0.0170518667919846,-0.014905111812031574,0.0,0.12753,-0.3924,9.89829
133368685535,21.9,0.012775810124598492,-0.005323254218582705,0.0,0.15696000000000002,-0.40221,9.92772
133373736040,21.9,0.013840460968315033,0.0,0.0,0.17658,-0.40221,9.87867
133378786545,21.9,0.00958185759344887,0.005323254218582705,0.0,0.14715,-0.41202000000000005,9.888480000000001
133383837050,21.9,0.00958185759344887,0.011711159280881954,0.0,0.12753,-0.40221,9.82962
133388887555,21.9,0.01064650843716541,0.020245819323134222,0.0,0.10791,-0.40221,9.78057
133393938060,21.9,0.011711159280881954,0.031956978604016174,0.0,0.019620000000000002,-0.41202000000000005,9.79038
133398988565,21.9,0.00958185759344887,0.03515093113516579,0.0,-0.04905,-0.38259000000000004,9.74133
133404039070,21.9,0.008517206749732328,0.03408628029144926,0.0,-0.08829,-0.3924,9.73152
133409089575,21.9,0.008517206749732328,0.021310470166850764,0.0,-0.17658,-0.3924,9.70209
133414140080,21.9,0.01064650843716541,0.0,0.0,-0.16677000000000003,-0.3924,9.73152
133419190585,21.9,0.01064650843716541,-0.0170518667919846,0.0,-0.10791,-0.41202000000000005,9.78057
133424241090,21.9,0.011711159280881954,-0.031956978604016174,0.0,-0.05886,-0.41202000000000005,9.83943
133429291595,21.9,0.011711159280881954,-0.033021629447732716,0.0,-0.019620000000000002,-0.40221,9.86886
133434342100,21.9,0.014905111812031574,-0.033021629447732716,0.0,0.06867000000000001,-0.42183,9.86886
133439392605,21.9,0.006387905062299246,-0.02663372438543347,0.0,0.11772,-0.43164,9.80019
133444443110,21.9,0.008517206749732328,-0.020245819323134222,0.0,0.17658,-0.42183,9.760950000000001
133449493615,21.9,0.01064650843716541,-0.008517206749732328,0.0,0.24525000000000002,-0.42183,9.69228
133454544120,21.9,0.013840460968315033,0.002129301687433082,0.0,0.23544,-0.40221,9.69228
133459594625,21.9,0.021310470166850764,0.012775810124598492,0.0,0.1962,-0.3924,9.7119
133464645130,21.9,0.01918116847941768,0.01811651763570114,0.0,0.16677000000000003,-0.36297,9.760950000000001
133469695635,21.9,0.01811651763570114,0.023439771854283843,0.0,0.13734000000000002,-0.3924,9.79038
133474746140,21.9,0.01811651763570114,0.031956978604016174,0.0,0.039240000000000004,-0.34335000000000004,9.80019
133479796645,21.9,0.012775810124598492,0.03621558197888234,0.0,-0.02943,-0.35316,9.81
133484847150,21.9,0.013840460968315033,0.031956978604016174,0.0,-0.08829,-0.36297,9.80019
133489897655,21.9,0.008517206749732328,0.012775810124598492,0.0,-0.13734000000000002,-0.35316,9.81
133494948160,21.9,0.004258603374866164,-0.004258603374866164,0.0,-0.12753,-0.38259000000000004,9.82962
133499998665,21.9,0.004258603374866164,-0.022375121010567305,0.0,-0.0981,-0.38259000000000004,9.908100000000001
133505049170,21.9,0.003193952531149623,-0.031956978604016174,0.0,-0.019620000000000002,-0.41202000000000005,9.94734
133510099675,21.9,0.003193952531149623,-0.02982767691658309,0.0,0.019620000000000002,-0.43164,9.96696
133515150180,21.9,0.002129301687433082,-0.01811651763570114,0.0,0.07848000000000001,-0.44145,9.908100000000001
133520200685,21.9,0.003193952531149623,-0.005323254218582705,0.0,0.08829,-0.46107000000000004,9.83943
133525251190,21.9,0.006387905062299246,0.0,0.0,0.12753,-0.44145,9.751140000000001
133530301695,21.9,0.00958185759344887,0.001064650843716541,0.0,0.10791,-0.45126,9.7119
133535352200,21.9,0.01811651763570114,-0.002129301687433082,0.0,0.11772,-0.41202000000000005,9.74133
133540402705,21.9,0.0170518667919846,-0.002129301687433082,0.0,0.11772,-0.42183,9.81
133545453210,21.9,0.020245819323134222,-0.002129301687433082,0.0,0.10791,-0.42183,9.89829
133550503715,21.9,0.022375121010567305,0.004258603374866164,0.0,0.0981,-0.41202000000000005,10.006200000000002
133555554220,21.9,0.024504422698000388,0.011711159280881954,0.0,0.05886,-0.40221,9.98658
133560604725,21.9,0.020245819323134222,0.01918116847941768,0.0,0.039240000000000004,-0.3924,9.87867
133565655230,21.9,0.01811651763570114,0.022375121010567305,0.0,-0.009810000000000001,-0.3924,9.74133
133570705735,21.9,0.020245819323134222,0.01811651763570114,0.0,-0.009810000000000001,-0.35316,9.6138
133575756240,21.9,0.02556907354171693,0.006387905062299246,0.0,-0.019620000000000002,-0.35316,9.55494
133580806745,21.9,0.02556907354171693,-0.002129301687433082,0.0,-0.039240000000000004,-0.33354000000000006,9.633420000000001
133585857250,21.9,0.03089232776029963,-0.006387905062299246,0.0,-0.02943,-0.32373,9.81
133590907755,21.9,0.024504422698000388,-0.003193952531149623,0.0,-0.02943,-0.32373,9.86886
133595958260,21.9,0.01811651763570114,0.0,0.0,-0.02943,-0.33354000000000006,9.89829
133601008765,21.9,0.007452555906015787,0.002129301687433082,0.0,-0.05886,-0.35316,9.82962
133606059270,21.9,0.005323254218582705,-0.005323254218582705,0.0,-0.019620000000000002,-0.32373,9.760950000000001
133611109775,21.9,0.002129301687433082,-0.01064650843716541,0.0,0.009810000000000001,-0.33354000000000006,9.70209
133616160280,21.9,0.004258603374866164,-0.015987215948268057,0.0,0.04905,-0.3924,9.67266
133621210785,21.9,0.00958185759344887,-0.022375121010567305,0.0,0.06867000000000001,-0.38259000000000004,9.751140000000001
133626261290,21.9,0.01064650843716541,-0.011711159280881954,0.0,0.0981,-0.40221,9.82962
133631311795,21.9,0.005323254218582705,-0.003193952531149623,0.0,0.12753,-0.3924,9.89829
133636362300,21.9,0.008517206749732328,0.002129301687433082,0.0,0.10791,-0.40221,9.87867
133641412805,21.9,0.005323254218582705,0.014905111812031574,0.0,0.07848000000000001,-0.3924,9.82962
133646463310,21.9,0.005323254218582705,0.012775810124598492,0.0,0.06867000000000001,-0.41202000000000005,9.751140000000001
133651513815,21.9,0.013840460968315033,0.011711159280881954,0.0,0.039240000000000004,-0.41202000000000005,9.74133
133656564320,21.9,0.015987215948268057,0.01064650843716541,0.0,0.0,-0.40221,9.81
133661614825,21.9,0.013840460968315033,0.005323254218582705,0.0,-0.009810000000000001,-0.38259000000000004,9.84924
133666665330,21.9,0.014905111812031574,0.0,0.0,-0.019620000000000002,-0.42183,9.937529999999999
133671715835,21.9,0.014905111812031574,0.001064650843716541,0.0,-0.02943,-0.41202000000000005,9.937529999999999
133676766340,21.9,0.014905111812031574,0.001064650843716541,0.0,-0.019620000000000002,-0.3924,9.89829
133681816845,21.9,0.023439771854283843,-0.001064650843716541,0.0,0.0,-0.35316,9.760950000000001
133686867350,21.9,0.02769837522915001,-0.003193952531149623,0.0,0.0,-0.36297,9.65304
133691917855,21.9,0.02769837522915001,-0.006387905062299246,0.0,0.039240000000000004,-0.33354000000000006,9.60399
133696968360,21.9,0.02769837522915001,-0.00958185759344887,0.0,0.06867000000000001,-0.31392000000000003,9.69228
133702018865,21.9,0.01918116847941768,-0.012775810124598492,0.0,0.0981,-0.30411,9.81
133707069370,21.9,0.0170518667919846,-0.012775810124598492,0.0,0.08829,-0.32373,9.96696
133712119875,21.9,0.00958185759344887,-0.008517206749732328,0.0,0.10791,-0.34335000000000004,10.006200000000002
133717170380,21.9,0.011711159280881954,-0.006387905062299246,0.0,0.11772,-0.35316,9.97677
133722220885,21.9,0.013840460968315033,-0.003193952531149623,0.0,0.13734000000000002,-0.36297,9.84924
133727271390,21.9,0.013840460968315033,0.005323254218582705,0.0,0.15696000000000002,-0.35316,9.72171
133732321895,21.9,0.0170518667919846,0.01064650843716541,0.0,0.13734000000000002,-0.34335000000000004,9.633420000000001
133737372400,21.9,0.015987215948268057,0.01918116847941768,0.0,0.10791,-0.33354000000000006,9.64323
133742422905,21.9,0.014905111812031574,0.024504422698000388,0.0,0.04905,-0.34335000000000004,9.751140000000001
133747473410,21.9,0.008517206749732328,0.024504422698000388,0.0,-0.009810000000000001,-0.36297,9.87867
133752523915,21.9,0.004258603374866164,0.012775810124598492,0.0,-0.08829,-0.36297,9.96696
133757574420,21.9,0.005323254218582705,0.0,0.0,-0.08829,-0.3924,9.937529999999999
133762624925,21.9,0.00958185759344887,-0.002129301687433082,0.0,-0.04905,-0.40221,9.85905
133767675430,21.9,0.014905111812031574,-0.002129301687433082,0.0,-0.02943,-0.38259000000000004,9.73152
133772725935,21.9,0.020245819323134222,0.0,0.0,0.0,-0.37278,9.633420000000001
133777776440,21.9,0.023439771854283843,-0.002129301687433082,0.0,0.0,-0.36297,9.60399
133782826945,21.9,0.01811651763570114,-0.005323254218582705,0.0,0.0,-0.32373,9.623610000000001
133787877450,21.9,0.01918116847941768,-0.00958185759344887,0.0,0.009810000000000001,-0.34335000000000004,9.73152
133792927955,21.9,0.01918116847941768,-0.014905111812031574,0.0,0.019620000000000002,-0.36297,9.87867
133797978460,21.9,0.020245819323134222,-0.013840460968315033,0.0,0.039240000000000004,-0.33354000000000006,9.97677
133803028965,21.9,0.01918116847941768,-0.013840460968315033,0.0,0.08829,-0.33354000000000006,9.98658
133808079470,21.9,0.0170518667919846,-0.002129301687433082,0.0,0.11772,-0.32373,9.87867
133813129975,21.9,0.0170518667919846,0.002129301687433082,0.0,0.08829,-0.32373,9.79038
133818180480,21.9,0.011711159280881954,0.012775810124598492,0.0,0.06867000000000001,-0.33354000000000006,9.70209
133823230985,21.9,0.012775810124598492,0.015987215948268057,0.0,0.04905,-0.32373,9.73152
133828281490,21.9,0.01064650843716541,0.01811651763570114,0.0,-0.009810000000000001,-0.33354000000000006,9.81
133833331995,21.9,0.014905111812031574,0.015987215948268057,0.0,-0.039240000000000004,-0.37278,9.96696
133838382500,21.9,0.0170518667919846,0.00958185759344887,0.0,-0.08829,-0.37278,10.01601
133843433005,21.9,0.01064650843716541,0.001064650843716541,0.0,-0.06867000000000001,-0.38259000000000004,10.01601
133848483510,21.9,0.006387905062299246,-0.006387905062299246,0.0,-0.05886,-0.37278,9.888480000000001
133853534015,21.9,0.008517206749732328,-0.008517206749732328,0.0,-0.039240000000000004,-0.41202000000000005,9.80019
133858584520,21.9,0.012775810124598492,-0.012775810124598492,0.0,0.0,-0.37278,9.70209
133863635025,21.9,0.021310470166850764,-0.00958185759344887,0.0,0.04905,-0.3924,9.67266
133868685530,21.9,0.02663372438543347,-0.012775810124598492,0.0,0.039240000000000004,-0.35316,9.72171
133873736035,21.9,0.02982767691658309,-0.012775810124598492,0.0,0.06867000000000001,-0.34335000000000004,9.80019
133878786540,21.9,0.03089232776029963,-0.012775810124598492,0.0,0.06867000000000001,-0.35316,9.85905
133883837045,21.9,0.02982767691658309,-0.011711159280881954,0.0,0.10791,-0.33354000000000006,9.80019
133888887550,21.9,0.03089232776029963,-0.005323254218582705,0.0,0.14715,-0.31392000000000003,9.770760000000001
133893938055,21.9,0.024504422698000388,0.006387905062299246,0.0,0.14715,-0.28449,9.760950000000001
133898988560,21.9,0.02663372438543347,0.0170518667919846,0.0,0.11772,-0.28449,9.70209
133904039065,21.9,0.024504422698000388,0.0170518667919846,0.0,0.05886,-0.27468000000000004,9.67266
133909089570,21.9,0.024504422698000388,0.012775810124598492,0.0,0.02943,-0.27468000000000004,9.7119
133914140075,21.9,0.023439771854283843,0.007452555906015787,0.0,0.009810000000000001,-0.27468000000000004,9.760950000000001
133919190580,21.9,0.020245819323134222,0.0,0.0,-0.039240000000000004,-0.25506,9.81
133924241085,21.9,0.014905111812031574,-0.002129301687433082,0.0,0.0,-0.2943,9.83943
133929291590,21.9,0.006387905062299246,-0.008517206749732328,0.0,0.0,-0.33354000000000006,9.85905
133934342095,21.9,0.001064650843716541,-0.01064650843716541,0.0,0.039240000000000004,-0.33354000000000006,9.819809999999999
133939392600,21.9,0.007452555906015787,-0.00958185759344887,0.0,0.04905,-0.31392000000000003,9.74133
133944443105,21.9,0.006387905062299246,-0.005323254218582705,0.0,0.06867000000000001,-0.31392000000000003,9.69228
133949493610,21.9,0.012775810124598492,-0.005323254218582705,0.0,0.07848000000000001,-0.32373,9.73152
133954544115,21.9,0.011711159280881954,-0.004258603374866164,0.0,0.08829,-0.36297,9.770760000000001
133959594620,21.9,0.013840460968315033,0.0,0.0,0.0981,-0.35316,9.83943
133964645125,21.9,0.014905111812031574,0.002129301687433082,0.0,0.07848000000000001,-0.34335000000000004,9.888480000000001
133969695630,21.9,0.014905111812031574,0.005323254218582705,0.0,0.06867000000000001,-0.36297,9.86886
133974746135,21.9,0.011711159280881954,0.015987215948268057,0.0,0.04905,-0.38259000000000004,9.86886
133979796640,21.9,0.013840460968315033,0.020245819323134222,0.0,0.02943,-0.37278,9.84924
133984847145,21.9,0.014905111812031574,0.01918116847941768,0.0,-0.04905,-0.34335000000000004,9.81
133989897650,21.9,0.022375121010567305,0.00958185759344887,0.0,-0.04905,-0.34335000000000004,9.79038
133994948155,21.9,0.022375121010567305,0.0,0.0,-0.04905,-0.32373,9.80019
133999998660,21.9,0.02556907354171693,-0.003193952531149623,0.0,-0.02943,-0.32373,9.83943
134005049165,21.9,0.02769837522915001,-0.006387905062299246,0.0,-0.04905,-0.31392000000000003,9.87867
134010099670,21.9,0.020245819323134222,-0.004258603374866164,0.0,-0.019620000000000002,-0.31392000000000003,9.86886
134015150175,21.9,0.022375121010567305,-0.005323254218582705,0.0,0.0,-0.31392000000000003,9.84924
134020200680,21.9,0.0170518667919846,-0.01064650843716541,0.0,0.009810000000000001,-0.32373,9.80019
134025251185,21.9,0.01918116847941768,-0.012775810124598492,0.0,0.06867000000000001,-0.28449,9.72171
134030301690,21.9,0.022375121010567305,-0.00958185759344887,0.0,0.08829,-0.2943,9.70209
134035352195,21.9,0.02769837522915001,-0.006387905062299246,0.0,0.11772,-0.25506,9.70209
134040402700,21.9,0.03089232776029963,-0.001064650843716541,0.0,0.10791,-0.27468000000000004,9.751140000000001
134045453205,21.9,0.024504422698000388,0.005323254218582705,0.0,0.08829,-0.27468000000000004,9.81
134050503710,21.9,0.01918116847941768,0.008517206749732328,0.0,0.04905,-0.26487,9.81
134055554215,21.9,0.013840460968315033,0.013840460968315033,0.0,0.04905,-0.28449,9.819809999999999
134060604720,21.9,0.01064650843716541,0.011711159280881954,0.0,0.02943,-0.27468000000000004,9.79038
134065655225,21.9,0.012775810124598492,0.013840460968315033,0.0,-0.019620000000000002,-0.27468000000000004,9.770760000000001
134070705730,21.9,0.015987215948268057,0.007452555906015787,0.0,-0.019620000000000002,-0.27468000000000004,9.80019
134075756235,21.9,0.015987215948268057,0.002129301687433082,0.0,-0.02943,-0.28449,9.82962
134080806740,21.9,0.020245819323134222,-0.008517206749732328,0.0,-0.039240000000000004,-0.28449,9.84924
134085857245,21.9,0.00958185759344887,-0.011711159280881954,0.0,-0.009810000000000001,-0.33354000000000006,9.85905
134090907750,21.9,0.006387905062299246,-0.012775810124598492,0.0,0.009810000000000001,-0.32373,9.91791
134095958255,21.9,0.008517206749732328,-0.01064650843716541,0.0,0.05886,-0.34335000000000004,9.89829
134101008760,21.9,0.01064650843716541,-0.00958185759344887,0.0,0.07848000000000001,-0.36297,9.84924
134106059265,21.9,0.014905111812031574,-0.012775810124598492,0.0,0.08829,-0.35316,9.84924
134111109770,21.9,0.02769837522915001,-0.013840460968315033,0.0,0.12753,-0.35316,9.760950000000001
134116160275,21.9,0.028763026072866547,-0.011711159280881954,0.0,0.16677000000000003,-0.31392000000000003,9.751140000000001
134121210780,21.9,0.03408628029144926,0.0,0.0,0.17658,-0.30411,9.79038
134126261285,21.9,0.02769837522915001,0.007452555906015787,0.0,0.16677000000000003,-0.31392000000000003,9.819809999999999
134131311790,21.9,0.024504422698000388,0.01918116847941768,0.0,0.12753,-0.25506,9.85905
134136362295,21.9,0.023439771854283843,0.024504422698000388,0.0,0.04905,-0.25506,9.82962
134141412800,21.9,0.022375121010567305,0.022375121010567305,0.0,0.009810000000000001,-0.25506,9.79038
134146463305,21.9,0.02982767691658309,0.014905111812031574,0.0,0.0,-0.26487,9.73152
134151513810,21.9,0.03728023282259888,0.004258603374866164,0.0,-0.039240000000000004,-0.25506,9.7119
134156564315,21.9,0.031956978604016174,0.0,0.0,-0.039240000000000004,-0.22563,9.7119
134161614820,21.9,0.02769837522915001,0.0,0.0,-0.02943,-0.22563,9.751140000000001
134166665325,21.9,0.015987215948268057,0.003193952531149623,0.0,-0.019620000000000002,-0.22563,9.82962
134171715830,21.9,0.01064650843716541,0.0,0.0,-0.039240000000000004,-0.24525000000000002,9.819809999999999
134176766335,21.9,0.005323254218582705,-0.006387905062299246,0.0,-0.039240000000000004,-0.24525000000000002,9.80019
134181816840,21.9,0.012775810124598492,-0.014905111812031574,0.0,-0.009810000000000001,-0.2943,9.73152
134186867345,21.9,0.021310470166850764,-0.012775810124598492,0.0,0.02943,-0.26487,9.68247
134191917850,21.9,0.024504422698000388,-0.012775810124598492,0.0,0.04905,-0.2943,9.751140000000001
134196968355,21.9,0.020245819323134222,-0.004258603374866164,0.0,0.06867000000000001,-0.27468000000000004,9.74133
134202018860,21.9,0.007452555906015787,0.003193952531149623,0.0,0.05886,-0.28449,9.819809999999999
134207069365,21.9,0.0,0.011711159280881954,0.0,0.039240000000000004,-0.27468000000000004,9.86886
134212119870,21.9,0.003193952531149623,0.01064650843716541,0.0,0.019620000000000002,-0.30411,9.87867
134217170375,21.9,0.011711159280881954,0.00958185759344887,0.0,0.0,-0.2943,9.86886
134222220880,21.9,0.023439771854283843,0.003193952531149623,0.0,-0.009810000000000001,-0.32373,9.87867
134227271385,21.9,0.02769837522915001,0.0,0.0,0.0,-0.26487,9.82962
134232321890,21.9,0.02982767691658309,0.0,0.0,0.0,-0.28449,9.81
134237372395,21.9,0.022375121010567305,-0.001064650843716541,0.0,0.009810000000000001,-0.28449,9.79038
134242422900,21.9,0.01918116847941768,-0.001064650843716541,0.0,0.0,-0.26487,9.79038
134247473405,21.9,0.01064650843716541,0.002129301687433082,0.0,0.0,-0.2943,9.81
134252523910,21.9,0.021310470166850764,0.002129301687433082,0.0,0.0,-0.27468000000000004,9.84924
134257574415,21.9,0.02769837522915001,-0.003193952531149623,0.0,-0.019620000000000002,-0.26487,9.83943
134262624920,21.9,0.03728023282259888,-0.013840460968315033,0.0,0.02943,-0.24525000000000002,9.80019
134267675425,21.9,0.0404741853537485,-0.01918116847941768,0.0,0.07848000000000001,-0.26487,9.74133
134272725930,21.9,0.03515093113516579,-0.01811651763570114,0.0,0.13734000000000002,-0.22563,9.68247
134277776435,21.9,0.020245819323134222,-0.003193952531149623,0.0,0.12753,-0.22563,9.72171
134282826940,21.9,0.014905111812031574,0.005323254218582705,0.0,0.0981,-0.23544,9.72171
134287877445,21.9,0.011711159280881954,0.00958185759344887,0.0,0.06867000000000001,-0.24525000000000002,9.888480000000001
134292927950,21.9,0.01811651763570114,0.004258603374866164,0.0,0.02943,-0.21582,9.91791
134297978455,21.9,0.02556907354171693,-0.008517206749732328,0.0,0.039240000000000004,-0.25506,9.888480000000001
134303028960,21.9,0.02556907354171693,-0.013840460968315033,0.0,0.0981,-0.23544,9.86886
134308079465,21.9,0.021310470166850764,-0.006387905062299246,0.0,0.12753,-0.23544,9.81
134313129970,21.9,0.012775810124598492,0.004258603374866164,0.0,0.13734000000000002,-0.25506,9.79038
134318180475,21.9,0.005323254218582705,0.015987215948268057,0.0,0.0981,-0.2943,9.81
134323230980,21.9,0.008517206749732328,0.021310470166850764,0.0,0.06867000000000001,-0.28449,9.819809999999999
134328281485,21.9,0.012775810124598492,0.015987215948268057,0.0,0.02943,-0.25506,9.86886
134333331990,21.9,0.023439771854283843,0.005323254218582705,0.0,0.009810000000000001,-0.2943,9.83943
134338382495,21.9,0.03089232776029963,0.0,0.0,0.009810000000000001,-0.26487,9.86886
134343433000,21.9,0.03089232776029963,0.001064650843716541,0.0,0.0,-0.27468000000000004,9.82962
134348483505,21.9,0.02556907354171693,0.0,0.0,-0.009810000000000001,-0.27468000000000004,9.78057
134353534010,21.9,0.020245819323134222,0.002129301687433082,0.0,-0.019620000000000002,-0.24525000000000002,9.73152
134358584515,21.9,0.021310470166850764,0.001064650843716541,0.0,0.0,-0.28449,9.69228
134363635020,21.9,0.021310470166850764,-0.001064650843716541,0.0,0.0,-0.23544,9.770760000000001
134368685525,21.9,0.03621558197888234,-0.007452555906015787,0.0,0.0,-0.22563,9.81
134373736030,21.9,0.03621558197888234,-0.011711159280881954,0.0,0.019620000000000002,-0.23544,9.86886
134378786535,21.9,0.03621558197888234,-0.013840460968315033,0.0,0.06867000000000001,-0.21582,9.86886
134383837040,21.9,0.02663372438543347,-0.007452555906015787,0.0,0.08829,-0.21582,9.79038
134388887545,21.9,0.020245819323134222,-0.001064650843716541,0.0,0.10791,-0.1962,9.7119
134393938050,21.9,0.015987215948268057,0.01064650843716541,0.0,0.0981,-0.1962,9.66285
134398988555,21.9,0.024504422698000388,0.0170518667919846,0.0,0.04905,-0.15696000000000002,9.7119
134404039060,21.9,0.028763026072866547,0.012775810124598492,0.0,0.0,-0.15696000000000002,9.73152
134409089565,21.9,0.033021629447732716,0.00958185759344887,0.0,-0.009810000000000001,-0.20601000000000003,9.84924
134414140070,21.9,0.022375121010567305,0.006387905062299246,0.0,-0.04905,-0.18639,9.86886
134419190575,21.9,0.00958185759344887,0.003193952531149623,0.0,-0.039240000000000004,-0.20601000000000003,9.84924
134424241080,21.9,0.002129301687433082,0.003193952531149623,0.0,-0.05886,-0.22563,9.770760000000001
134429291585,21.9,0.005323254218582705,-0.001064650843716541,0.0,-0.04905,-0.25506,9.770760000000001
134434342090,21.9,0.011711159280881954,-0.007452555906015787,0.0,-0.039240000000000004,-0.23544,9.80019
134439392595,21.9,0.024504422698000388,-0.01918116847941768,0.0,0.0,-0.25506,9.81
134444443100,21.9,0.024504422698000388,-0.022375121010567305,0.0,0.04905,-0.24525000000000002,9.87867
134449493605,21.9,0.022375121010567305,-0.022375121010567305,0.0,0.06867000000000001,-0.26487,9.87867
134454544110,21.9,0.011711159280881954,-0.015987215948268057,0.0,0.11772,-0.26487,9.85905
134459594615,21.9,0.011711159280881954,-0.007452555906015787,0.0,0.14715,-0.26487,9.81
134464645120,21.9,0.0170518667919846,0.0,0.0,0.13734000000000002,-0.27468000000000004,9.78057
134469695625,21.9,0.02769837522915001,0.007452555906015787,0.0,0.13734000000000002,-0.21582,9.79038
134474746130,21.9,0.0404741853537485,0.008517206749732328,0.0,0.0981,-0.18639,9.770760000000001
134479796635,21.9,0.04581489286485115,0.00958185759344887,0.0,0.10791,-0.21582,9.760950000000001
134484847140,21.9,0.033021629447732716,0.014905111812031574,0.0,0.06867000000000001,-0.17658,9.751140000000001
134489897645,21.9,0.020245819323134222,0.015987215948268057,0.0,0.04905,-0.17658,9.73152
134494948150,21.9,0.01918116847941768,0.0170518667919846,0.0,-0.009810000000000001,-0.18639,9.770760000000001
134499998655,21.9,0.022375121010567305,0.007452555906015787,0.0,-0.039240000000000004,-0.17658,9.82962
134505049160,21.9,0.03089232776029963,-0.007452555906015787,0.0,-0.039240000000000004,-0.16677000000000003,9.87867
134510099665,21.9,0.03408628029144926,-0.014905111812031574,0.0,-0.019620000000000002,-0.15696000000000002,9.87867
134515150170,21.9,0.02663372438543347,-0.0170518667919846,0.0,0.039240000000000004,-0.1962,9.84924
134520200675,21.9,0.0170518667919846,-0.00958185759344887,0.0,0.05886,-0.18639,9.81
134525251180,21.9,0.002129301687433082,0.0,0.0,0.06867000000000001,-0.1962,9.78057
134530301685,21.9,0.006387905062299246,0.012775810124598492,0.0,0.039240000000000004,-0.24525000000000002,9.79038
134535352190,21.9,0.008517206749732328,0.013840460968315033,0.0,0.02943,-0.20601000000000003,9.86886
134540402695,21.9,0.021310470166850764,0.006387905062299246,0.0,0.019620000000000002,-0.23544,9.908100000000001
134545453200,21.9,0.02769837522915001,-0.001064650843716541,0.0,-0.02943,-0.24525000000000002,9.908100000000001
134550503705,21.9,0.02663372438543347,-0.004258603374866164,0.0,0.009810000000000001,-0.25506,9.83943
134555554210,21.9,0.01918116847941768,-0.008517206749732328,0.0,0.039240000000000004,-0.23544,9.751140000000001
134560604715,21.9,0.015987215948268057,-0.001064650843716541,0.0,0.02943,-0.23544,9.70209
134565655220,21.9,0.022375121010567305,0.004258603374866164,0.0,0.02943,-0.21582,9.73152
134570705725,21.9,0.031956978604016174,-0.001064650843716541,0.0,0.02943,-0.20601000000000003,9.760950000000001
134575756230,21.9,0.039409534510031964,-0.01064650843716541,0.0,0.039240000000000004,-0.1962,9.819809999999999
134580806735,21.9,0.04260348704118158,-0.012775810124598492,0.0,0.06867000000000001,-0.17658,9.81
134585857240,21.9,0.03834488366631542,-0.003193952531149623,0.0,0.08829,-0.16677000000000003,9.80019
134590907745,21.9,0.028763026072866547,0.007452555906015787,0.0,0.06867000000000001,-0.17658,9.73152
134595958250,21.9,0.021310470166850764,0.020245819323134222,0.0,0.039240000000000004,-0.11772,9.65304
134601008755,21.9,0.023439771854283843,0.020245819323134222,0.0,0.0,-0.11772,9.68247
134606059260,21.9,0.02769837522915001,0.00958185759344887,0.0,-0.019620000000000002,-0.10791,9.73152
134611109765,21.9,0.03621558197888234,-0.001064650843716541,0.0,-0.04905,-0.12753,9.770760000000001
134616160270,21.9,0.02982767691658309,-0.008517206749732328,0.0,-0.009810000000000001,-0.14715,9.87867
134621210775,21.9,0.021310470166850764,-0.004258603374866164,0.0,-0.04905,-0.12753,9.87867
134626261280,21.9,0.01064650843716541,0.0,0.0,-0.02943,-0.15696000000000002,9.81
134631311785,21.9,0.002129301687433082,0.0,0.0,0.009810000000000001,-0.16677000000000003,9.760950000000001
134636362290,21.9,0.005323254218582705,-0.011711159280881954,0.0,0.009810000000000001,-0.18639,9.74133
134641412795,21.9,0.012775810124598492,-0.022375121010567305,0.0,0.04905,-0.1962,9.78057
134646463300,21.9,0.022375121010567305,-0.024504422698000388,0.0,0.07848000000000001,-0.1962,9.81
134651513805,21.9,0.023439771854283843,-0.014905111812031574,0.0,0.14715,-0.21582,9.87867
134656564310,21.9,0.015987215948268057,-0.001064650843716541,0.0,0.13734000000000002,-0.22563,9.85905
134661614815,21.9,0.007452555906015787,0.006387905062299246,0.0,0.11772,-0.22563,9.81
134666665320,21.9,0.008517206749732328,0.006387905062299246,0.0,0.0981,-0.20601000000000003,9.7119
134671715825,21.9,0.01918116847941768,0.005323254218582705,0.0,0.0981,-0.21582,9.73152
134676766330,21.9,0.03834488366631542,0.001064650843716541,0.0,0.0981,-0.20601000000000003,9.74133
134681816835,21.9,0.046879543708567686,0.002129301687433082,0.0,0.07848000000000001,-0.16677000000000003,9.83943
134686867340,21.9,0.04260348704118158,0.001064650843716541,0.0,0.06867000000000001,-0.16677000000000003,9.83943
134691917845,21.9,0.02556907354171693,0.006387905062299246,0.0,0.04905,-0.15696000000000002,9.819809999999999
134696968350,21.9,0.012775810124598492,0.005323254218582705,0.0,0.04905,-0.15696000000000002,9.79038
134702018855,21.9,0.01811651763570114,0.003193952531149623,0.0,0.019620000000000002,-0.11772,9.770760000000001
134707069360,21.9,0.022375121010567305,-0.004258603374866164,0.0,0.05886,-0.13734000000000002,9.819809999999999
134712119865,21.9,0.03728023282259888,-0.00958185759344887,0.0,0.06867000000000001,-0.11772,9.87867
134717170370,21.9,0.03834488366631542,-0.004258603374866164,0.0,0.07848000000000001,-0.14715,9.92772
134722220875,21.9,0.024504422698000388,0.008517206749732328,0.0,0.05886,-0.16677000000000003,9.87867
134727271380,21.9,0.007452555906015787,0.020245819323134222,0.0,0.019620000000000002,-0.16677000000000003,9.819809999999999
134732321885,21.9,0.001064650843716541,0.024504422698000388,0.0,-0.019620000000000002,-0.1962,9.73152
134737372390,21.9,0.002129301687433082,0.013840460968315033,0.0,-0.05886,-0.18639,9.79038
134742422895,21.9,0.021310470166850764,0.002129301687433082,0.0,-0.04905,-0.17658,9.83943
134747473400,21.9,0.03728023282259888,-0.00958185759344887,0.0,-0.06867000000000001,-0.20601000000000003,9.888480000000001
134752523905,21.9,0.03621558197888234,-0.011711159280881954,0.0,-0.02943,-0.1962,9.92772
134757574410,21.9,0.02556907354171693,-0.006387905062299246,0.0,0.0,-0.18639,9.819809999999999
134762624915,21.9,0.0170518667919846,-0.001064650843716541,0.0,0.009810000000000001,-0.17658,9.70209
134767675420,21.9,0.01064650843716541,0.003193952531149623,0.0,0.019620000000000002,-0.18639,9.65304
134772725925,21.9,0.023439771854283843,-0.003193952531149623,0.0,0.019620000000000002,-0.14715,9.66285
134777776430,21.9,0.03728023282259888,-0.01064650843716541,0.0,0.02943,-0.14715,9.751140000000001
134782826935,21.9,0.04581489286485115,-0.013840460968315033,0.0,0.039240000000000004,-0.13734000000000002,9.84924
134787877440,21.9,0.04260348704118158,-0.012775810124598492,0.0,0.07848000000000001,-0.10791,9.82962
134792927945,21.9,0.02663372438543347,-0.002129301687433082,0.0,0.08829,-0.12753,9.78057
134797978450,21.9,0.022375121010567305,0.004258603374866164,0.0,0.0981,-0.11772,9.65304
134803028955,21.9,0.014905111812031574,0.014905111812031574,0.0,0.04905,-0.08829,9.64323
134808079460,21.9,0.02663372438543347,0.013840460968315033,0.0,0.019620000000000002,-0.0981,9.66285
134813129965,21.9,0.03408628029144926,0.004258603374866164,0.0,0.009810000000000001,-0.07848000000000001,9.81
134818180470,21.9,0.03089232776029963,0.002129301687433082,0.0,-0.009810000000000001,-0.08829,9.83943
134823230975,21.9,0.022375121010567305,0.005323254218582705,0.0,0.009810000000000001,-0.10791,9.86886
134828281480,21.9,0.00958185759344887,0.006387905062299246,0.0,-0.019620000000000002,-0.07848000000000001,9.819809999999999
134833331985,21.9,0.001064650843716541,0.004258603374866164,0.0,-0.039240000000000004,-0.12753,9.79038
134838382490,21.9,0.006387905062299246,0.0,0.0,-0.04905,-0.13734000000000002,9.78057
134843432995,21.9,0.013840460968315033,-0.013840460968315033,0.0,-0.009810000000000001,-0.14715,9.81
134848483500,21.9,0.022375121010567305,-0.0170518667919846,0.0,0.0,-0.18639,9.83943
134853534005,21.9,0.023439771854283843,-0.020245819323134222,0.0,0.039240000000000004,-0.17658,9.819809999999999
134858584510,21.9,0.01918116847941768,-0.0170518667919846,0.0,0.08829,-0.17658,9.819809999999999
134863635015,21.9,0.01064650843716541,-0.013840460968315033,0.0,0.13734000000000002,-0.17658,9.78057
134868685520,21.9,0.013840460968315033,-0.012775810124598492,0.0,0.15696000000000002,-0.16677000000000003,9.79038
134873736025,21.9,0.02556907354171693,-0.008517206749732328,0.0,0.18639,-0.13734000000000002,9.770760000000001
134878786530,21.9,0.03728023282259888,-0.005323254218582705,0.0,0.1962,-0.15696000000000002,9.81
134883837035,21.9,0.039409534510031964,0.001064650843716541,0.0,0.20601000000000003,-0.13734000000000002,9.81
134888887540,21.9,0.03515093113516579,0.013840460968315033,0.0,0.16677000000000003,-0.10791,9.80019
134893938045,21.9,0.02663372438543347,0.02556907354171693,0.0,0.10791,-0.10791,9.78057
134898988550,21.9,0.021310470166850764,0.03089232776029963,0.0,0.04905,-0.08829,9.751140000000001
134904039055,21.9,0.021310470166850764,0.02663372438543347,0.0,-0.039240000000000004,-0.08829,9.819809999999999
134909089560,21.9,0.02769837522915001,0.013840460968315033,0.0,-0.04905,-0.0981,9.86886
134914140065,21.9,0.031956978604016174,0.001064650843716541,0.0,-0.06867000000000001,-0.08829,9.937529999999999
134919190570,21.9,0.02769837522915001,0.0,0.0,-0.08829,-0.0981,9.89829
134924241075,21.9,0.020245819323134222,0.005323254218582705,0.0,-0.07848000000000001,-0.0981,9.82962
134929291580,21.9,0.007452555906015787,0.00958185759344887,0.0,-0.08829,-0.14715,9.751140000000001
134934342085,21.9,0.006387905062299246,-0.003193952531149623,0.0,-0.07848000000000001,-0.12753,9.73152
134939392590,21.9,0.013840460968315033,-0.01811651763570114,0.0,-0.05886,-0.12753,9.74133
134944443095,21.9,0.024504422698000388,-0.033021629447732716,0.0,0.019620000000000002,-0.0981,9.819809999999999
134949493600,21.9,0.03089232776029963,-0.03621558197888234,0.0,0.06867000000000001,-0.13734000000000002,9.86886
134954544105,21.9,0.028763026072866547,-0.020245819323134222,0.0,0.12753,-0.14715,9.86886
134959594610,21.9,0.021310470166850764,-0.003193952531149623,0.0,0.16677000000000003,-0.11772,9.819809999999999
134964645115,21.9,0.01811651763570114,0.007452555906015787,0.0,0.14715,-0.11772,9.7119
134969695620,21.9,0.021310470166850764,0.011711159280881954,0.0,0.12753,-0.07848000000000001,9.67266
134974746125,21.9,0.031956978604016174,0.01064650843716541,0.0,0.0981,-0.08829,9.68247
134979796630,21.9,0.0404741853537485,0.011711159280881954,0.0,0.08829,-0.08829,9.760950000000001
134984847135,21.9,0.03834488366631542,0.01811651763570114,0.0,0.04905,-0.08829,9.819809999999999
134989897640,21.9,0.02982767691658309,0.022375121010567305,0.0,-0.009810000000000001,-0.06867000000000001,9.86886
134994948145,21.9,0.023439771854283843,0.022375121010567305,0.0,-0.039240000000000004,-0.06867000000000001,9.79038
134999998650,21.9,0.0170518667919846,0.014905111812031574,0.0,-0.10791,-0.04905,9.72171
135005049155,21.9,0.022375121010567305,0.005323254218582705,0.0,-0.11772,-0.04905,9.68247
135010099660,21.9,0.02982767691658309,-0.008517206749732328,0.0,-0.06867000000000001,-0.019620000000000002,9.70209
135015150165,21.9,0.033021629447732716,-0.015987215948268057,0.0,-0.05886,-0.05886,9.73152
135020200670,21.9,0.021310470166850764,-0.01811651763570114,0.0,-0.02943,-0.07848000000000001,9.81
135025251175,21.9,0.012775810124598492,-0.0170518667919846,0.0,0.019620000000000002,-0.05886,9.84924
135030301680,21.9,0.007452555906015787,-0.01918116847941768,0.0,0.02943,-0.08829,9.87867
135035352185,21.9,0.007452555906015787,-0.01918116847941768,0.0,0.06867000000000001,-0.10791,9.84924
135040402690,21.9,0.00958185759344887,-0.0170518667919846,0.0,0.15696000000000002,-0.0981,9.82962
135045453195,21.9,0.01918116847941768,-0.012775810124598492,0.0,0.14715,-0.12753,9.819809999999999
135050503700,21.9,0.020245819323134222,-0.001064650843716541,0.0,0.17658,-0.12753,9.81
135055554205,21.9,0.015987215948268057,0.01064650843716541,0.0,0.15696000000000002,-0.12753,9.79038
135060604710,21.9,0.00958185759344887,0.01918116847941768,0.0,0.14715,-0.10791,9.79038
135065655215,21.9,0.014905111812031574,0.021310470166850764,0.0,0.10791,-0.10791,9.770760000000001
135070705720,21.9,0.02556907354171693,0.014905111812031574,0.0,0.07848000000000001,-0.12753,9.80019
135075756225,21.9,0.033021629447732716,0.008517206749732328,0.0,0.039240000000000004,-0.08829,9.81
135080806730,21.9,0.033021629447732716,0.002129301687433082,0.0,0.019620000000000002,-0.08829,9.819809999999999
135085857235,21.9,0.03408628029144926,0.002129301687433082,0.0,0.0,-0.04905,9.79038
135090907740,21.9,0.02663372438543347,0.003193952531149623,0.0,0.019620000000000002,-0.06867000000000001,9.760950000000001
135095958245,21.9,0.023439771854283843,0.003193952531149623,0.0,0.0,-0.05886,9.74133
135101008750,21.9,0.01811651763570114,0.005323254218582705,0.0,0.0,-0.039240000000000004,9.751140000000001
135106059255,21.9,0.02769837522915001,-0.002129301687433082,0.0,-0.019620000000000002,-0.039240000000000004,9.82962
135111109760,21.9,0.028763026072866547,-0.01064650843716541,0.0,0.0,-0.039240000000000004,9.91791
135116160265,21.9,0.02769837522915001,-0.01811651763570114,0.0,0.0,-0.05886,9.937529999999999
135121210770,21.9,0.020245819323134222,-0.015987215948268057,0.0,0.05886,-0.05886,9.87867
135126261275,21.9,0.00958185759344887,-0.004258603374866164,0.0,0.10791,-0.0981,9.78057
135131311780,21.9,0.007452555906015787,0.004258603374866164,0.0,0.08829,-0.08829,9.74133
135136362285,21.9,0.014905111812031574,0.01064650843716541,0.0,0.05886,-0.07848000000000001,9.760950000000001
135141412790,21.9,0.020245819323134222,0.011711159280881954,0.0,0.04905,-0.08829,9.83943
135146463295,21.9,0.02982767691658309,0.004258603374866164,0.0,0.009810000000000001,-0.05886,9.86886
135151513800,21.9,0.022375121010567305,-0.003193952531149623,0.0,0.0,-0.08829,9.87867
135156564305,21.9,0.024504422698000388,-0.001064650843716541,0.0,0.04905,-0.10791,9.81
135161614810,21.9,0.015987215948268057,-0.001064650843716541,0.0,0.039240000000000004,-0.0981,9.751140000000001
135166665315,21.9,0.01918116847941768,0.003193952531149623,0.0,0.019620000000000002,-0.07848000000000001,9.7119
135171715820,21.9,0.02982767691658309,0.001064650843716541,0.0,0.02943,-0.06867000000000001,9.74133
135176766325,21.9,0.03728023282259888,0.001064650843716541,0.0,0.02943,-0.04905,9.78057
135181816830,21.9,0.03728023282259888,-0.001064650843716541,0.0,0.039240000000000004,-0.04905,9.770760000000001
135186867335,21.9,0.03089232776029963,0.0,0.0,0.0,-0.039240000000000004,9.78057
135191917840,21.9,0.015987215948268057,0.003193952531149623,0.0,0.0,-0.019620000000000002,9.760950000000001
135196968345,21.9,0.015987215948268057,0.006387905062299246,0.0,0.0,-0.009810000000000001,9.7119
135202018850,21.9,0.01811651763570114,0.002129301687433082,0.0,-0.009810000000000001,-0.009810000000000001,9.72171
135207069355,21.9,0.02982767691658309,-0.003193952531149623,0.0,0.019620000000000002,-0.009810000000000001,9.751140000000001
135212119860,21.9,0.03408628029144926,-0.006387905062299246,0.0,-0.009810000000000001,0.0,9.79038
135217170365,21.9,0.028763026072866547,-0.003193952531149623,0.0,0.009810000000000001,0.0,9.81
135222220870,21.9,0.013840460968315033,0.005323254218582705,0.0,0.009810000000000001,-0.02943,9.79038
135227271375,21.9,0.004258603374866164,0.008517206749732328,0.0,-0.009810000000000001,-0.04905,9.770760000000001
135232321880,21.9,-0.002129301687433082,0.003193952531149623,0.0,0.0,-0.04905,9.78057
135237372385,21.9,0.006387905062299246,-0.01064650843716541,0.0,0.0,-0.0981,9.81
135242422890,21.9,0.023439771854283843,-0.021310470166850764,0.0,0.039240000000000004,-0.06867000000000001,9.87867
135247473395,21.9,0.03089232776029963,-0.01811651763570114,0.0,0.0981,-0.06867000000000001,9.91791
135252523900,21.9,0.02769837522915001,-0.012775810124598492,0.0,0.11772,-0.06867000000000001,9.87867
135257574405,21.9,0.012775810124598492,0.005323254218582705,0.0,0.10791,-0.0981,9.82962
135262624910,21.9,0.003193952531149623,0.015987215948268057,0.0,0.06867000000000001,-0.0981,9.74133
135267675415,21.9,0.004258603374866164,0.0170518667919846,0.0,0.05886,-0.07848000000000001,9.67266
135272725920,21.9,0.020245819323134222,0.006387905062299246,0.0,0.039240000000000004,-0.05886,9.70209
135277776425,21.9,0.03728023282259888,0.0,0.0,0.02943,-0.02943,9.79038
135282826930,21.9,0.05113814708343386,-0.006387905062299246,0.0,0.039240000000000004,-0.019620000000000002,9.89829
135287877435,21.9,0.03728023282259888,0.002129301687433082,0.0,0.02943,0.0,9.87867
135292927940,21.9,0.02556907354171693,0.007452555906015787,0.0,0.0,-0.009810000000000001,9.81
135297978445,21.9,0.007452555906015787,0.014905111812031574,0.0,0.019620000000000002,-0.009810000000000001,9.69228
135303028950,21.9,0.005323254218582705,0.00958185759344887,0.0,-0.019620000000000002,0.0,9.66285
135308079455,21.9,0.020245819323134222,-0.008517206749732328,0.0,-0.009810000000000001,0.0,9.70209
135313129960,21.9,0.03089232776029963,-0.02556907354171693,0.0,0.039240000000000004,0.019620000000000002,9.819809999999999
135318180465,21.9,0.04153883619746504,-0.03408628029144926,0.0,0.07848000000000001,0.02943,9.97677
135323230970,21.9,0.02769837522915001,-0.023439771854283843,0.0,0.13734000000000002,-0.019620000000000002,9.96696
135328281475,21.9,0.011711159280881954,-0.004258603374866164,0.0,0.17658,-0.02943,9.89829
135333331980,21.9,-0.003193952531149623,0.024504422698000388,0.0,0.15696000000000002,-0.05886,9.80019
135338382485,21.9,-0.005323254218582705,0.03408628029144926,0.0,0.0981,-0.039240000000000004,9.7119
135343432990,21.9,0.005323254218582705,0.033021629447732716,0.0,0.009810000000000001,-0.06867000000000001,9.73152
135348483495,21.9,0.023439771854283843,0.0170518667919846,0.0,-0.019620000000000002,-0.04905,9.79038
135353534000,21.9,0.039409534510031964,0.0,0.0,-0.019620000000000002,-0.039240000000000004,9.84924
135358584505,21.9,0.03408628029144926,-0.01064650843716541,0.0,-0.019620000000000002,-0.04905,9.86886
135363635010,21.9,0.021310470166850764,-0.00958185759344887,0.0,-0.009810000000000001,-0.039240000000000004,9.84924
135368685515,21.9,0.011711159280881954,0.001064650843716541,0.0,0.0,-0.05886,9.80019
135373736020,21.9,0.01064650843716541,0.008517206749732328,0.0,0.019620000000000002,-0.04905,9.751140000000001
135378786525,21.9,0.023439771854283843,0.005323254218582705,0.0,-0.009810000000000001,-0.02943,9.751140000000001
135383837030,21.9,0.039409534510031964,-0.002129301687433082,0.0,-0.019620000000000002,0.0,9.72171
135388887535,21.9,0.044732788728614664,-0.015987215948268057,0.0,0.0,-0.009810000000000001,9.72171
135393938040,21.9,0.039409534510031964,-0.02556907354171693,0.0,0.039240000000000004,0.02943,9.760950000000001
135398988545,21.9,0.022375121010567305,-0.023439771854283843,0.0,0.08829,0.019620000000000002,9.770760000000001
135404039050,21.9,0.00958185759344887,-0.013840460968315033,0.0,0.13734000000000002,0.009810000000000001,9.79038
135409089555,21.9,0.005323254218582705,-0.001064650843716541,0.0,0.12753,0.0,9.81
135414140060,21.9,0.01811651763570114,0.005323254218582705,0.0,0.11772,0.009810000000000001,9.819809999999999
135419190565,21.9,0.02556907354171693,0.012775810124598492,0.0,0.10791,0.019620000000000002,9.770760000000001
135424241070,21.9,0.028763026072866547,0.021310470166850764,0.0,0.05886,0.02943,9.74133
135429291575,21.9,0.022375121010567305,0.02982767691658309,0.0,0.02943,0.009810000000000001,9.67266
135434342080,21.9,0.008517206749732328,0.03515093113516579,0.0,-0.04905,0.019620000000000002,9.67266
135439392585,21.9,0.0,0.024504422698000388,0.0,-0.11772,0.0,9.78057
135444443090,21.9,0.002129301687433082,0.001064650843716541,0.0,-0.15696000000000002,-0.009810000000000001,9.86886
135449493595,21.9,0.007452555906015787,-0.021310470166850764,0.0,-0.13734000000000002,-0.019620000000000002,9.937529999999999
135454544100,21.9,0.020245819323134222,-0.03728023282259888,0.0,-0.039240000000000004,-0.02943,9.96696
135459594605,21.9,0.02982767691658309,-0.03834488366631542,0.0,0.02943,-0.019620000000000002,9.91791
135464645110,21.9,0.028763026072866547,-0.02769837522915001,0.0,0.07848000000000001,-0.02943,9.760950000000001
135469695615,21.9,0.015987215948268057,-0.00958185759344887,0.0,0.13734000000000002,-0.009810000000000001,9.68247
135474746120,21.9,0.007452555906015787,0.003193952531149623,0.0,0.14715,-0.039240000000000004,9.66285
135479796625,21.9,0.008517206749732328,0.00958185759344887,0.0,0.11772,-0.019620000000000002,9.770760000000001
135484847130,21.9,0.015987215948268057,0.00958185759344887,0.0,0.0981,-0.019620000000000002,9.86886
135489897635,21.9,0.02769837522915001,0.008517206749732328,0.0,0.05886,0.0,9.937529999999999
135494948140,21.9,0.031956978604016174,0.001064650843716541,-0.005323254218582705,0.039240000000000004,0.019620000000000002,9.91791
135499998645,21.9,0.028763026072866547,-0.003193952531149623,0.0,0.05886,0.019620000000000002,9.81
135505049150,21.9,0.031956978604016174,0.0,0.001064650843716541,0.08829,0.02943,9.66285
135510099655,21.9,0.021310470166850764,0.008517206749732328,0.0,0.04905,0.06867000000000001,9.57456
135515150160,21.9,0.01918116847941768,0.01918116847941768,-0.002129301687433082,0.02943,0.04905,9.60399
135520200665,21.9,0.01918116847941768,0.014905111812031574,0.0,-0.009810000000000001,0.05886,9.751140000000001
135525251170,21.9,0.01811651763570114,0.00958185759344887,0.0,-0.05886,0.039240000000000004,9.92772
135530301675,21.9,0.012775810124598492,-0.001064650843716541,-0.001064650843716541,-0.05886,0.039240000000000004,9.98658
135535352180,21.9,0.011711159280881954,-0.0170518667919846,-0.001064650843716541,-0.02943,0.019620000000000002,9.94734
135540402685,21.9,0.008517206749732328,-0.02556907354171693,0.0,0.0,0.0,9.85905
135545453190,21.9,0.01064650843716541,-0.02556907354171693,-0.001064650843716541,0.10791,0.009810000000000001,9.751140000000001
135550503695,21.9,0.014905111812031574,-0.015987215948268057,0.0,0.16677000000000003,0.0,9.69228
135555554200,21.9,0.015987215948268057,-0.001064650843716541,0.0,0.15696000000000002,0.0,9.79038
135560604705,21.9,0.01064650843716541,0.01811651763570114,0.0,0.11772,-0.019620000000000002,9.86886
135565655210,21.9,0.005323254218582705,0.02663372438543347,-0.001064650843716541,0.02943,-0.039240000000000004,9.94734
135570705715,21.9,0.006387905062299246,0.024504422698000388,0.0,0.0,-0.06867000000000001,9.92772
135575756220,21.9,0.013840460968315033,0.013840460968315033,0.0,-0.07848000000000001,-0.02943,9.83943
135580806725,21.9,0.024504422698000388,0.0,0.001064650843716541,-0.039240000000000004,-0.019620000000000002,9.79038
135585857230,21.9,0.031956978604016174,-0.012775810124598492,0.0,-0.009810000000000001,0.009810000000000001,9.72171
135590907735,21.9,0.03728023282259888,-0.01811651763570114,0.0,0.04905,0.02943,9.66285
135595958240,21.9,0.03621558197888234,-0.020245819323134222,0.0,0.13734000000000002,0.039240000000000004,9.7119
135601008745,21.9,0.028763026072866547,-0.011711159280881954,0.0,0.0981,0.039240000000000004,9.72171
135606059250,21.9,0.01811651763570114,-0.002129301687433082,-0.002129301687433082,0.12753,0.04905,9.751140000000001
135611109755,21.9,0.020245819323134222,0.003193952531149623,-0.001064650843716541,0.11772,0.05886,9.819809999999999
135616160260,21.9,0.023439771854283843,0.012775810124598492,0.001064650843716541,0.06867000000000001,0.08829,9.79038
135621210765,21.9,0.028763026072866547,0.011711159280881954,-0.002129301687433082,0.04905,0.06867000000000001,9.770760000000001
135626261270,21.9,0.028763026072866547,0.00958185759344887,-0.002129301687433082,0.039240000000000004,0.07848000000000001,9.70209
135631311775,21.9,0.023439771854283843,0.007452555906015787,0.0,0.019620000000000002,0.07848000000000001,9.67266
135636362280,21.9,0.01064650843716541,0.008517206749732328,0.0,0.0,0.06867000000000001,9.65304
135641412785,21.9,0.002129301687433082,0.011711159280881954,0.0,-0.009810000000000001,0.019620000000000002,9.751140000000001
135646463290,21.9,0.001064650843716541,0.004258603374866164,0.0,-0.02943,0.019620000000000002,9.86886
135651513795,21.9,0.007452555906015787,-0.008517206749732328,0.0,-0.02943,0.019620000000000002,9.91791
135656564300,21.9,0.01064650843716541,-0.0170518667919846,-0.003193952531149623,-0.009810000000000001,0.0,9.908100000000001
135661614805,21.9,0.022375121010567305,-0.0170518667919846,0.0,0.039240000000000004,0.02943,9.770760000000001
135666665310,21.9,0.01918116847941768,-0.006387905062299246,0.0,0.06867000000000001,0.02943,9.66285
135671715815,21.9,0.013840460968315033,0.011711159280881954,0.0,0.07848000000000001,0.019620000000000002,9.64323
135676766320,21.9,0.006387905062299246,0.01811651763570114,0.0,0.009810000000000001,0.019620000000000002,9.7119
135681816825,21.9,0.006387905062299246,0.020245819323134222,0.0,-0.009810000000000001,0.0,9.86886
135686867330,21.9,0.00958185759344887,0.00958185759344887,-0.002129301687433082,-0.05886,0.0,9.98658
135691917835,21.9,0.0170518667919846,-0.005323254218582705,-0.002129301687433082,-0.0981,0.0,10.01601
135696968340,21.9,0.022375121010567305,-0.01918116847941768,0.0,-0.039240000000000004,0.0,10.006200000000002
135702018845,21.9,0.020245819323134222,-0.024504422698000388,-0.003193952531149623,0.02943,0.019620000000000002,9.84924
135707069350,21.9,0.024504422698000388,-0.024504422698000388,0.0,0.12753,0.019620000000000002,9.70209
135712119855,21.9,0.022375121010567305,-0.020245819323134222,0.0,0.17658,0.019620000000000002,9.633420000000001
